# Forces     
# CofR       : (5.000000e-01 0.000000e+00 0.000000e+00)
# Time       forces(pressure viscous porous)	moments(pressure viscous porous)
1            	((-5.991210e-03 -4.845929e-02 1.898426e-21) (5.300665e-05 -3.237393e-06 7.080766e-22) (0.000000e+00 0.000000e+00 0.000000e+00)) ((-6.881939e-23 7.547676e-22 1.983948e-02) (-1.435230e-23 1.691100e-22 2.557700e-06) (0.000000e+00 0.000000e+00 0.000000e+00))
2            	((-1.760353e-03 -1.697930e-02 6.238870e-22) (4.793742e-05 6.149862e-07 -1.750668e-22) (0.000000e+00 0.000000e+00 0.000000e+00)) ((-2.654393e-23 2.855324e-22 6.756920e-03) (3.387964e-24 -4.008496e-23 9.625937e-07) (0.000000e+00 0.000000e+00 0.000000e+00))
3            	((-4.187961e-04 -7.229154e-03 3.830244e-22) (4.172182e-05 3.095204e-06 -7.354130e-23) (0.000000e+00 0.000000e+00 0.000000e+00)) ((-1.646089e-23 1.768699e-22 2.700192e-03) (1.466071e-24 -1.756634e-23 -2.871302e-07) (0.000000e+00 0.000000e+00 0.000000e+00))
4            	((-9.166303e-05 -5.003312e-03 3.242985e-22) (3.681177e-05 2.574685e-06 -1.071230e-23) (0.000000e+00 0.000000e+00 0.000000e+00)) ((-1.364700e-23 1.469829e-22 1.797415e-03) (2.066506e-25 -2.434360e-24 -2.309096e-07) (0.000000e+00 0.000000e+00 0.000000e+00))
5            	((-2.935887e-05 -4.410548e-03 3.131103e-22) (3.308308e-05 2.227552e-06 6.195563e-24) (0.000000e+00 0.000000e+00 0.000000e+00)) ((-1.257090e-23 1.361343e-22 1.581392e-03) (-1.290495e-25 1.552152e-24 -2.161441e-07) (0.000000e+00 0.000000e+00 0.000000e+00))
6            	((-5.276858e-05 -4.502831e-03 2.620568e-22) (3.022418e-05 1.962813e-06 1.237036e-23) (0.000000e+00 0.000000e+00 0.000000e+00)) ((-1.121944e-23 1.206025e-22 1.643609e-03) (-2.728319e-25 3.199063e-24 -1.970349e-07) (0.000000e+00 0.000000e+00 0.000000e+00))
7            	((-1.001034e-04 -4.563349e-03 2.513250e-22) (2.788912e-05 1.796866e-06 1.262860e-23) (0.000000e+00 0.000000e+00 0.000000e+00)) ((-1.065654e-23 1.146762e-22 1.692656e-03) (-2.661829e-25 3.143050e-24 -1.953904e-07) (0.000000e+00 0.000000e+00 0.000000e+00))
8            	((-1.174443e-04 -4.573441e-03 2.547155e-22) (2.621668e-05 1.668724e-06 1.795771e-23) (0.000000e+00 0.000000e+00 0.000000e+00)) ((-1.068865e-23 1.151575e-22 1.698854e-03) (-3.749603e-25 4.458442e-24 -1.938285e-07) (0.000000e+00 0.000000e+00 0.000000e+00))
9            	((-1.192126e-04 -4.520103e-03 2.533401e-22) (2.476088e-05 1.545858e-06 1.693935e-23) (0.000000e+00 0.000000e+00 0.000000e+00)) ((-1.066492e-23 1.148601e-22 1.674321e-03) (-3.562943e-25 4.220866e-24 -1.833310e-07) (0.000000e+00 0.000000e+00 0.000000e+00))
10           	((-8.615360e-05 -4.295960e-03 2.398782e-22) (2.320541e-05 1.439423e-06 1.604682e-23) (0.000000e+00 0.000000e+00 0.000000e+00)) ((-1.039119e-23 1.115532e-22 1.573118e-03) (-3.420749e-25 4.073896e-24 -1.800759e-07) (0.000000e+00 0.000000e+00 0.000000e+00))
11           	((-1.969108e-05 -3.790439e-03 2.408452e-22) (2.128699e-05 1.357412e-06 1.110867e-23) (0.000000e+00 0.000000e+00 0.000000e+00)) ((-1.013979e-23 1.092034e-22 1.359729e-03) (-2.336520e-25 2.815449e-24 -1.945816e-07) (0.000000e+00 0.000000e+00 0.000000e+00))
12           	((-1.366403e-05 -3.663047e-03 2.530535e-22) (1.985010e-05 1.271590e-06 1.429303e-23) (0.000000e+00 0.000000e+00 0.000000e+00)) ((-1.031160e-23 1.114727e-22 1.304781e-03) (-2.966769e-25 3.543583e-24 -1.977291e-07) (0.000000e+00 0.000000e+00 0.000000e+00))
13           	((-4.594269e-06 -3.661138e-03 2.364817e-22) (1.865116e-05 1.196508e-06 1.670473e-23) (0.000000e+00 0.000000e+00 0.000000e+00)) ((-1.012622e-23 1.088489e-22 1.293785e-03) (-3.576769e-25 4.230795e-24 -2.012895e-07) (0.000000e+00 0.000000e+00 0.000000e+00))
14           	((1.521033e-05 -3.426694e-03 2.358708e-22) (1.749851e-05 1.140448e-06 1.262558e-23) (0.000000e+00 0.000000e+00 0.000000e+00)) ((-9.959979e-24 1.072306e-22 1.196985e-03) (-2.643418e-25 3.161694e-24 -2.084312e-07) (0.000000e+00 0.000000e+00 0.000000e+00))
15           	((6.339658e-05 -3.002475e-03 2.215119e-22) (1.599902e-05 1.107294e-06 1.004719e-23) (0.000000e+00 0.000000e+00 0.000000e+00)) ((-9.448528e-24 1.016084e-22 1.020834e-03) (-2.113586e-25 2.540847e-24 -2.339746e-07) (0.000000e+00 0.000000e+00 0.000000e+00))
16           	((8.060196e-05 -2.884443e-03 2.045475e-22) (1.506995e-05 1.014581e-06 1.392947e-23) (0.000000e+00 0.000000e+00 0.000000e+00)) ((-9.156380e-24 9.794530e-23 9.658528e-04) (-2.942889e-25 3.509324e-24 -2.254257e-07) (0.000000e+00 0.000000e+00 0.000000e+00))
17           	((1.196524e-04 -2.626208e-03 1.865619e-22) (1.386103e-05 9.402919e-07 1.473986e-23) (0.000000e+00 0.000000e+00 0.000000e+00)) ((-8.809609e-24 9.370814e-23 8.504665e-04) (-3.151922e-25 3.761523e-24 -2.247009e-07) (0.000000e+00 0.000000e+00 0.000000e+00))
18           	((1.193522e-04 -2.617648e-03 1.831594e-22) (1.286044e-05 9.425476e-07 1.520613e-23) (0.000000e+00 0.000000e+00 0.000000e+00)) ((-8.776434e-24 9.321609e-23 8.453035e-04) (-3.205675e-25 3.818833e-24 -2.539811e-07) (0.000000e+00 0.000000e+00 0.000000e+00))
19           	((1.330813e-04 -2.429621e-03 1.801887e-22) (1.193000e-05 8.790720e-07 1.290043e-23) (0.000000e+00 0.000000e+00 0.000000e+00)) ((-8.623212e-24 9.160039e-23 7.681414e-04) (-2.682301e-25 3.184579e-24 -2.510852e-07) (0.000000e+00 0.000000e+00 0.000000e+00))
20           	((1.560169e-04 -2.196486e-03 1.651070e-22) (1.095736e-05 8.107248e-07 1.354798e-23) (0.000000e+00 0.000000e+00 0.000000e+00)) ((-8.210682e-24 8.688521e-23 6.719941e-04) (-2.882007e-25 3.454289e-24 -2.450834e-07) (0.000000e+00 0.000000e+00 0.000000e+00))
21           	((1.897478e-04 -1.952832e-03 1.526851e-22) (1.012883e-05 7.538702e-07 1.108040e-23) (0.000000e+00 0.000000e+00 0.000000e+00)) ((-7.949522e-24 8.375203e-23 5.668047e-04) (-2.371363e-25 2.827467e-24 -2.436151e-07) (0.000000e+00 0.000000e+00 0.000000e+00))
22           	((1.908505e-04 -1.947447e-03 1.563167e-22) (9.440653e-06 7.134119e-07 1.046279e-23) (0.000000e+00 0.000000e+00 0.000000e+00)) ((-8.061742e-24 8.501040e-23 5.626898e-04) (-2.248790e-25 2.672227e-24 -2.457463e-07) (0.000000e+00 0.000000e+00 0.000000e+00))
23           	((2.008891e-04 -1.840675e-03 1.599249e-22) (8.887705e-06 6.322698e-07 1.071056e-23) (0.000000e+00 0.000000e+00 0.000000e+00)) ((-8.096932e-24 8.553230e-23 5.180578e-04) (-2.256501e-25 2.714069e-24 -2.222237e-07) (0.000000e+00 0.000000e+00 0.000000e+00))
24           	((2.149427e-04 -1.710234e-03 1.591357e-22) (8.352072e-06 6.262170e-07 9.526463e-24) (0.000000e+00 0.000000e+00 0.000000e+00)) ((-8.046356e-24 8.500884e-23 4.638113e-04) (-2.018269e-25 2.404203e-24 -2.314411e-07) (0.000000e+00 0.000000e+00 0.000000e+00))
25           	((2.290068e-04 -1.600875e-03 1.563582e-22) (7.840886e-06 5.889810e-07 9.783345e-24) (0.000000e+00 0.000000e+00 0.000000e+00)) ((-7.991085e-24 8.433810e-23 4.169092e-04) (-2.020254e-25 2.462432e-24 -2.280109e-07) (0.000000e+00 0.000000e+00 0.000000e+00))
26           	((2.380793e-04 -1.550338e-03 1.532965e-22) (7.384933e-06 5.375016e-07 8.978487e-24) (0.000000e+00 0.000000e+00 0.000000e+00)) ((-7.948916e-24 8.377775e-23 3.937955e-04) (-1.859449e-25 2.221097e-24 -2.121341e-07) (0.000000e+00 0.000000e+00 0.000000e+00))
27           	((2.463790e-04 -1.492605e-03 1.553375e-22) (7.265060e-06 5.153838e-07 9.155743e-24) (0.000000e+00 0.000000e+00 0.000000e+00)) ((-8.009208e-24 8.445848e-23 3.685493e-04) (-1.911084e-25 2.286976e-24 -2.037499e-07) (0.000000e+00 0.000000e+00 0.000000e+00))
28           	((2.535614e-04 -1.443798e-03 1.605988e-22) (7.020751e-06 4.837155e-07 1.110534e-23) (0.000000e+00 0.000000e+00 0.000000e+00)) ((-8.128337e-24 8.586681e-23 3.474760e-04) (-2.393151e-25 2.861505e-24 -1.936398e-07) (0.000000e+00 0.000000e+00 0.000000e+00))
29           	((2.587844e-04 -1.406960e-03 1.603298e-22) (6.562508e-06 4.607786e-07 5.284018e-24) (0.000000e+00 0.000000e+00 0.000000e+00)) ((-8.108072e-24 8.565951e-23 3.318072e-04) (-1.044378e-25 1.243977e-24 -1.888017e-07) (0.000000e+00 0.000000e+00 0.000000e+00))
30           	((2.650688e-04 -1.358741e-03 1.547915e-22) (6.640886e-06 4.284742e-07 7.141988e-24) (0.000000e+00 0.000000e+00 0.000000e+00)) ((-7.992439e-24 8.427027e-23 3.115060e-04) (-1.514614e-25 1.819997e-24 -1.734373e-07) (0.000000e+00 0.000000e+00 0.000000e+00))
31           	((2.719564e-04 -1.306871e-03 1.450375e-22) (6.809987e-06 3.888112e-07 8.440031e-24) (0.000000e+00 0.000000e+00 0.000000e+00)) ((-7.785821e-24 8.179522e-23 2.898917e-04) (-1.743991e-25 2.113647e-24 -1.528959e-07) (0.000000e+00 0.000000e+00 0.000000e+00))
32           	((2.749709e-04 -1.287094e-03 1.403114e-22) (6.513370e-06 4.087351e-07 1.754706e-23) (0.000000e+00 0.000000e+00 0.000000e+00)) ((-7.665147e-24 8.039973e-23 2.815160e-04) (-3.565987e-25 4.302838e-24 -1.592705e-07) (0.000000e+00 0.000000e+00 0.000000e+00))
33           	((2.794884e-04 -1.266368e-03 1.403671e-22) (6.762205e-06 3.853670e-07 1.673560e-23) (0.000000e+00 0.000000e+00 0.000000e+00)) ((-7.677420e-24 8.051975e-23 2.723730e-04) (-3.490340e-25 4.198050e-24 -1.429779e-07) (0.000000e+00 0.000000e+00 0.000000e+00))
34           	((2.805093e-04 -1.260159e-03 1.368870e-22) (6.967186e-06 3.747794e-07 1.894951e-23) (0.000000e+00 0.000000e+00 0.000000e+00)) ((-7.620859e-24 7.980046e-23 2.692925e-04) (-3.847432e-25 4.663936e-24 -1.334286e-07) (0.000000e+00 0.000000e+00 0.000000e+00))
35           	((2.826796e-04 -1.238731e-03 1.300312e-22) (6.899448e-06 3.818013e-07 1.312106e-23) (0.000000e+00 0.000000e+00 0.000000e+00)) ((-7.439357e-24 7.771456e-23 2.609058e-04) (-2.725434e-25 3.273350e-24 -1.313418e-07) (0.000000e+00 0.000000e+00 0.000000e+00))
36           	((2.861953e-04 -1.220226e-03 1.257586e-22) (7.177449e-06 3.760694e-07 1.421669e-23) (0.000000e+00 0.000000e+00 0.000000e+00)) ((-7.344541e-24 7.658927e-23 2.532395e-04) (-3.020479e-25 3.613531e-24 -1.216986e-07) (0.000000e+00 0.000000e+00 0.000000e+00))
37           	((2.882783e-04 -1.202011e-03 1.231314e-22) (7.378937e-06 3.502951e-07 1.300337e-23) (0.000000e+00 0.000000e+00 0.000000e+00)) ((-7.274751e-24 7.578767e-23 2.459192e-04) (-2.733203e-25 3.272935e-24 -1.128519e-07) (0.000000e+00 0.000000e+00 0.000000e+00))
38           	((2.884481e-04 -1.208605e-03 1.199847e-22) (7.552314e-06 3.439297e-07 1.294561e-23) (0.000000e+00 0.000000e+00 0.000000e+00)) ((-7.210124e-24 7.500858e-23 2.481371e-04) (-2.703591e-25 3.240366e-24 -1.046670e-07) (0.000000e+00 0.000000e+00 0.000000e+00))
39           	((2.900290e-04 -1.197565e-03 1.175245e-22) (7.722536e-06 3.496860e-07 1.257568e-23) (0.000000e+00 0.000000e+00 0.000000e+00)) ((-7.136806e-24 7.418191e-23 2.437899e-04) (-2.649731e-25 3.167128e-24 -1.016988e-07) (0.000000e+00 0.000000e+00 0.000000e+00))
40           	((2.894489e-04 -1.210893e-03 1.153353e-22) (7.932028e-06 3.608230e-07 1.367025e-23) (0.000000e+00 0.000000e+00 0.000000e+00)) ((-7.098342e-24 7.370191e-23 2.486443e-04) (-2.876551e-25 3.436003e-24 -1.009495e-07) (0.000000e+00 0.000000e+00 0.000000e+00))
41           	((2.905015e-04 -1.203367e-03 1.142530e-22) (8.106190e-06 3.709398e-07 1.268542e-23) (0.000000e+00 0.000000e+00 0.000000e+00)) ((-7.056805e-24 7.324964e-23 2.457073e-04) (-2.653051e-25 3.175891e-24 -1.002562e-07) (0.000000e+00 0.000000e+00 0.000000e+00))
42           	((2.894524e-04 -1.223035e-03 1.132382e-22) (8.321198e-06 3.739714e-07 1.328306e-23) (0.000000e+00 0.000000e+00 0.000000e+00)) ((-7.047019e-24 7.310391e-23 2.530333e-04) (-2.782227e-25 3.325201e-24 -9.576600e-08) (0.000000e+00 0.000000e+00 0.000000e+00))
43           	((2.885912e-04 -1.233594e-03 1.144341e-22) (8.527986e-06 3.827791e-07 1.332198e-23) (0.000000e+00 0.000000e+00 0.000000e+00)) ((-7.067728e-24 7.336323e-23 2.571067e-04) (-2.784807e-25 3.329615e-24 -9.362676e-08) (0.000000e+00 0.000000e+00 0.000000e+00))
44           	((2.871028e-04 -1.249970e-03 1.143634e-22) (8.747500e-06 3.984978e-07 1.317268e-23) (0.000000e+00 0.000000e+00 0.000000e+00)) ((-7.070275e-24 7.338390e-23 2.634112e-04) (-2.760062e-25 3.300125e-24 -9.467786e-08) (0.000000e+00 0.000000e+00 0.000000e+00))
45           	((2.877589e-04 -1.244192e-03 1.156842e-22) (8.943506e-06 4.138009e-07 1.298022e-23) (0.000000e+00 0.000000e+00 0.000000e+00)) ((-7.085519e-24 7.359749e-23 2.609184e-04) (-2.712258e-25 3.245960e-24 -9.590182e-08) (0.000000e+00 0.000000e+00 0.000000e+00))
46           	((2.866042e-04 -1.264974e-03 1.168948e-22) (9.176534e-06 4.256148e-07 1.345454e-23) (0.000000e+00 0.000000e+00 0.000000e+00)) ((-7.125668e-24 7.404313e-23 2.686079e-04) (-2.815661e-25 3.366439e-24 -9.480444e-08) (0.000000e+00 0.000000e+00 0.000000e+00))
47           	((2.866154e-04 -1.266052e-03 1.195262e-22) (9.364286e-06 4.368362e-07 1.321248e-23) (0.000000e+00 0.000000e+00 0.000000e+00)) ((-7.181267e-24 7.470949e-23 2.685309e-04) (-2.758609e-25 3.304766e-24 -9.397397e-08) (0.000000e+00 0.000000e+00 0.000000e+00))
48           	((2.856146e-04 -1.286658e-03 1.222451e-22) (9.594815e-06 4.563465e-07 1.348046e-23) (0.000000e+00 0.000000e+00 0.000000e+00)) ((-7.254055e-24 7.554444e-23 2.761146e-04) (-2.815377e-25 3.370905e-24 -9.643174e-08) (0.000000e+00 0.000000e+00 0.000000e+00))
49           	((2.857729e-04 -1.288315e-03 1.255515e-22) (9.783650e-06 4.697102e-07 1.332766e-23) (0.000000e+00 0.000000e+00 0.000000e+00)) ((-7.332961e-24 7.646806e-23 2.760618e-04) (-2.785223e-25 3.331564e-24 -9.671991e-08) (0.000000e+00 0.000000e+00 0.000000e+00))
50           	((2.847209e-04 -1.306665e-03 1.300986e-22) (1.000799e-05 4.897975e-07 1.352280e-23) (0.000000e+00 0.000000e+00 0.000000e+00)) ((-7.442893e-24 7.775179e-23 2.828055e-04) (-2.821235e-25 3.391371e-24 -9.935867e-08) (0.000000e+00 0.000000e+00 0.000000e+00))
51           	((2.847902e-04 -1.309490e-03 1.332489e-22) (1.018418e-05 5.033877e-07 1.332554e-23) (0.000000e+00 0.000000e+00 0.000000e+00)) ((-7.527041e-24 7.871741e-23 2.831194e-04) (-2.787214e-25 3.317988e-24 -9.970126e-08) (0.000000e+00 0.000000e+00 0.000000e+00))
52           	((2.840604e-04 -1.324876e-03 1.391945e-22) (1.040378e-05 5.207023e-07 1.369707e-23) (0.000000e+00 0.000000e+00 0.000000e+00)) ((-7.669093e-24 8.037982e-23 2.886252e-04) (-2.853954e-25 3.444795e-24 -1.011095e-07) (0.000000e+00 0.000000e+00 0.000000e+00))
53           	((2.839307e-04 -1.325481e-03 1.452325e-22) (1.057127e-05 5.461148e-07 1.336211e-23) (0.000000e+00 0.000000e+00 0.000000e+00)) ((-7.805065e-24 8.198897e-23 2.884124e-04) (-2.788636e-25 3.337777e-24 -1.073216e-07) (0.000000e+00 0.000000e+00 0.000000e+00))
54           	((2.828090e-04 -1.345070e-03 1.506150e-22) (1.080130e-05 5.510695e-07 1.353708e-23) (0.000000e+00 0.000000e+00 0.000000e+00)) ((-7.944251e-24 8.359501e-23 2.955249e-04) (-2.837638e-25 3.364418e-24 -1.023937e-07) (0.000000e+00 0.000000e+00 0.000000e+00))
55           	((2.828843e-04 -1.344585e-03 1.542701e-22) (1.093839e-05 5.808265e-07 1.379154e-23) (0.000000e+00 0.000000e+00 0.000000e+00)) ((-8.048499e-24 8.477851e-23 2.946608e-04) (-2.871420e-25 3.507615e-24 -1.115971e-07) (0.000000e+00 0.000000e+00 0.000000e+00))
56           	((2.821760e-04 -1.354927e-03 1.607261e-22) (1.112336e-05 5.959586e-07 1.381563e-23) (0.000000e+00 0.000000e+00 0.000000e+00)) ((-8.206644e-24 8.662085e-23 2.981666e-04) (-2.895510e-25 3.427625e-24 -1.123227e-07) (0.000000e+00 0.000000e+00 0.000000e+00))
57           	((2.823551e-04 -1.352002e-03 1.676869e-22) (1.129984e-05 6.072671e-07 1.356659e-23) (0.000000e+00 0.000000e+00 0.000000e+00)) ((-8.363519e-24 8.847709e-23 2.967524e-04) (-2.835477e-25 3.397271e-24 -1.114251e-07) (0.000000e+00 0.000000e+00 0.000000e+00))
58           	((2.834047e-04 -1.349900e-03 1.711529e-22) (1.145495e-05 6.300399e-07 1.372449e-23) (0.000000e+00 0.000000e+00 0.000000e+00)) ((-8.458712e-24 8.956440e-23 2.951241e-04) (-2.870468e-25 3.458681e-24 -1.169926e-07) (0.000000e+00 0.000000e+00 0.000000e+00))
59           	((2.828618e-04 -1.349413e-03 1.760615e-22) (1.158118e-05 6.494223e-07 1.405359e-23) (0.000000e+00 0.000000e+00 0.000000e+00)) ((-8.590413e-24 9.107457e-23 2.947625e-04) (-2.938991e-25 3.518314e-24 -1.213477e-07) (0.000000e+00 0.000000e+00 0.000000e+00))
60           	((2.826364e-04 -1.346436e-03 1.799123e-22) (1.173756e-05 6.609208e-07 1.371285e-23) (0.000000e+00 0.000000e+00 0.000000e+00)) ((-8.688925e-24 9.221340e-23 2.933929e-04) (-2.876738e-25 3.436881e-24 -1.210529e-07) (0.000000e+00 0.000000e+00 0.000000e+00))
61           	((2.821589e-04 -1.354664e-03 1.852298e-22) (1.189504e-05 6.726448e-07 1.418650e-23) (0.000000e+00 0.000000e+00 0.000000e+00)) ((-8.830719e-24 9.384098e-23 2.961275e-04) (-2.971227e-25 3.564914e-24 -1.214457e-07) (0.000000e+00 0.000000e+00 0.000000e+00))
62           	((2.837433e-04 -1.327002e-03 1.889455e-22) (1.199030e-05 6.983684e-07 1.382120e-23) (0.000000e+00 0.000000e+00 0.000000e+00)) ((-8.908978e-24 9.477953e-23 2.855883e-04) (-2.889183e-25 3.470992e-24 -1.296646e-07) (0.000000e+00 0.000000e+00 0.000000e+00))
63           	((2.846980e-04 -1.322322e-03 1.901745e-22) (1.209995e-05 7.068831e-07 1.397417e-23) (0.000000e+00 0.000000e+00 0.000000e+00)) ((-8.965578e-24 9.538315e-23 2.829211e-04) (-2.933891e-25 3.527015e-24 -1.293537e-07) (0.000000e+00 0.000000e+00 0.000000e+00))
64           	((2.848517e-04 -1.313078e-03 1.946840e-22) (1.221531e-05 7.161798e-07 1.408327e-23) (0.000000e+00 0.000000e+00 0.000000e+00)) ((-9.074593e-24 9.665619e-23 2.795843e-04) (-2.948551e-25 3.529668e-24 -1.295683e-07) (0.000000e+00 0.000000e+00 0.000000e+00))
65           	((2.868880e-04 -1.281600e-03 1.975791e-22) (1.229738e-05 7.308045e-07 1.375923e-23) (0.000000e+00 0.000000e+00 0.000000e+00)) ((-9.129118e-24 9.732589e-23 2.675166e-04) (-2.884930e-25 3.466897e-24 -1.329127e-07) (0.000000e+00 0.000000e+00 0.000000e+00))
66           	((2.882229e-04 -1.259716e-03 1.991806e-22) (1.237882e-05 7.440550e-07 1.401432e-23) (0.000000e+00 0.000000e+00 0.000000e+00)) ((-9.171828e-24 9.781612e-23 2.590578e-04) (-2.938323e-25 3.531188e-24 -1.361290e-07) (0.000000e+00 0.000000e+00 0.000000e+00))
67           	((2.887849e-04 -1.243195e-03 2.004520e-22) (1.245766e-05 7.534366e-07 1.412362e-23) (0.000000e+00 0.000000e+00 0.000000e+00)) ((-9.210645e-24 9.825218e-23 2.528790e-04) (-2.963336e-25 3.576194e-24 -1.375903e-07) (0.000000e+00 0.000000e+00 0.000000e+00))
68           	((2.890371e-04 -1.229601e-03 2.012975e-22) (1.252371e-05 7.575001e-07 1.416262e-23) (0.000000e+00 0.000000e+00 0.000000e+00)) ((-9.241529e-24 9.859057e-23 2.479963e-04) (-2.973553e-25 3.575308e-24 -1.365353e-07) (0.000000e+00 0.000000e+00 0.000000e+00))
69           	((2.889412e-04 -1.216806e-03 2.017488e-22) (1.258860e-05 7.701990e-07 1.414554e-23) (0.000000e+00 0.000000e+00 0.000000e+00)) ((-9.263288e-24 9.882153e-23 2.435641e-04) (-2.971932e-25 3.572966e-24 -1.400887e-07) (0.000000e+00 0.000000e+00 0.000000e+00))
70           	((2.888114e-04 -1.202810e-03 2.017543e-22) (1.265340e-05 7.816757e-07 1.420009e-23) (0.000000e+00 0.000000e+00 0.000000e+00)) ((-9.273652e-24 9.892074e-23 2.387527e-04) (-2.979018e-25 3.594430e-24 -1.432252e-07) (0.000000e+00 0.000000e+00 0.000000e+00))
71           	((2.889121e-04 -1.186474e-03 2.012137e-22) (1.270386e-05 7.825300e-07 1.411607e-23) (0.000000e+00 0.000000e+00 0.000000e+00)) ((-9.270230e-24 9.886021e-23 2.330739e-04) (-2.966474e-25 3.569163e-24 -1.413014e-07) (0.000000e+00 0.000000e+00 0.000000e+00))
72           	((2.891695e-04 -1.167749e-03 2.001162e-22) (1.274688e-05 7.913403e-07 1.410913e-23) (0.000000e+00 0.000000e+00 0.000000e+00)) ((-9.252657e-24 9.863590e-23 2.265172e-04) (-2.961538e-25 3.561464e-24 -1.436394e-07) (0.000000e+00 0.000000e+00 0.000000e+00))
73           	((2.895417e-04 -1.147135e-03 1.985092e-22) (1.278391e-05 8.011569e-07 1.399394e-23) (0.000000e+00 0.000000e+00 0.000000e+00)) ((-9.221891e-24 9.825939e-23 2.192730e-04) (-2.939420e-25 3.533958e-24 -1.468940e-07) (0.000000e+00 0.000000e+00 0.000000e+00))
74           	((2.901619e-04 -1.125337e-03 1.963568e-22) (1.282333e-05 7.974626e-07 1.401707e-23) (0.000000e+00 0.000000e+00 0.000000e+00)) ((-9.177583e-24 9.772550e-23 2.116147e-04) (-2.948417e-25 3.526258e-24 -1.436237e-07) (0.000000e+00 0.000000e+00 0.000000e+00))
75           	((2.906826e-04 -1.102812e-03 1.937005e-22) (1.284279e-05 8.043874e-07 1.393404e-23) (0.000000e+00 0.000000e+00 0.000000e+00)) ((-9.120628e-24 9.704492e-23 2.037228e-04) (-2.926410e-25 3.514914e-24 -1.460750e-07) (0.000000e+00 0.000000e+00 0.000000e+00))
76           	((2.910845e-04 -1.080403e-03 1.905263e-22) (1.285615e-05 8.104105e-07 1.398875e-23) (0.000000e+00 0.000000e+00 0.000000e+00)) ((-9.050645e-24 9.621329e-23 1.959498e-04) (-2.934250e-25 3.528185e-24 -1.483576e-07) (0.000000e+00 0.000000e+00 0.000000e+00))
77           	((2.915388e-04 -1.058506e-03 1.867907e-22) (1.287440e-05 8.021791e-07 1.393146e-23) (0.000000e+00 0.000000e+00 0.000000e+00)) ((-8.966825e-24 9.522063e-23 1.884524e-04) (-2.923722e-25 3.516009e-24 -1.437352e-07) (0.000000e+00 0.000000e+00 0.000000e+00))
78           	((2.917002e-04 -1.037358e-03 1.824593e-22) (1.288241e-05 8.055924e-07 1.393482e-23) (0.000000e+00 0.000000e+00 0.000000e+00)) ((-8.868323e-24 9.405712e-23 1.813130e-04) (-2.922996e-25 3.512135e-24 -1.452513e-07) (0.000000e+00 0.000000e+00 0.000000e+00))
79           	((2.916825e-04 -1.016957e-03 1.775397e-22) (1.288344e-05 8.088687e-07 1.382525e-23) (0.000000e+00 0.000000e+00 0.000000e+00)) ((-8.755170e-24 9.272344e-23 1.745206e-04) (-2.899272e-25 3.482451e-24 -1.470592e-07) (0.000000e+00 0.000000e+00 0.000000e+00))
80           	((2.916649e-04 -9.973032e-04 1.718810e-22) (1.288750e-05 8.007881e-07 1.386838e-23) (0.000000e+00 0.000000e+00 0.000000e+00)) ((-8.623915e-24 9.117887e-23 1.680649e-04) (-2.907074e-25 3.493484e-24 -1.433592e-07) (0.000000e+00 0.000000e+00 0.000000e+00))
81           	((2.914792e-04 -9.782683e-04 1.654168e-22) (1.288499e-05 7.978492e-07 1.380316e-23) (0.000000e+00 0.000000e+00 0.000000e+00)) ((-8.472933e-24 8.940449e-23 1.618748e-04) (-2.893795e-25 3.475230e-24 -1.425008e-07) (0.000000e+00 0.000000e+00 0.000000e+00))
82           	((2.911417e-04 -9.600109e-04 1.581657e-22) (1.287563e-05 7.970232e-07 1.379647e-23) (0.000000e+00 0.000000e+00 0.000000e+00)) ((-8.302602e-24 8.740483e-23 1.559936e-04) (-2.892162e-25 3.472257e-24 -1.430062e-07) (0.000000e+00 0.000000e+00 0.000000e+00))
83           	((2.908162e-04 -9.426677e-04 1.500974e-22) (1.286839e-05 7.873883e-07 1.375622e-23) (0.000000e+00 0.000000e+00 0.000000e+00)) ((-8.112136e-24 8.517086e-23 1.504643e-04) (-2.884321e-25 3.463011e-24 -1.393137e-07) (0.000000e+00 0.000000e+00 0.000000e+00))
84           	((2.903201e-04 -9.265966e-04 1.412961e-22) (1.285477e-05 7.822974e-07 1.374377e-23) (0.000000e+00 0.000000e+00 0.000000e+00)) ((-7.903318e-24 8.272393e-23 1.454080e-04) (-2.881391e-25 3.458185e-24 -1.381613e-07) (0.000000e+00 0.000000e+00 0.000000e+00))
85           	((2.896842e-04 -9.119817e-04 1.317664e-22) (1.283770e-05 7.771836e-07 1.369116e-23) (0.000000e+00 0.000000e+00 0.000000e+00)) ((-7.676215e-24 8.006492e-23 1.408893e-04) (-2.871797e-25 3.445537e-24 -1.372196e-07) (0.000000e+00 0.000000e+00 0.000000e+00))
86           	((2.889979e-04 -8.988580e-04 1.216293e-22) (1.282170e-05 7.644695e-07 1.365049e-23) (0.000000e+00 0.000000e+00 0.000000e+00)) ((-7.433330e-24 7.722395e-23 1.369115e-04) (-2.864960e-25 3.438449e-24 -1.326160e-07) (0.000000e+00 0.000000e+00 0.000000e+00))
87           	((2.881112e-04 -8.874044e-04 1.109478e-22) (1.280023e-05 7.579404e-07 1.358347e-23) (0.000000e+00 0.000000e+00 0.000000e+00)) ((-7.176381e-24 7.422067e-23 1.335296e-04) (-2.852766e-25 3.421604e-24 -1.312761e-07) (0.000000e+00 0.000000e+00 0.000000e+00))
88           	((2.871189e-04 -8.779483e-04 9.998664e-23) (1.277729e-05 7.479954e-07 1.356204e-23) (0.000000e+00 0.000000e+00 0.000000e+00)) ((-6.911357e-24 7.112591e-23 1.308596e-04) (-2.850511e-25 3.417513e-24 -1.283554e-07) (0.000000e+00 0.000000e+00 0.000000e+00))
89           	((2.857436e-04 -8.713589e-04 8.985393e-23) (1.273937e-05 7.428935e-07 1.336226e-23) (0.000000e+00 0.000000e+00 0.000000e+00)) ((-6.658776e-24 6.819260e-23 1.292480e-04) (-2.812947e-25 3.371289e-24 -1.282552e-07) (0.000000e+00 0.000000e+00 0.000000e+00))
90           	((2.843380e-04 -8.668221e-04 7.871584e-23) (1.271866e-05 7.365060e-07 1.344838e-23) (0.000000e+00 0.000000e+00 0.000000e+00)) ((-6.388985e-24 6.504321e-23 1.283197e-04) (-2.831373e-25 3.392596e-24 -1.270928e-07) (0.000000e+00 0.000000e+00 0.000000e+00))
91           	((2.829069e-04 -8.654522e-04 6.971167e-23) (1.270053e-05 7.157133e-07 1.323518e-23) (0.000000e+00 0.000000e+00 0.000000e+00)) ((-6.161570e-24 6.240830e-23 1.285069e-04) (-2.790278e-25 3.342503e-24 -1.188100e-07) (0.000000e+00 0.000000e+00 0.000000e+00))
92           	((2.812470e-04 -8.659655e-04 6.014207e-23) (1.268404e-05 7.134930e-07 1.327058e-23) (0.000000e+00 0.000000e+00 0.000000e+00)) ((-5.925882e-24 5.966529e-23 1.292855e-04) (-2.800100e-25 3.352810e-24 -1.194657e-07) (0.000000e+00 0.000000e+00 0.000000e+00))
93           	((2.794533e-04 -8.702767e-04 5.394572e-23) (1.266073e-05 7.097294e-07 1.309469e-23) (0.000000e+00 0.000000e+00 0.000000e+00)) ((-5.762899e-24 5.779015e-23 1.313470e-04) (-2.764556e-25 3.309427e-24 -1.194592e-07) (0.000000e+00 0.000000e+00 0.000000e+00))
94           	((2.778487e-04 -8.757696e-04 4.763778e-23) (1.265908e-05 6.951409e-07 1.306635e-23) (0.000000e+00 0.000000e+00 0.000000e+00)) ((-5.600177e-24 5.591175e-23 1.337626e-04) (-2.760929e-25 3.304321e-24 -1.133684e-07) (0.000000e+00 0.000000e+00 0.000000e+00))
95           	((2.761090e-04 -8.839259e-04 4.390373e-23) (1.265178e-05 6.930087e-07 1.297026e-23) (0.000000e+00 0.000000e+00 0.000000e+00)) ((-5.495863e-24 5.472355e-23 1.370269e-04) (-2.741173e-25 3.281321e-24 -1.133302e-07) (0.000000e+00 0.000000e+00 0.000000e+00))
96           	((2.743936e-04 -8.945302e-04 4.285430e-23) (1.264675e-05 6.924808e-07 1.289074e-23) (0.000000e+00 0.000000e+00 0.000000e+00)) ((-5.453699e-24 5.426698e-23 1.410542e-04) (-2.722909e-25 3.260013e-24 -1.138339e-07) (0.000000e+00 0.000000e+00 0.000000e+00))
97           	((2.727782e-04 -9.075602e-04 4.433608e-23) (1.265026e-05 6.845712e-07 1.284420e-23) (0.000000e+00 0.000000e+00 0.000000e+00)) ((-5.471105e-24 5.450951e-23 1.458594e-04) (-2.711095e-25 3.246577e-24 -1.102015e-07) (0.000000e+00 0.000000e+00 0.000000e+00))
98           	((2.710768e-04 -9.230944e-04 4.825431e-23) (1.265603e-05 6.847933e-07 1.280994e-23) (0.000000e+00 0.000000e+00 0.000000e+00)) ((-5.546757e-24 5.543361e-23 1.514821e-04) (-2.701648e-25 3.236993e-24 -1.102277e-07) (0.000000e+00 0.000000e+00 0.000000e+00))
99           	((2.692202e-04 -9.426818e-04 5.480316e-23) (1.266605e-05 6.868239e-07 1.285994e-23) (0.000000e+00 0.000000e+00 0.000000e+00)) ((-5.686011e-24 5.710041e-23 1.585522e-04) (-2.708271e-25 3.246205e-24 -1.107571e-07) (0.000000e+00 0.000000e+00 0.000000e+00))
100          	((2.674933e-04 -9.623844e-04 6.298766e-23) (1.267739e-05 6.929708e-07 1.294390e-23) (0.000000e+00 0.000000e+00 0.000000e+00)) ((-5.866358e-24 5.924378e-23 1.655316e-04) (-2.724149e-25 3.267223e-24 -1.129617e-07) (0.000000e+00 0.000000e+00 0.000000e+00))
101          	((2.659780e-04 -9.825890e-04 7.268940e-23) (1.270220e-05 6.867177e-07 1.304398e-23) (0.000000e+00 0.000000e+00 0.000000e+00)) ((-6.085544e-24 6.183609e-23 1.726236e-04) (-2.742672e-25 3.291151e-24 -1.085071e-07) (0.000000e+00 0.000000e+00 0.000000e+00))
102          	((2.644902e-04 -1.004102e-03 8.373248e-23) (1.271902e-05 6.962846e-07 1.325500e-23) (0.000000e+00 0.000000e+00 0.000000e+00)) ((-6.342488e-24 6.485796e-23 1.800280e-04) (-2.784055e-25 3.343534e-24 -1.117760e-07) (0.000000e+00 0.000000e+00 0.000000e+00))
103          	((2.631675e-04 -1.026172e-03 9.563584e-23) (1.273472e-05 7.072021e-07 1.351671e-23) (0.000000e+00 0.000000e+00 0.000000e+00)) ((-6.625125e-24 6.816943e-23 1.875325e-04) (-2.836663e-25 3.407775e-24 -1.155206e-07) (0.000000e+00 0.000000e+00 0.000000e+00))
104          	((2.620888e-04 -1.047732e-03 1.078950e-22) (1.275966e-05 7.068916e-07 1.372070e-23) (0.000000e+00 0.000000e+00 0.000000e+00)) ((-6.920683e-24 7.162256e-23 1.948156e-04) (-2.877750e-25 3.458099e-24 -1.133893e-07) (0.000000e+00 0.000000e+00 0.000000e+00))
105          	((2.610217e-04 -1.068101e-03 1.201108e-22) (1.277390e-05 7.190618e-07 1.400277e-23) (0.000000e+00 0.000000e+00 0.000000e+00)) ((-7.220415e-24 7.511331e-23 2.015981e-04) (-2.936217e-25 3.529835e-24 -1.174565e-07) (0.000000e+00 0.000000e+00 0.000000e+00))
106          	((2.602714e-04 -1.086028e-03 1.315614e-22) (1.278358e-05 7.320587e-07 1.432260e-23) (0.000000e+00 0.000000e+00 0.000000e+00)) ((-7.511680e-24 7.848379e-23 2.073985e-04) (-3.000880e-25 3.608483e-24 -1.219682e-07) (0.000000e+00 0.000000e+00 0.000000e+00))
107          	((2.598351e-04 -1.099693e-03 1.426252e-22) (1.279817e-05 7.335341e-07 1.434605e-23) (0.000000e+00 0.000000e+00 0.000000e+00)) ((-7.791909e-24 8.172899e-23 2.116566e-04) (-3.006981e-25 3.615094e-24 -1.206217e-07) (0.000000e+00 0.000000e+00 0.000000e+00))
108          	((2.595445e-04 -1.108561e-03 1.528901e-22) (1.280466e-05 7.464638e-07 1.444731e-23) (0.000000e+00 0.000000e+00 0.000000e+00)) ((-8.053088e-24 8.475117e-23 2.141324e-04) (-3.029012e-25 3.642603e-24 -1.250742e-07) (0.000000e+00 0.000000e+00 0.000000e+00))
109          	((2.603890e-04 -1.106876e-03 1.616473e-22) (1.279849e-05 7.584956e-07 1.445982e-23) (0.000000e+00 0.000000e+00 0.000000e+00)) ((-8.278098e-24 8.735039e-23 2.124495e-04) (-3.033269e-25 3.647761e-24 -1.294228e-07) (0.000000e+00 0.000000e+00 0.000000e+00))
110          	((2.614614e-04 -1.102025e-03 1.695233e-22) (1.279099e-05 7.686393e-07 1.455119e-23) (0.000000e+00 0.000000e+00 0.000000e+00)) ((-8.484304e-24 8.972470e-23 2.096128e-04) (-3.051538e-25 3.669104e-24 -1.329901e-07) (0.000000e+00 0.000000e+00 0.000000e+00))
111          	((2.627103e-04 -1.093655e-03 1.762502e-22) (1.278323e-05 7.731098e-07 1.465192e-23) (0.000000e+00 0.000000e+00 0.000000e+00)) ((-8.663735e-24 9.178419e-23 2.055615e-04) (-3.073664e-25 3.696245e-24 -1.339191e-07) (0.000000e+00 0.000000e+00 0.000000e+00))
112          	((2.639996e-04 -1.081323e-03 1.817174e-22) (1.276357e-05 7.832296e-07 1.463318e-23) (0.000000e+00 0.000000e+00 0.000000e+00)) ((-8.812405e-24 9.348512e-23 2.001581e-04) (-3.070144e-25 3.692352e-24 -1.379875e-07) (0.000000e+00 0.000000e+00 0.000000e+00))
113          	((2.654740e-04 -1.064788e-03 1.859201e-22) (1.273498e-05 7.935668e-07 1.464880e-23) (0.000000e+00 0.000000e+00 0.000000e+00)) ((-8.930160e-24 9.482577e-23 1.932662e-04) (-3.073938e-25 3.696580e-24 -1.425345e-07) (0.000000e+00 0.000000e+00 0.000000e+00))
114          	((2.672686e-04 -1.043680e-03 1.887561e-22) (1.270931e-05 7.924972e-07 1.464360e-23) (0.000000e+00 0.000000e+00 0.000000e+00)) ((-9.014108e-24 9.577328e-23 1.847614e-04) (-3.073328e-25 3.695704e-24 -1.416294e-07) (0.000000e+00 0.000000e+00 0.000000e+00))
115          	((2.691057e-04 -1.018620e-03 1.903241e-22) (1.266622e-05 8.023047e-07 1.461653e-23) (0.000000e+00 0.000000e+00 0.000000e+00)) ((-9.066406e-24 9.635331e-23 1.748734e-04) (-3.068165e-25 3.689943e-24 -1.466216e-07) (0.000000e+00 0.000000e+00 0.000000e+00))
116          	((2.711043e-04 -9.898156e-04 1.906263e-22) (1.261965e-05 8.088578e-07 1.459026e-23) (0.000000e+00 0.000000e+00 0.000000e+00)) ((-9.087049e-24 9.656593e-23 1.636873e-04) (-3.063425e-25 3.684430e-24 -1.503193e-07) (0.000000e+00 0.000000e+00 0.000000e+00))
117          	((2.733164e-04 -9.581003e-04 1.897412e-22) (1.257227e-05 8.076436e-07 1.454301e-23) (0.000000e+00 0.000000e+00 0.000000e+00)) ((-9.078079e-24 9.643469e-23 1.515120e-04) (-3.053526e-25 3.671899e-24 -1.504494e-07) (0.000000e+00 0.000000e+00 0.000000e+00))
118          	((2.754495e-04 -9.241601e-04 1.877571e-22) (1.251332e-05 8.134071e-07 1.449866e-23) (0.000000e+00 0.000000e+00 0.000000e+00)) ((-9.041585e-24 9.598406e-23 1.386160e-04) (-3.044470e-25 3.661639e-24 -1.544322e-07) (0.000000e+00 0.000000e+00 0.000000e+00))
119          	((2.775790e-04 -8.888913e-04 1.846938e-22) (1.245278e-05 8.138566e-07 1.444001e-23) (0.000000e+00 0.000000e+00 0.000000e+00)) ((-8.978494e-24 9.522393e-23 1.253460e-04) (-3.031873e-25 3.646813e-24 -1.560805e-07) (0.000000e+00 0.000000e+00 0.000000e+00))
120          	((2.796313e-04 -8.528171e-04 1.806350e-22) (1.238738e-05 8.153427e-07 1.439258e-23) (0.000000e+00 0.000000e+00 0.000000e+00)) ((-8.890420e-24 9.417402e-23 1.119041e-04) (-3.021939e-25 3.634844e-24 -1.585347e-07) (0.000000e+00 0.000000e+00 0.000000e+00))
121          	((2.815604e-04 -8.162450e-04 1.756176e-22) (1.231749e-05 8.162267e-07 1.434650e-23) (0.000000e+00 0.000000e+00 0.000000e+00)) ((-8.778248e-24 9.284466e-23 9.839709e-05) (-3.012453e-25 3.623217e-24 -1.609983e-07) (0.000000e+00 0.000000e+00 0.000000e+00))
122          	((2.834294e-04 -7.795485e-04 1.696977e-22) (1.225326e-05 8.074275e-07 1.427995e-23) (0.000000e+00 0.000000e+00 0.000000e+00)) ((-8.643106e-24 9.124952e-23 8.496923e-05) (-2.998194e-25 3.605151e-24 -1.587720e-07) (0.000000e+00 0.000000e+00 0.000000e+00))
123          	((2.850914e-04 -7.432399e-04 1.628977e-22) (1.218274e-05 8.067360e-07 1.424601e-23) (0.000000e+00 0.000000e+00 0.000000e+00)) ((-8.486015e-24 8.939951e-23 7.178385e-05) (-2.991494e-25 3.598302e-24 -1.608348e-07) (0.000000e+00 0.000000e+00 0.000000e+00))
124          	((2.866013e-04 -7.072149e-04 1.551880e-22) (1.210764e-05 8.052586e-07 1.420479e-23) (0.000000e+00 0.000000e+00 0.000000e+00)) ((-8.305679e-24 8.728071e-23 5.881061e-05) (-2.983340e-25 3.588805e-24 -1.628179e-07) (0.000000e+00 0.000000e+00 0.000000e+00))
125          	((2.879792e-04 -6.716915e-04 1.465841e-22) (1.203072e-05 8.029370e-07 1.416734e-23) (0.000000e+00 0.000000e+00 0.000000e+00)) ((-8.102746e-24 8.490014e-23 4.610079e-05) (-2.975552e-25 3.578274e-24 -1.645980e-07) (0.000000e+00 0.000000e+00 0.000000e+00))
126          	((2.892936e-04 -6.371259e-04 1.370968e-22) (1.196396e-05 7.891774e-07 1.414124e-23) (0.000000e+00 0.000000e+00 0.000000e+00)) ((-7.877393e-24 8.226001e-23 3.383744e-05) (-2.970696e-25 3.572609e-24 -1.607428e-07) (0.000000e+00 0.000000e+00 0.000000e+00))
127          	((2.903421e-04 -6.037890e-04 1.267531e-22) (1.188717e-05 7.853112e-07 1.413130e-23) (0.000000e+00 0.000000e+00 0.000000e+00)) ((-7.630562e-24 7.937072e-23 2.208786e-05) (-2.969299e-25 3.571084e-24 -1.620965e-07) (0.000000e+00 0.000000e+00 0.000000e+00))
128          	((2.911336e-04 -5.721072e-04 1.156077e-22) (1.180891e-05 7.817041e-07 1.408773e-23) (0.000000e+00 0.000000e+00 0.000000e+00)) ((-7.363125e-24 7.624342e-23 1.103422e-05) (-2.960971e-25 3.560686e-24 -1.637800e-07) (0.000000e+00 0.000000e+00 0.000000e+00))
129          	((2.917761e-04 -5.427730e-04 1.037062e-22) (1.174163e-05 7.674015e-07 1.406602e-23) (0.000000e+00 0.000000e+00 0.000000e+00)) ((-7.076877e-24 7.289759e-23 9.202850e-07) (-2.958094e-25 3.556887e-24 -1.601296e-07) (0.000000e+00 0.000000e+00 0.000000e+00))
130          	((2.921194e-04 -5.158756e-04 9.106853e-23) (1.166926e-05 7.601457e-07 1.403836e-23) (0.000000e+00 0.000000e+00 0.000000e+00)) ((-6.772227e-24 6.933815e-23 -8.237718e-06) (-2.954539e-25 3.552241e-24 -1.601368e-07) (0.000000e+00 0.000000e+00 0.000000e+00))
131          	((2.922123e-04 -4.913155e-04 7.793685e-23) (1.159389e-05 7.530578e-07 1.398536e-23) (0.000000e+00 0.000000e+00 0.000000e+00)) ((-6.454582e-24 6.562920e-23 -1.649714e-05) (-2.946083e-25 3.541339e-24 -1.604134e-07) (0.000000e+00 0.000000e+00 0.000000e+00))
132          	((2.921279e-04 -4.696163e-04 6.459733e-23) (1.152630e-05 7.388340e-07 1.395160e-23) (0.000000e+00 0.000000e+00 0.000000e+00)) ((-6.130584e-24 6.184891e-23 -2.366764e-05) (-2.942353e-25 3.536527e-24 -1.571226e-07) (0.000000e+00 0.000000e+00 0.000000e+00))
133          	((2.918282e-04 -4.506557e-04 5.117585e-23) (1.145623e-05 7.292116e-07 1.392664e-23) (0.000000e+00 0.000000e+00 0.000000e+00)) ((-5.803193e-24 5.803200e-23 -2.981958e-05) (-2.940829e-25 3.533634e-24 -1.561344e-07) (0.000000e+00 0.000000e+00 0.000000e+00))
134          	((2.912711e-04 -4.345518e-04 3.790332e-23) (1.138543e-05 7.213244e-07 1.386483e-23) (0.000000e+00 0.000000e+00 0.000000e+00)) ((-5.477657e-24 5.424047e-23 -3.489919e-05) (-2.931478e-25 3.521368e-24 -1.559881e-07) (0.000000e+00 0.000000e+00 0.000000e+00))
135          	((2.907328e-04 -4.202896e-04 2.411410e-23) (1.132915e-05 7.062391e-07 1.391161e-23) (0.000000e+00 0.000000e+00 0.000000e+00)) ((-5.143418e-24 5.033923e-23 -3.935651e-05) (-2.944197e-25 3.535707e-24 -1.519196e-07) (0.000000e+00 0.000000e+00 0.000000e+00))
136          	((2.898500e-04 -4.101897e-04 1.296347e-23) (1.126643e-05 6.974475e-07 1.366947e-23) (0.000000e+00 0.000000e+00 0.000000e+00)) ((-4.862022e-24 4.707842e-23 -4.223899e-05) (-2.897726e-25 3.479228e-24 -1.510388e-07) (0.000000e+00 0.000000e+00 0.000000e+00))
137          	((2.888229e-04 -4.025012e-04 1.618136e-24) (1.121115e-05 6.901431e-07 1.363860e-23) (0.000000e+00 0.000000e+00 0.000000e+00)) ((-4.579302e-24 4.379492e-23 -4.426355e-05) (-2.894788e-25 3.474994e-24 -1.505002e-07) (0.000000e+00 0.000000e+00 0.000000e+00))
138          	((2.875671e-04 -3.982814e-04 -7.756737e-24) (1.115787e-05 6.847521e-07 1.346547e-23) (0.000000e+00 0.000000e+00 0.000000e+00)) ((-4.339870e-24 4.102621e-23 -4.501166e-05) (-2.860374e-25 3.432210e-24 -1.506573e-07) (0.000000e+00 0.000000e+00 0.000000e+00))
139          	((2.861968e-04 -4.023711e-04 -1.491004e-23) (1.112191e-05 6.676951e-07 1.344201e-23) (0.000000e+00 0.000000e+00 0.000000e+00)) ((-4.161661e-24 3.895640e-23 -4.284077e-05) (-2.857211e-25 3.428096e-24 -1.446878e-07) (0.000000e+00 0.000000e+00 0.000000e+00))
140          	((2.840270e-04 -4.072698e-04 -1.709976e-23) (1.108195e-05 6.660864e-07 1.304735e-23) (0.000000e+00 0.000000e+00 0.000000e+00)) ((-4.074467e-24 3.801123e-23 -3.998220e-05) (-2.769304e-25 3.323750e-24 -1.458204e-07) (0.000000e+00 0.000000e+00 0.000000e+00))
141          	((2.824579e-04 -4.138458e-04 -2.065920e-23) (1.104327e-05 6.653356e-07 1.306523e-23) (0.000000e+00 0.000000e+00 0.000000e+00)) ((-3.976075e-24 3.688856e-23 -3.697062e-05) (-2.778631e-25 3.333297e-24 -1.472833e-07) (0.000000e+00 0.000000e+00 0.000000e+00))
142          	((2.809650e-04 -4.185117e-04 -1.971509e-23) (1.101665e-05 6.563952e-07 1.282999e-23) (0.000000e+00 0.000000e+00 0.000000e+00)) ((-3.965502e-24 3.683630e-23 -3.456590e-05) (-2.722005e-25 3.268624e-24 -1.441219e-07) (0.000000e+00 0.000000e+00 0.000000e+00))
143          	((2.791847e-04 -4.311178e-04 -1.614279e-23) (1.099006e-05 6.565960e-07 1.271176e-23) (0.000000e+00 0.000000e+00 0.000000e+00)) ((-4.022885e-24 3.756818e-23 -2.936761e-05) (-2.697331e-25 3.237092e-24 -1.453525e-07) (0.000000e+00 0.000000e+00 0.000000e+00))
144          	((2.775981e-04 -4.436668e-04 -1.196194e-23) (1.096953e-05 6.571672e-07 1.277213e-23) (0.000000e+00 0.000000e+00 0.000000e+00)) ((-4.100217e-24 3.852185e-23 -2.429652e-05) (-2.706695e-25 3.249695e-24 -1.462903e-07) (0.000000e+00 0.000000e+00 0.000000e+00))
145          	((2.759405e-04 -4.593932e-04 -5.407419e-24) (1.095577e-05 6.544119e-07 1.273027e-23) (0.000000e+00 0.000000e+00 0.000000e+00)) ((-4.234192e-24 4.013856e-23 -1.808722e-05) (-2.694356e-25 3.235788e-24 -1.452804e-07) (0.000000e+00 0.000000e+00 0.000000e+00))
146          	((2.741455e-04 -4.783686e-04 3.065355e-24) (1.094065e-05 6.578274e-07 1.284590e-23) (0.000000e+00 0.000000e+00 0.000000e+00)) ((-4.416558e-24 4.231606e-23 -1.073808e-05) (-2.715064e-25 3.260375e-24 -1.471415e-07) (0.000000e+00 0.000000e+00 0.000000e+00))
147          	((2.711843e-04 -5.142554e-04 1.338771e-23) (1.094592e-05 6.589050e-07 1.313588e-23) (0.000000e+00 0.000000e+00 0.000000e+00)) ((-4.660486e-24 4.517653e-23 2.982861e-06) (-2.772705e-25 3.329013e-24 -1.473439e-07) (0.000000e+00 0.000000e+00 0.000000e+00))
148          	((2.690548e-04 -5.394166e-04 2.377773e-23) (1.094982e-05 6.582994e-07 1.307774e-23) (0.000000e+00 0.000000e+00 0.000000e+00)) ((-4.895279e-24 4.795330e-23 1.265926e-05) (-2.759970e-25 3.315110e-24 -1.462362e-07) (0.000000e+00 0.000000e+00 0.000000e+00))
149          	((2.672008e-04 -5.631614e-04 3.468677e-23) (1.094568e-05 6.642473e-07 1.327367e-23) (0.000000e+00 0.000000e+00 0.000000e+00)) ((-5.147120e-24 5.091954e-23 2.164720e-05) (-2.796663e-25 3.359710e-24 -1.485082e-07) (0.000000e+00 0.000000e+00 0.000000e+00))
150          	((2.662196e-04 -5.764345e-04 4.464821e-23) (1.093980e-05 6.719348e-07 1.333782e-23) (0.000000e+00 0.000000e+00 0.000000e+00)) ((-5.372214e-24 5.358164e-23 2.660563e-05) (-2.806535e-25 3.372531e-24 -1.516011e-07) (0.000000e+00 0.000000e+00 0.000000e+00))
151          	((2.648024e-04 -6.032513e-04 5.531488e-23) (1.095310e-05 6.661322e-07 1.389999e-23) (0.000000e+00 0.000000e+00 0.000000e+00)) ((-5.640700e-24 5.669428e-23 3.639168e-05) (-2.921908e-25 3.511726e-24 -1.480380e-07) (0.000000e+00 0.000000e+00 0.000000e+00))
152          	((2.633970e-04 -6.254576e-04 6.480599e-23) (1.095658e-05 6.732701e-07 1.388035e-23) (0.000000e+00 0.000000e+00 0.000000e+00)) ((-5.874187e-24 5.941224e-23 4.460578e-05) (-2.919542e-25 3.507883e-24 -1.506962e-07) (0.000000e+00 0.000000e+00 0.000000e+00))
153          	((2.622290e-04 -6.445097e-04 7.346505e-23) (1.095169e-05 6.807096e-07 1.399108e-23) (0.000000e+00 0.000000e+00 0.000000e+00)) ((-6.089579e-24 6.191459e-23 5.161022e-05) (-2.941274e-25 3.534112e-24 -1.537183e-07) (0.000000e+00 0.000000e+00 0.000000e+00))
154          	((2.614364e-04 -6.595836e-04 8.075090e-23) (1.095417e-05 6.810034e-07 1.410662e-23) (0.000000e+00 0.000000e+00 0.000000e+00)) ((-6.274781e-24 6.405798e-23 5.709588e-05) (-2.965160e-25 3.563982e-24 -1.532020e-07) (0.000000e+00 0.000000e+00 0.000000e+00))
155          	((2.609308e-04 -6.708993e-04 8.658982e-23) (1.095213e-05 6.850328e-07 1.421332e-23) (0.000000e+00 0.000000e+00 0.000000e+00)) ((-6.427791e-24 6.581950e-23 6.114384e-05) (-2.987098e-25 3.589859e-24 -1.546944e-07) (0.000000e+00 0.000000e+00 0.000000e+00))
156          	((2.606279e-04 -6.786268e-04 9.100966e-23) (1.094479e-05 6.900982e-07 1.434827e-23) (0.000000e+00 0.000000e+00 0.000000e+00)) ((-6.548445e-24 6.719902e-23 6.383987e-05) (-3.015560e-25 3.623837e-24 -1.569190e-07) (0.000000e+00 0.000000e+00 0.000000e+00))
157          	((2.607225e-04 -6.801737e-04 9.455417e-23) (1.093969e-05 6.873200e-07 1.430945e-23) (0.000000e+00 0.000000e+00 0.000000e+00)) ((-6.641342e-24 6.826846e-23 6.427216e-05) (-3.006907e-25 3.614546e-24 -1.553154e-07) (0.000000e+00 0.000000e+00 0.000000e+00))
158          	((2.612187e-04 -6.777625e-04 9.573836e-23) (1.092682e-05 6.896974e-07 1.442425e-23) (0.000000e+00 0.000000e+00 0.000000e+00)) ((-6.685564e-24 6.875162e-23 6.312534e-05) (-3.032114e-25 3.644482e-24 -1.566130e-07) (0.000000e+00 0.000000e+00 0.000000e+00))
159          	((2.615473e-04 -6.742295e-04 9.565677e-23) (1.091457e-05 6.907126e-07 1.448999e-23) (0.000000e+00 0.000000e+00 0.000000e+00)) ((-6.699242e-24 6.887798e-23 6.167434e-05) (-3.046658e-25 3.662282e-24 -1.573744e-07) (0.000000e+00 0.000000e+00 0.000000e+00))
160          	((2.615997e-04 -6.743740e-04 9.441262e-23) (1.089735e-05 6.938887e-07 1.458414e-23) (0.000000e+00 0.000000e+00 0.000000e+00)) ((-6.690780e-24 6.873307e-23 6.162931e-05) (-3.068384e-25 3.686790e-24 -1.594807e-07) (0.000000e+00 0.000000e+00 0.000000e+00))
161          	((2.620061e-04 -6.681099e-04 9.248671e-23) (1.087938e-05 6.937556e-07 1.446890e-23) (0.000000e+00 0.000000e+00 0.000000e+00)) ((-6.656657e-24 6.830809e-23 5.926913e-05) (-3.043480e-25 3.657135e-24 -1.599628e-07) (0.000000e+00 0.000000e+00 0.000000e+00))
162          	((2.627489e-04 -6.596284e-04 8.861868e-23) (1.086969e-05 6.837350e-07 1.447151e-23) (0.000000e+00 0.000000e+00 0.000000e+00)) ((-6.580160e-24 6.737851e-23 5.602862e-05) (-3.048110e-25 3.663096e-24 -1.555685e-07) (0.000000e+00 0.000000e+00 0.000000e+00))
163          	((2.634326e-04 -6.478691e-04 8.367245e-23) (1.084341e-05 6.868079e-07 1.445612e-23) (0.000000e+00 0.000000e+00 0.000000e+00)) ((-6.475679e-24 6.612623e-23 5.161763e-05) (-3.045298e-25 3.658768e-24 -1.579733e-07) (0.000000e+00 0.000000e+00 0.000000e+00))
164          	((2.641736e-04 -6.347186e-04 7.822045e-23) (1.081678e-05 6.868307e-07 1.441970e-23) (0.000000e+00 0.000000e+00 0.000000e+00)) ((-6.356685e-24 6.470935e-23 4.671793e-05) (-3.038984e-25 3.651587e-24 -1.590706e-07) (0.000000e+00 0.000000e+00 0.000000e+00))
165          	((2.649205e-04 -6.215042e-04 7.254142e-23) (1.079179e-05 6.829980e-07 1.438280e-23) (0.000000e+00 0.000000e+00 0.000000e+00)) ((-6.230174e-24 6.320902e-23 4.183377e-05) (-3.032215e-25 3.643558e-24 -1.583495e-07) (0.000000e+00 0.000000e+00 0.000000e+00))
166          	((2.655175e-04 -6.084550e-04 6.684169e-23) (1.076372e-05 6.825981e-07 1.430848e-23) (0.000000e+00 0.000000e+00 0.000000e+00)) ((-6.100335e-24 6.167586e-23 3.706491e-05) (-3.017308e-25 3.624681e-24 -1.594093e-07) (0.000000e+00 0.000000e+00 0.000000e+00))
167          	((2.661055e-04 -5.958935e-04 6.125727e-23) (1.074079e-05 6.773719e-07 1.421021e-23) (0.000000e+00 0.000000e+00 0.000000e+00)) ((-5.970251e-24 6.014630e-23 3.251777e-05) (-2.998456e-25 3.602452e-24 -1.580550e-07) (0.000000e+00 0.000000e+00 0.000000e+00))
168          	((2.668450e-04 -5.815046e-04 5.624682e-23) (1.071224e-05 6.743473e-07 1.411694e-23) (0.000000e+00 0.000000e+00 0.000000e+00)) ((-5.848204e-24 5.872303e-23 2.726433e-05) (-2.978594e-25 3.578749e-24 -1.578635e-07) (0.000000e+00 0.000000e+00 0.000000e+00))
169          	((2.670751e-04 -5.712148e-04 5.067166e-23) (1.068826e-05 6.733983e-07 1.405481e-23) (0.000000e+00 0.000000e+00 0.000000e+00)) ((-5.715765e-24 5.717147e-23 2.366544e-05) (-2.968988e-25 3.565317e-24 -1.586022e-07) (0.000000e+00 0.000000e+00 0.000000e+00))
170          	((2.676634e-04 -5.570354e-04 4.549640e-23) (1.066826e-05 6.648819e-07 1.395311e-23) (0.000000e+00 0.000000e+00 0.000000e+00)) ((-5.586152e-24 5.566750e-23 1.858521e-05) (-2.947485e-25 3.541556e-24 -1.555343e-07) (0.000000e+00 0.000000e+00 0.000000e+00))
171          	((2.675856e-04 -5.501792e-04 4.084712e-23) (1.064691e-05 6.637640e-07 1.397772e-23) (0.000000e+00 0.000000e+00 0.000000e+00)) ((-5.473693e-24 5.435437e-23 1.632205e-05) (-2.953678e-25 3.547166e-24 -1.561569e-07) (0.000000e+00 0.000000e+00 0.000000e+00))
172          	((2.678134e-04 -5.397673e-04 3.711522e-23) (1.062063e-05 6.639579e-07 1.385420e-23) (0.000000e+00 0.000000e+00 0.000000e+00)) ((-5.375970e-24 5.322919e-23 1.266046e-05) (-2.926815e-25 3.515196e-24 -1.574396e-07) (0.000000e+00 0.000000e+00 0.000000e+00))
173          	((2.674809e-04 -5.369046e-04 3.361383e-23) (1.061308e-05 6.551925e-07 1.391529e-23) (0.000000e+00 0.000000e+00 0.000000e+00)) ((-5.289498e-24 5.222330e-23 1.192100e-05) (-2.941534e-25 3.533314e-24 -1.539687e-07) (0.000000e+00 0.000000e+00 0.000000e+00))
174          	((2.675933e-04 -5.298703e-04 3.092456e-23) (1.059051e-05 6.550516e-07 1.379712e-23) (0.000000e+00 0.000000e+00 0.000000e+00)) ((-5.217044e-24 5.139308e-23 9.472561e-06) (-2.915888e-25 3.502205e-24 -1.548967e-07) (0.000000e+00 0.000000e+00 0.000000e+00))
175          	((2.672914e-04 -5.268932e-04 2.921095e-23) (1.057395e-05 6.555350e-07 1.381183e-23) (0.000000e+00 0.000000e+00 0.000000e+00)) ((-5.167178e-24 5.082875e-23 8.625621e-06) (-2.917714e-25 3.504010e-24 -1.559614e-07) (0.000000e+00 0.000000e+00 0.000000e+00))
176          	((2.671563e-04 -5.239971e-04 2.779205e-23) (1.056721e-05 6.480721e-07 1.377249e-23) (0.000000e+00 0.000000e+00 0.000000e+00)) ((-5.124234e-24 5.034569e-23 7.755182e-06) (-2.910443e-25 3.496675e-24 -1.529012e-07) (0.000000e+00 0.000000e+00 0.000000e+00))
177          	((2.668338e-04 -5.231423e-04 2.697053e-23) (1.055254e-05 6.489969e-07 1.377897e-23) (0.000000e+00 0.000000e+00 0.000000e+00)) ((-5.096613e-24 5.003970e-23 7.633538e-06) (-2.910798e-25 3.495956e-24 -1.540053e-07) (0.000000e+00 0.000000e+00 0.000000e+00))
178          	((2.665070e-04 -5.233276e-04 2.659015e-23) (1.054124e-05 6.491500e-07 1.379025e-23) (0.000000e+00 0.000000e+00 0.000000e+00)) ((-5.080435e-24 4.986566e-23 7.865134e-06) (-2.912715e-25 3.498599e-24 -1.546189e-07) (0.000000e+00 0.000000e+00 0.000000e+00))
179          	((2.661411e-04 -5.246902e-04 2.671783e-23) (1.053547e-05 6.457694e-07 1.379231e-23) (0.000000e+00 0.000000e+00 0.000000e+00)) ((-5.076584e-24 4.983548e-23 8.532391e-06) (-2.912710e-25 3.498967e-24 -1.533351e-07) (0.000000e+00 0.000000e+00 0.000000e+00))
180          	((2.656935e-04 -5.270596e-04 2.722606e-23) (1.052567e-05 6.473791e-07 1.379813e-23) (0.000000e+00 0.000000e+00 0.000000e+00)) ((-5.082705e-24 4.992011e-23 9.560117e-06) (-2.913191e-25 3.498953e-24 -1.544945e-07) (0.000000e+00 0.000000e+00 0.000000e+00))
181          	((2.652244e-04 -5.305471e-04 2.815000e-23) (1.052186e-05 6.456260e-07 1.381405e-23) (0.000000e+00 0.000000e+00 0.000000e+00)) ((-5.099490e-24 5.012795e-23 1.099262e-05) (-2.916171e-25 3.503282e-24 -1.538358e-07) (0.000000e+00 0.000000e+00 0.000000e+00))
182          	((2.647395e-04 -5.344009e-04 2.930841e-23) (1.051705e-05 6.463375e-07 1.381630e-23) (0.000000e+00 0.000000e+00 0.000000e+00)) ((-5.122576e-24 5.040803e-23 1.254689e-05) (-2.916050e-25 3.502594e-24 -1.543423e-07) (0.000000e+00 0.000000e+00 0.000000e+00))
183          	((2.642429e-04 -5.387970e-04 3.073183e-23) (1.051313e-05 6.468435e-07 1.383195e-23) (0.000000e+00 0.000000e+00 0.000000e+00)) ((-5.152788e-24 5.076979e-23 1.428889e-05) (-2.918855e-25 3.506167e-24 -1.546819e-07) (0.000000e+00 0.000000e+00 0.000000e+00))
184          	((2.637831e-04 -5.436031e-04 3.231344e-23) (1.051731e-05 6.419678e-07 1.385923e-23) (0.000000e+00 0.000000e+00 0.000000e+00)) ((-5.187872e-24 5.118620e-23 1.617030e-05) (-2.924235e-25 3.513276e-24 -1.521682e-07) (0.000000e+00 0.000000e+00 0.000000e+00))
185          	((2.633592e-04 -5.482026e-04 3.406321e-23) (1.051737e-05 6.431495e-07 1.385928e-23) (0.000000e+00 0.000000e+00 0.000000e+00)) ((-5.227189e-24 5.165170e-23 1.795064e-05) (-2.923817e-25 3.512423e-24 -1.526533e-07) (0.000000e+00 0.000000e+00 0.000000e+00))
186          	((2.629083e-04 -5.527772e-04 3.588000e-23) (1.051259e-05 6.476443e-07 1.388370e-23) (0.000000e+00 0.000000e+00 0.000000e+00)) ((-5.269035e-24 5.214478e-23 1.970069e-05) (-2.928433e-25 3.517731e-24 -1.548397e-07) (0.000000e+00 0.000000e+00 0.000000e+00))
187          	((2.625300e-04 -5.574148e-04 3.774773e-23) (1.051557e-05 6.457203e-07 1.391759e-23) (0.000000e+00 0.000000e+00 0.000000e+00)) ((-5.312933e-24 5.266008e-23 2.146296e-05) (-2.935389e-25 3.527093e-24 -1.537284e-07) (0.000000e+00 0.000000e+00 0.000000e+00))
188          	((2.619155e-04 -5.649313e-04 3.968888e-23) (1.051672e-05 6.477995e-07 1.399188e-23) (0.000000e+00 0.000000e+00 0.000000e+00)) ((-5.362202e-24 5.323043e-23 2.432779e-05) (-2.950557e-25 3.544310e-24 -1.546055e-07) (0.000000e+00 0.000000e+00 0.000000e+00))
189          	((2.616952e-04 -5.673157e-04 4.135578e-23) (1.051283e-05 6.506794e-07 1.391954e-23) (0.000000e+00 0.000000e+00 0.000000e+00)) ((-5.400104e-24 5.367815e-23 2.523275e-05) (-2.935180e-25 3.525925e-24 -1.558892e-07) (0.000000e+00 0.000000e+00 0.000000e+00))
190          	((2.615376e-04 -5.703076e-04 4.301418e-23) (1.051811e-05 6.463639e-07 1.399826e-23) (0.000000e+00 0.000000e+00 0.000000e+00)) ((-5.440671e-24 5.415086e-23 2.632655e-05) (-2.951382e-25 3.546796e-24 -1.535449e-07) (0.000000e+00 0.000000e+00 0.000000e+00))
191          	((2.612571e-04 -5.746436e-04 4.450965e-23) (1.051777e-05 6.487882e-07 1.405756e-23) (0.000000e+00 0.000000e+00 0.000000e+00)) ((-5.480167e-24 5.460495e-23 2.792946e-05) (-2.963525e-25 3.560188e-24 -1.546090e-07) (0.000000e+00 0.000000e+00 0.000000e+00))
192          	((2.611065e-04 -5.765689e-04 4.581762e-23) (1.051386e-05 6.527336e-07 1.401591e-23) (0.000000e+00 0.000000e+00 0.000000e+00)) ((-5.511981e-24 5.497605e-23 2.863433e-05) (-2.954882e-25 3.549654e-24 -1.564616e-07) (0.000000e+00 0.000000e+00 0.000000e+00))
193          	((2.610051e-04 -5.787956e-04 4.690169e-23) (1.051867e-05 6.483179e-07 1.408487e-23) (0.000000e+00 0.000000e+00 0.000000e+00)) ((-5.540854e-24 5.530754e-23 2.944366e-05) (-2.969196e-25 3.568226e-24 -1.541001e-07) (0.000000e+00 0.000000e+00 0.000000e+00))
194          	((2.609146e-04 -5.803131e-04 4.770489e-23) (1.051642e-05 6.507044e-07 1.408793e-23) (0.000000e+00 0.000000e+00 0.000000e+00)) ((-5.563031e-24 5.556063e-23 2.999354e-05) (-2.969796e-25 3.567846e-24 -1.552033e-07) (0.000000e+00 0.000000e+00 0.000000e+00))
195          	((2.606910e-04 -5.822332e-04 4.817772e-23) (1.051266e-05 6.539596e-07 1.412192e-23) (0.000000e+00 0.000000e+00 0.000000e+00)) ((-5.578688e-24 5.573446e-23 3.072703e-05) (-2.977101e-25 3.576245e-24 -1.567968e-07) (0.000000e+00 0.000000e+00 0.000000e+00))
196          	((2.607078e-04 -5.827660e-04 4.859647e-23) (1.051425e-05 6.513220e-07 1.411154e-23) (0.000000e+00 0.000000e+00 0.000000e+00)) ((-5.591258e-24 5.587603e-23 3.090783e-05) (-2.975271e-25 3.575116e-24 -1.554349e-07) (0.000000e+00 0.000000e+00 0.000000e+00))
197          	((2.607621e-04 -5.826066e-04 4.849577e-23) (1.051024e-05 6.525413e-07 1.412999e-23) (0.000000e+00 0.000000e+00 0.000000e+00)) ((-5.593027e-24 5.588772e-23 3.081762e-05) (-2.979406e-25 3.579232e-24 -1.560814e-07) (0.000000e+00 0.000000e+00 0.000000e+00))
198          	((2.607560e-04 -5.813730e-04 4.819352e-23) (1.050408e-05 6.550811e-07 1.411835e-23) (0.000000e+00 0.000000e+00 0.000000e+00)) ((-5.588475e-24 5.582869e-23 3.037572e-05) (-2.976715e-25 3.575802e-24 -1.574295e-07) (0.000000e+00 0.000000e+00 0.000000e+00))
199          	((2.608992e-04 -5.802778e-04 4.777331e-23) (1.050631e-05 6.497900e-07 1.413131e-23) (0.000000e+00 0.000000e+00 0.000000e+00)) ((-5.581681e-24 5.574217e-23 2.994742e-05) (-2.980498e-25 3.581461e-24 -1.548447e-07) (0.000000e+00 0.000000e+00 0.000000e+00))
200          	((2.610109e-04 -5.784685e-04 4.699138e-23) (1.050106e-05 6.516621e-07 1.412856e-23) (0.000000e+00 0.000000e+00 0.000000e+00)) ((-5.566348e-24 5.555551e-23 2.926687e-05) (-2.979936e-25 3.579709e-24 -1.559102e-07) (0.000000e+00 0.000000e+00 0.000000e+00))
201          	((2.610876e-04 -5.763066e-04 4.612376e-23) (1.049282e-05 6.541681e-07 1.411375e-23) (0.000000e+00 0.000000e+00 0.000000e+00)) ((-5.548114e-24 5.533674e-23 2.846935e-05) (-2.977065e-25 3.575987e-24 -1.573686e-07) (0.000000e+00 0.000000e+00 0.000000e+00))
202          	((2.612170e-04 -5.736731e-04 4.505159e-23) (1.049143e-05 6.507515e-07 1.410522e-23) (0.000000e+00 0.000000e+00 0.000000e+00)) ((-5.524520e-24 5.505626e-23 2.751505e-05) (-2.975928e-25 3.575588e-24 -1.558324e-07) (0.000000e+00 0.000000e+00 0.000000e+00))
203          	((2.613302e-04 -5.714767e-04 4.407786e-23) (1.048528e-05 6.514012e-07 1.410677e-23) (0.000000e+00 0.000000e+00 0.000000e+00)) ((-5.503143e-24 5.480201e-23 2.670924e-05) (-2.976145e-25 3.575021e-24 -1.563988e-07) (0.000000e+00 0.000000e+00 0.000000e+00))
204          	((2.614091e-04 -5.686255e-04 4.284889e-23) (1.047725e-05 6.532800e-07 1.407883e-23) (0.000000e+00 0.000000e+00 0.000000e+00)) ((-5.475063e-24 5.447063e-23 2.568649e-05) (-2.970672e-25 3.568094e-24 -1.576114e-07) (0.000000e+00 0.000000e+00 0.000000e+00))
205          	((2.615685e-04 -5.658014e-04 4.172737e-23) (1.047752e-05 6.472796e-07 1.406629e-23) (0.000000e+00 0.000000e+00 0.000000e+00)) ((-5.448624e-24 5.416045e-23 2.467087e-05) (-2.968699e-25 3.566997e-24 -1.548059e-07) (0.000000e+00 0.000000e+00 0.000000e+00))
206          	((2.616524e-04 -5.631479e-04 4.056120e-23) (1.047126e-05 6.485685e-07 1.405011e-23) (0.000000e+00 0.000000e+00 0.000000e+00)) ((-5.420915e-24 5.383584e-23 2.372822e-05) (-2.965296e-25 3.561788e-24 -1.556992e-07) (0.000000e+00 0.000000e+00 0.000000e+00))
207          	((2.617105e-04 -5.605428e-04 3.941599e-23) (1.046237e-05 6.507511e-07 1.404422e-23) (0.000000e+00 0.000000e+00 0.000000e+00)) ((-5.393619e-24 5.351626e-23 2.279809e-05) (-2.964120e-25 3.560150e-24 -1.571052e-07) (0.000000e+00 0.000000e+00 0.000000e+00))
208          	((2.618012e-04 -5.578174e-04 3.828672e-23) (1.046074e-05 6.470795e-07 1.401814e-23) (0.000000e+00 0.000000e+00 0.000000e+00)) ((-5.365733e-24 5.319186e-23 2.183988e-05) (-2.959340e-25 3.555375e-24 -1.555053e-07) (0.000000e+00 0.000000e+00 0.000000e+00))
209          	((2.618845e-04 -5.549040e-04 3.728871e-23) (1.045412e-05 6.473703e-07 1.399870e-23) (0.000000e+00 0.000000e+00 0.000000e+00)) ((-5.340007e-24 5.289485e-23 2.081125e-05) (-2.954911e-25 3.549343e-24 -1.559285e-07) (0.000000e+00 0.000000e+00 0.000000e+00))
210          	((2.618868e-04 -5.535129e-04 3.644686e-23) (1.044650e-05 6.489119e-07 1.401783e-23) (0.000000e+00 0.000000e+00 0.000000e+00)) ((-5.319615e-24 5.265681e-23 2.033073e-05) (-2.958987e-25 3.553837e-24 -1.570121e-07) (0.000000e+00 0.000000e+00 0.000000e+00))
211          	((2.619217e-04 -5.519878e-04 3.560431e-23) (1.044805e-05 6.430534e-07 1.400020e-23) (0.000000e+00 0.000000e+00 0.000000e+00)) ((-5.298332e-24 5.241022e-23 1.982050e-05) (-2.955977e-25 3.551488e-24 -1.542557e-07) (0.000000e+00 0.000000e+00 0.000000e+00))
212          	((2.618231e-04 -5.510822e-04 3.486988e-23) (1.044369e-05 6.443761e-07 1.398014e-23) (0.000000e+00 0.000000e+00 0.000000e+00)) ((-5.279055e-24 5.218836e-23 1.957351e-05) (-2.951526e-25 3.545030e-24 -1.551058e-07) (0.000000e+00 0.000000e+00 0.000000e+00))
213          	((2.617846e-04 -5.499929e-04 3.428830e-23) (1.043503e-05 6.466046e-07 1.398202e-23) (0.000000e+00 0.000000e+00 0.000000e+00)) ((-5.263843e-24 5.201318e-23 1.921064e-05) (-2.951651e-25 3.545080e-24 -1.565020e-07) (0.000000e+00 0.000000e+00 0.000000e+00))
