/*--------------------------------*- C++ -*----------------------------------*\
| =========                 |                                                 |
| \\      /  F ield         | OpenFOAM: The Open Source CFD Toolbox           |
|  \\    /   O peration     | Version:  5.x                                   |
|   \\  /    A nd           | Web:      www.OpenFOAM.org                      |
|    \\/     M anipulation  |                                                 |
\*---------------------------------------------------------------------------*/
FoamFile
{
    version     2.0;
    format      ascii;
    class       volScalarField;
    location    "231";
    object      nut;
}
// * * * * * * * * * * * * * * * * * * * * * * * * * * * * * * * * * * * * * //

dimensions      [0 2 -1 0 0 0 0];

internalField   nonuniform List<scalar> 
5760
(
8.00632e-05
7.89752e-05
7.84494e-05
7.75551e-05
7.7071e-05
7.62374e-05
7.58777e-05
7.52242e-05
7.5036e-05
7.46778e-05
7.46561e-05
7.46828e-05
7.48187e-05
7.5142e-05
7.54151e-05
7.60831e-05
7.61913e-05
7.84309e-05
0.000659998
0.000513534
0.000443648
0.000397359
0.000370325
0.000346744
0.000334497
0.000319954
0.000318295
0.000306837
0.000311418
0.000301208
0.000309346
0.000299438
0.000309757
0.000299438
0.000311172
0.000291909
0.000834817
0.000812596
0.000774415
0.000726044
0.000692097
0.000652718
0.000627903
0.000596884
0.000579611
0.000553398
0.00054189
0.000518603
0.000511093
0.000490476
0.000484277
0.000468746
0.000458115
0.000442948
0.000850822
0.000849994
0.0008448
0.000836493
0.000829662
0.000812479
0.000803081
0.000784536
0.000775012
0.000756923
0.000748035
0.000731211
0.000722907
0.000707715
0.0006997
0.000686393
0.000677784
0.000665238
0.000851997
0.000851517
0.000851726
0.000850758
0.000849798
0.000848332
0.000846631
0.000842926
0.000840593
0.0008356
0.000832709
0.000826982
0.000823794
0.000817736
0.000814366
0.000808279
0.000804753
0.000798478
0.000852004
0.000851679
0.000851743
0.000851463
0.00085151
0.000851159
0.000851181
0.000850693
0.000850461
0.000849838
0.000849257
0.000848533
0.000847573
0.000846821
0.000845475
0.00084471
0.000842947
0.00084175
0.000851948
0.000851749
0.000851676
0.000851503
0.000851436
0.000851286
0.000851221
0.000851101
0.000851025
0.000850916
0.000850818
0.000850697
0.000850573
0.000850419
0.000850277
0.00085007
0.000849919
0.000849647
0.000851923
0.000851772
0.000851652
0.000851518
0.000851407
0.000851287
0.000851186
0.000851081
0.000850989
0.000850895
0.000850812
0.000850727
0.000850652
0.000850573
0.000850505
0.00085043
0.000850364
0.000850293
0.000851917
0.000851776
0.000851646
0.000851519
0.000851401
0.000851286
0.000851178
0.000851073
0.000850975
0.00085088
0.000850791
0.000850705
0.000850624
0.000850546
0.000850473
0.000850402
0.000850336
0.00085027
0.000851916
0.000851776
0.000851644
0.000851518
0.000851398
0.000851283
0.000851174
0.000851069
0.00085097
0.000850874
0.000850784
0.000850696
0.000850614
0.000850534
0.000850459
0.000850385
0.000850317
0.000850249
0.000851916
0.000851776
0.000851644
0.000851516
0.000851396
0.00085128
0.000851171
0.000851065
0.000850965
0.000850868
0.000850778
0.000850689
0.000850607
0.000850525
0.00085045
0.000850374
0.000850306
0.000850236
0.000851916
0.000851776
0.000851644
0.000851515
0.000851395
0.000851278
0.000851169
0.000851061
0.000850962
0.000850864
0.000850773
0.000850683
0.000850601
0.000850518
0.000850444
0.000850367
0.000850299
0.000850229
0.000851916
0.000851775
0.000851644
0.000851514
0.000851395
0.000851277
0.000851169
0.00085106
0.000850963
0.000850864
0.000850775
0.000850684
0.000850603
0.000850519
0.000850445
0.000850368
0.0008503
0.000850228
0.000851919
0.000851773
0.000851646
0.000851513
0.000851397
0.000851275
0.000851169
0.000851057
0.000850962
0.000850861
0.000850775
0.000850685
0.000850607
0.000850526
0.000850455
0.000850383
0.000850318
0.000850254
0.00085192
0.000851771
0.000851648
0.000851512
0.0008514
0.000851278
0.000851178
0.000851073
0.000850982
0.000850891
0.000850804
0.000850726
0.00085064
0.000850572
0.000850484
0.000850428
0.000850337
0.000850291
0.000851889
0.000851799
0.00085163
0.000851545
0.000851415
0.000851379
0.000851284
0.000851268
0.000851146
0.000851112
0.000850931
0.000850855
0.000850602
0.000850474
0.000850143
0.00084996
0.000849553
0.000849314
0.000851623
0.000852046
0.00085144
0.000851947
0.000851374
0.000851093
0.000849822
0.000848329
0.000845994
0.00084371
0.000840117
0.000837106
0.000832354
0.000828749
0.000823031
0.000818861
0.000812473
0.000807642
0.000850193
0.00085099
0.000842928
0.000839519
0.00081512
0.000801987
0.000767509
0.000748783
0.000709024
0.000687773
0.00064622
0.000624344
0.000584272
0.000562534
0.000526517
0.000505023
0.000473914
0.000453702
0.000787199
0.000776061
0.000600528
0.000502078
0.000379034
0.000328644
0.000258066
0.000230472
0.00018769
0.000170703
0.00014415
0.000132846
0.000115926
0.000108191
9.71348e-05
9.17444e-05
8.43274e-05
8.04752e-05
0.000180515
0.000177145
4.76105e-05
5.28831e-05
5.89775e-05
6.46047e-05
7.05653e-05
7.62342e-05
8.20146e-05
8.75523e-05
9.30532e-05
9.83205e-05
0.000103458
0.000108361
0.000113079
0.000117563
0.000121837
0.000125882
7.66387e-05
0.00015488
0.000179625
0.000194067
0.00020878
0.000221182
0.000343091
0.000356135
0.000451322
6.30017e-05
5.61685e-05
5.7273e-05
6.02762e-05
6.48211e-05
7.01103e-05
7.60426e-05
8.25366e-05
8.94125e-05
9.65018e-05
0.000103668
0.000110784
0.000117798
0.000124683
0.00013143
0.000138041
0.000144528
0.000150905
0.000157188
0.000163391
0.000169529
0.000175614
0.000181654
0.000187657
0.000193629
0.00019957
0.000205483
0.000211364
0.000217212
0.000223021
0.000228786
0.000234499
0.000240153
0.000245739
0.000251248
0.000256671
0.000261996
0.000267214
0.000272315
0.000277288
0.000282122
0.000286805
0.000291326
0.000295671
0.000299824
0.000303766
0.000307481
0.000310962
0.000314264
0.000317351
0.000320222
0.000322875
0.000325301
0.000327497
0.000329457
0.000331178
0.000332655
0.000333885
0.000334867
0.000335601
0.000336086
0.000336326
0.000336322
0.00033608
0.000335607
0.000334868
0.000333847
0.000332634
0.000331279
0.000329651
0.000327796
0.00032573
0.000323464
0.000321006
0.000318364
0.000315549
0.000312569
0.000309439
0.000306168
0.000302772
0.000299262
0.000295656
0.000291964
0.00028821
0.000284413
0.000280938
0.000278541
0.000276285
0.000273776
0.000271493
0.000264821
0.000139643
0.000237738
0.000315938
0.000385708
0.000439656
0.000456487
0.000478616
0.000476225
0.00045344
0.000380737
0.00036608
0.000367575
0.000374604
0.000383974
0.000396555
0.000413851
0.000436406
0.000463988
0.000496009
0.000533005
0.000573337
0.000615832
0.000660285
0.000706087
0.000752809
0.000800126
0.000847832
0.000895816
0.000944036
0.000992508
0.00104129
0.00109045
0.0011401
0.0011903
0.00124115
0.00129271
0.00134501
0.00139811
0.001452
0.00150669
0.00156214
0.00161831
0.00167515
0.00173257
0.00179049
0.00184881
0.00190741
0.00196619
0.00202503
0.0020838
0.00214239
0.0022007
0.00225859
0.00231592
0.00237244
0.00242753
0.00247974
0.00252588
0.00257115
0.00261487
0.00265706
0.00269762
0.00273645
0.00277346
0.00280857
0.00284168
0.00287273
0.00290165
0.00292838
0.00295286
0.00297507
0.00299499
0.00301267
0.00302829
0.00304219
0.00305188
0.00305887
0.00306571
0.00306989
0.00307131
0.0030704
0.00306726
0.00306198
0.00305461
0.00304523
0.00303392
0.0030208
0.00300598
0.0029896
0.00297179
0.00295273
0.00293253
0.00291134
0.00288891
0.00286057
0.00282178
0.00278116
0.00273902
0.00269473
0.0026064
0.000245587
0.000365016
0.000448162
0.000511678
0.000550887
0.000579453
0.000599356
0.000609499
0.000611757
0.000607213
0.000615524
0.000633593
0.000659238
0.000691666
0.000731684
0.000780164
0.000837282
0.000902593
0.00097522
0.00105219
0.00113331
0.00122082
0.00131032
0.00140141
0.00149348
0.00158616
0.00167928
0.00177284
0.00186687
0.00196146
0.0020567
0.00215276
0.00224981
0.00234796
0.00244733
0.00254801
0.00265002
0.00275341
0.00285815
0.0029642
0.00307149
0.00317991
0.00328933
0.0033996
0.00351054
0.00362196
0.00373366
0.0038454
0.00395698
0.00406815
0.00417866
0.00428827
0.00439667
0.0045035
0.00460821
0.00470998
0.00480757
0.0049004
0.004991
0.00507864
0.00516322
0.00524452
0.00532234
0.0053965
0.00546683
0.00553317
0.00559537
0.0056533
0.00570682
0.00575583
0.00580026
0.00584008
0.00587541
0.00590647
0.00593445
0.00595465
0.00596849
0.00598209
0.0059899
0.00599269
0.00599079
0.00598438
0.00597359
0.00595855
0.00593942
0.00591638
0.00588962
0.00585938
0.0058259
0.00578946
0.00575035
0.00570885
0.00566523
0.00561924
0.00556677
0.00550334
0.00543657
0.00536634
0.00529004
0.00514346
0.000359828
0.00047734
0.000556549
0.000621387
0.000670511
0.000703987
0.000729028
0.000750022
0.000770189
0.000792298
0.000822029
0.000860519
0.000908188
0.000965623
0.00103353
0.00111219
0.00120118
0.00129947
0.00140568
0.00151831
0.00163639
0.00175627
0.00187858
0.00200263
0.00212786
0.00225389
0.00238058
0.00250815
0.00263669
0.00276642
0.00289776
0.0030304
0.00316449
0.00330015
0.00343748
0.00357655
0.00371739
0.00386
0.00400432
0.00415028
0.00429775
0.00444657
0.00459656
0.0047475
0.00489914
0.00505122
0.00520345
0.00535554
0.00550718
0.00565804
0.00580777
0.005956
0.00610235
0.00624632
0.00638735
0.00652473
0.00665763
0.00678622
0.00691141
0.00703267
0.00714974
0.00726237
0.00737028
0.00747322
0.00757097
0.00766332
0.00775006
0.007831
0.00790597
0.00797482
0.00803743
0.00809376
0.0081439
0.00818845
0.00822912
0.0082579
0.00828011
0.00830055
0.0083133
0.00831929
0.0083189
0.00831231
0.00829971
0.00828126
0.00825716
0.00822763
0.00819293
0.00815335
0.00810919
0.00806082
0.0080086
0.00795291
0.00789411
0.00783212
0.0077642
0.00768717
0.00760616
0.00752086
0.00742705
0.00726078
0.000402377
0.000562104
0.000654379
0.000730314
0.0007876
0.000829048
0.000861887
0.000893008
0.000926866
0.000966315
0.00101411
0.00107183
0.0011405
0.00122086
0.00131314
0.00141701
0.00153149
0.0016552
0.00178656
0.00192398
0.00206599
0.00221088
0.00235837
0.00250786
0.00265897
0.00281155
0.00296554
0.00312071
0.00327711
0.00343479
0.00359369
0.00375416
0.00391639
0.00408049
0.00424652
0.00441452
0.00458449
0.00475637
0.00493008
0.00510549
0.00528245
0.00546073
0.00564012
0.00582035
0.00600111
0.00618211
0.00636301
0.00654346
0.0067231
0.00690155
0.00707843
0.00725333
0.0074258
0.00759538
0.00776159
0.00792396
0.00808231
0.00823637
0.00838627
0.0085316
0.00867206
0.00880733
0.00893712
0.00906115
0.00917916
0.00929089
0.00939612
0.00949461
0.00958616
0.0096706
0.00974775
0.00981753
0.0098799
0.00993666
0.00998802
0.0100248
0.0100563
0.0100839
0.0101028
0.0101139
0.0101174
0.0101136
0.0101027
0.0100849
0.0100604
0.0100293
0.00999208
0.00994892
0.00990018
0.00984625
0.00978753
0.00972445
0.00965744
0.00958661
0.00951045
0.00942703
0.00933955
0.00924771
0.00914636
0.00898168
0.000638399
0.000650562
0.000745645
0.000834197
0.000902156
0.000952351
0.000993532
0.00103415
0.00107966
0.00113313
0.0011966
0.00127143
0.00135849
0.00145814
0.00157014
0.00169367
0.00182749
0.0019701
0.00211995
0.00227557
0.00243565
0.00259907
0.00276529
0.00293378
0.00310419
0.00327631
0.00345
0.00362514
0.00380172
0.00397977
0.00415933
0.00434062
0.00452374
0.00470878
0.00489577
0.00508472
0.00527561
0.00546835
0.00566286
0.00585898
0.00605655
0.00625533
0.0064551
0.00665556
0.00685644
0.00705739
0.00725809
0.00745817
0.00765726
0.00785497
0.0080509
0.00824465
0.00843578
0.00862384
0.00880843
0.00898914
0.00916572
0.00933789
0.00950552
0.00966823
0.00982568
0.00997755
0.0101235
0.0102633
0.0103965
0.010523
0.0106425
0.0107547
0.0108594
0.0109563
0.0110454
0.0111264
0.0111993
0.0112668
0.0113265
0.0113719
0.0114125
0.0114473
0.0114729
0.0114899
0.0114987
0.0114996
0.0114925
0.0114779
0.0114558
0.0114264
0.0113902
0.0113472
0.011298
0.0112428
0.0111821
0.0111163
0.0110459
0.0109712
0.0108915
0.0108058
0.0107163
0.010623
0.0105202
0.0103665
0.000624437
0.000665916
0.000807541
0.000924787
0.00100912
0.00107029
0.0011207
0.00117067
0.00122669
0.00129221
0.00136911
0.00145842
0.00156061
0.00167561
0.0018028
0.0019411
0.00208915
0.0022455
0.00240872
0.00257755
0.00275088
0.00292775
0.00310757
0.00328984
0.00347426
0.00366054
0.00384856
0.00403825
0.00422951
0.00442228
0.00461663
0.00481265
0.00501043
0.00521001
0.0054114
0.0056146
0.00581958
0.00602627
0.00623456
0.00644432
0.00665539
0.00686756
0.0070806
0.00729427
0.00750828
0.00772231
0.00793606
0.00814916
0.00836127
0.00857199
0.00878094
0.00898771
0.0091919
0.00939308
0.00959085
0.00978485
0.00997474
0.0101602
0.010341
0.0105168
0.0106871
0.0108517
0.0110102
0.0111623
0.0113076
0.0114459
0.011577
0.0117004
0.0118161
0.0119236
0.0120229
0.0121137
0.012196
0.0122729
0.0123399
0.0123941
0.0124434
0.0124856
0.0125181
0.0125417
0.0125566
0.0125631
0.0125613
0.0125514
0.0125335
0.012508
0.012475
0.0124348
0.0123877
0.0123341
0.0122744
0.0122091
0.0121385
0.0120632
0.0119831
0.0118978
0.011809
0.011717
0.0116164
0.0114779
6.13584e-05
0.000517063
0.000821043
0.000996594
0.00110529
0.00118011
0.00124075
0.00130009
0.00136576
0.00144171
0.00152983
0.00163088
0.00174493
0.00187158
0.00201015
0.00215923
0.00231744
0.00248339
0.0026558
0.00283339
0.00301551
0.00320152
0.00339079
0.00358273
0.00377651
0.00397218
0.00416963
0.00436899
0.00456998
0.00477239
0.00497621
0.00518151
0.00538836
0.00559677
0.00580678
0.00601838
0.00623156
0.00644627
0.00666245
0.00687999
0.00709876
0.00731863
0.00753938
0.00776081
0.00798268
0.0082047
0.00842659
0.00864802
0.00886863
0.00908808
0.00930598
0.00952192
0.0097355
0.00994632
0.010154
0.010358
0.0105582
0.010754
0.0109452
0.0111314
0.0113122
0.0114872
0.011656
0.0118184
0.011974
0.0121224
0.0122634
0.0123967
0.012522
0.012639
0.0127475
0.0128473
0.0129385
0.0130236
0.0130976
0.0131606
0.0132184
0.0132681
0.0133078
0.0133383
0.0133599
0.0133727
0.013377
0.0133728
0.0133605
0.0133401
0.0133118
0.013276
0.0132329
0.0131829
0.0131263
0.0130635
0.0129951
0.0129214
0.0128429
0.0127597
0.0126733
0.0125842
0.0124878
0.0123647
5.61203e-05
0.000502932
0.000849768
0.00106089
0.00119125
0.00128015
0.00135151
0.00142016
0.0014947
0.00157962
0.00167685
0.00178724
0.00191023
0.00204484
0.00218948
0.00234421
0.00250776
0.00267889
0.00285648
0.00303962
0.00322744
0.00341915
0.00361411
0.00381176
0.00401187
0.00421397
0.00441768
0.00462217
0.00482828
0.00503548
0.00524374
0.00545317
0.00566383
0.0058758
0.00608911
0.00630382
0.00651996
0.00673754
0.00695657
0.007177
0.00739878
0.0076218
0.00784595
0.00807105
0.00829691
0.00852329
0.00874991
0.00897648
0.00920266
0.00942808
0.00965237
0.00987511
0.0100959
0.0103143
0.0105298
0.0107422
0.0109508
0.0111554
0.0113554
0.0115506
0.0117405
0.0119246
0.0121027
0.0122743
0.0124391
0.0125967
0.0127469
0.0128893
0.0130236
0.0131495
0.0132668
0.0133751
0.0134751
0.0135673
0.0136487
0.0137206
0.0137867
0.0138442
0.0138913
0.0139289
0.0139576
0.0139773
0.0139883
0.0139908
0.0139847
0.0139704
0.0139481
0.0139179
0.0138801
0.013835
0.0137829
0.0137242
0.0136594
0.0135891
0.0135137
0.0134338
0.0133508
0.0132657
0.0131742
0.0130654
5.61305e-05
0.000507191
0.000879932
0.00111707
0.00126628
0.00136901
0.0014512
0.00152895
0.00161158
0.00170421
0.0018082
0.00192316
0.00205003
0.00218843
0.00233777
0.00249703
0.0026646
0.00283929
0.00302005
0.00320597
0.00339614
0.00358979
0.00378632
0.00398524
0.0041862
0.0043888
0.00459275
0.00479845
0.00500527
0.00521247
0.00542016
0.0056286
0.00583798
0.00604841
0.00626004
0.00647299
0.0066874
0.00690337
0.007121
0.00734035
0.00756141
0.00778418
0.00800857
0.00823448
0.00846173
0.00869012
0.00891938
0.00914921
0.00937926
0.00960916
0.0098385
0.0100668
0.0102937
0.0105187
0.0107412
0.0109609
0.0111772
0.0113898
0.011598
0.0118015
0.0119999
0.0121927
0.0123794
0.0125598
0.0127334
0.0128999
0.0130589
0.01321
0.0133531
0.0134878
0.0136137
0.0137306
0.013839
0.0139381
0.0140273
0.0141081
0.0141825
0.0142484
0.0143029
0.0143481
0.0143842
0.0144114
0.0144297
0.0144393
0.0144403
0.014433
0.0144174
0.0143937
0.0143622
0.0143231
0.0142767
0.0142234
0.0141636
0.0140978
0.0140267
0.0139509
0.0138721
0.0137916
0.0137054
0.0136095
5.66345e-05
0.000513498
0.00090559
0.00116327
0.00132938
0.00144549
0.00153838
0.001625
0.00171432
0.00181032
0.00191715
0.00203628
0.00216759
0.00230978
0.00246192
0.0026223
0.00279017
0.00296452
0.00314438
0.00332878
0.00351692
0.00370817
0.00390197
0.00409772
0.00429505
0.00449367
0.004693
0.00489448
0.00509676
0.00529907
0.00550097
0.00570325
0.00590628
0.00611032
0.00631562
0.00652245
0.0067311
0.0069418
0.00715474
0.00737006
0.00758785
0.00780815
0.00803091
0.00825603
0.00848336
0.00871268
0.00894369
0.00917608
0.00940945
0.00964338
0.0098774
0.010111
0.0103438
0.0105751
0.0108044
0.0110313
0.0112552
0.0114755
0.0116917
0.0119035
0.0121102
0.0123115
0.0125069
0.0126959
0.0128782
0.0130534
0.0132212
0.0133811
0.0135329
0.0136763
0.0138109
0.0139365
0.0140532
0.0141599
0.0142567
0.0143463
0.0144297
0.0145042
0.0145664
0.0146196
0.0146636
0.0146987
0.0147249
0.0147423
0.0147511
0.0147514
0.0147433
0.0147271
0.0147028
0.0146708
0.0146311
0.0145841
0.0145303
0.0144701
0.0144043
0.0143336
0.0142596
0.014184
0.0141032
0.014019
5.72043e-05
0.0005166
0.000923431
0.00119833
0.00137993
0.00150882
0.00161117
0.00170302
0.00179618
0.00189741
0.00200902
0.00213151
0.00226401
0.00240598
0.00255651
0.00271453
0.00287912
0.00304932
0.00322428
0.00340333
0.00358513
0.0037689
0.00395428
0.00414104
0.00432902
0.00451838
0.00471036
0.00490206
0.00509316
0.00528428
0.00547492
0.00566592
0.00585789
0.00605121
0.00624628
0.00644358
0.00664355
0.00684655
0.00705288
0.00726271
0.00747617
0.00769328
0.007914
0.00813819
0.00836564
0.00859608
0.00882915
0.00906447
0.00930157
0.00953995
0.00977909
0.0100184
0.0102574
0.0104954
0.0107318
0.0109661
0.0111976
0.0114259
0.0116503
0.0118704
0.0120856
0.0122955
0.0124995
0.0126972
0.0128883
0.0130724
0.0132489
0.0134177
0.0135784
0.0137306
0.0138741
0.0140085
0.0141337
0.0142479
0.0143534
0.0144514
0.0145447
0.0146277
0.0146982
0.0147597
0.0148122
0.0148557
0.0148904
0.0149163
0.0149335
0.0149422
0.0149425
0.0149346
0.0149184
0.0148943
0.0148624
0.0148228
0.014776
0.0147224
0.0146628
0.0145979
0.0145295
0.0144593
0.014384
0.0143103
5.75937e-05
0.000515329
0.000932696
0.00122163
0.00141524
0.00155344
0.00166337
0.0017632
0.00186282
0.00196782
0.0020806
0.00220246
0.00233337
0.00247342
0.00262111
0.00277479
0.00293324
0.00309543
0.00326047
0.00342724
0.00359502
0.00376364
0.00393347
0.00410529
0.00428008
0.00445523
0.00462906
0.00480218
0.00497508
0.00514849
0.00532278
0.00549825
0.00567567
0.00585544
0.00603806
0.00622425
0.00641461
0.00660958
0.00680944
0.00701435
0.00722436
0.00743941
0.00765937
0.00788399
0.00811296
0.0083459
0.00858236
0.00882184
0.00906379
0.00930764
0.00955278
0.00979859
0.0100444
0.0102896
0.0105336
0.0107756
0.0110152
0.0112516
0.0114844
0.011713
0.0119368
0.0121552
0.012368
0.0125745
0.0127744
0.0129673
0.0131528
0.0133306
0.0135002
0.0136614
0.0138138
0.0139572
0.0140911
0.014213
0.014328
0.0144346
0.0145383
0.0146298
0.0147092
0.0147796
0.0148411
0.0148937
0.0149375
0.0149725
0.0149989
0.0150168
0.0150263
0.0150275
0.0150205
0.0150053
0.014982
0.0149508
0.0149121
0.0148661
0.0148137
0.0147556
0.0146934
0.0146291
0.0145594
0.0144955
5.76833e-05
0.000510711
0.00093248
0.00122933
0.00143311
0.00158188
0.00170121
0.00180769
0.00191148
0.00201852
0.00213149
0.0022514
0.00237792
0.00251007
0.0026463
0.00278608
0.0029281
0.00307138
0.00321594
0.00336191
0.00351081
0.00366255
0.00381481
0.00396686
0.00411826
0.00426849
0.00441613
0.00456381
0.00471258
0.00486371
0.00501885
0.00517731
0.0053399
0.00550662
0.00567781
0.00585454
0.00603749
0.00622702
0.00642328
0.00662627
0.00683585
0.00705179
0.00727378
0.00750142
0.00773427
0.0079718
0.00821347
0.00845867
0.0087068
0.0089572
0.0092092
0.00946214
0.00971534
0.00996813
0.0102198
0.0104698
0.0107174
0.010962
0.0112031
0.01144
0.0116722
0.0118992
0.0121205
0.0123358
0.0125444
0.0127461
0.0129404
0.0131271
0.0133057
0.0134759
0.0136375
0.01379
0.0139315
0.0140637
0.0141876
0.0143036
0.0144178
0.0145178
0.0146067
0.0146867
0.0147578
0.0148201
0.0148737
0.0149186
0.014955
0.0149829
0.0150025
0.0150138
0.0150168
0.0150115
0.0149979
0.0149763
0.0149466
0.0149094
0.0148652
0.0148148
0.0147597
0.0147019
0.0146382
0.0145835
5.75897e-05
0.000503144
0.000928007
0.0012341
0.00144796
0.00160464
0.00172921
0.00183799
0.00194098
0.00204384
0.00214894
0.00225722
0.00236733
0.00247953
0.00259381
0.00270954
0.00282776
0.00294886
0.00307011
0.00319103
0.0033116
0.00343137
0.00355018
0.00366716
0.00378071
0.00389479
0.00401193
0.00413272
0.00425829
0.00438977
0.00452804
0.00467385
0.00482737
0.00498701
0.00515248
0.00532566
0.00550715
0.00569702
0.00589513
0.00610119
0.00631484
0.00653562
0.00676306
0.00699661
0.00723571
0.00747975
0.00772811
0.00798016
0.00823525
0.00849271
0.00875186
0.00901204
0.00927256
0.00953276
0.00979194
0.0100495
0.0103048
0.0105572
0.0108062
0.0110512
0.0112916
0.0115269
0.0117566
0.0119803
0.0121975
0.0124081
0.0126112
0.012807
0.0129947
0.0131741
0.0133451
0.0135059
0.013657
0.0138001
0.0139325
0.0140598
0.0141841
0.0142933
0.0143926
0.014483
0.0145647
0.0146376
0.014702
0.0147578
0.0148052
0.0148443
0.0148751
0.0148976
0.0149118
0.0149177
0.0149151
0.0149042
0.014885
0.0148577
0.014823
0.0147812
0.0147343
0.0146837
0.0146264
0.0145808
5.73173e-05
0.000491132
0.000914696
0.00122311
0.00143989
0.00159752
0.00171979
0.00182214
0.00191346
0.00200011
0.00208545
0.00217101
0.00225986
0.00234863
0.00243643
0.00252248
0.00260622
0.00268789
0.00276732
0.00284443
0.00291739
0.00298776
0.00305911
0.00313354
0.0032136
0.00330047
0.00339598
0.00350061
0.00361509
0.0037397
0.00387447
0.00401928
0.00417296
0.00433377
0.00450323
0.00468197
0.00486994
0.00506684
0.00527225
0.00548567
0.00570659
0.00593447
0.00616876
0.00640891
0.00665434
0.00690448
0.00715872
0.00741648
0.00767717
0.00794017
0.00820481
0.0084705
0.0087366
0.00900246
0.00926741
0.00953092
0.00979237
0.0100511
0.0103066
0.0105584
0.0108057
0.0110481
0.0112852
0.0115165
0.0117416
0.0119604
0.0121717
0.0123761
0.0125725
0.012761
0.0129401
0.01311
0.0132727
0.0134251
0.013566
0.0137053
0.013839
0.013958
0.0140682
0.0141697
0.0142626
0.0143471
0.0144233
0.0144912
0.0145508
0.0146024
0.0146458
0.014681
0.0147079
0.0147262
0.014736
0.0147372
0.0147297
0.0147138
0.0146899
0.0146582
0.0146205
0.0145782
0.0145281
0.0144919
5.69779e-05
0.000479046
0.000894139
0.0011954
0.00140342
0.00154861
0.00165524
0.00173984
0.00181401
0.00188022
0.00194101
0.0019977
0.00204908
0.00209587
0.00213874
0.00217701
0.00220962
0.00223543
0.00226043
0.00228774
0.00232024
0.00236009
0.00240921
0.00246934
0.00254214
0.00262801
0.00272691
0.002838
0.00296146
0.00309623
0.00324166
0.00339607
0.00355626
0.0037245
0.00390226
0.00408886
0.00428386
0.00448682
0.00469731
0.00491488
0.00513909
0.0053695
0.00560568
0.00584717
0.00609353
0.00634428
0.0065989
0.00685694
0.00711791
0.00738125
0.00764633
0.00791267
0.00817968
0.0084467
0.00871311
0.00897847
0.00924216
0.00950343
0.00976193
0.0100172
0.0102683
0.0105148
0.0107564
0.010992
0.011221
0.0114447
0.0116608
0.0118709
0.012073
0.0122665
0.0124522
0.0126308
0.0128011
0.0129612
0.0131108
0.0132613
0.0134034
0.0135322
0.0136527
0.0137647
0.0138685
0.013964
0.0140515
0.0141309
0.0142024
0.0142659
0.0143215
0.0143692
0.014409
0.0144405
0.0144635
0.0144777
0.014483
0.0144793
0.0144671
0.0144463
0.0144185
0.0143851
0.0143424
0.0143156
5.64483e-05
0.00046533
0.00086459
0.00114438
0.00132842
0.0014512
0.0015328
0.00158959
0.00162872
0.0016538
0.00166792
0.00167536
0.00167446
0.00166478
0.00164817
0.00163141
0.00161806
0.00161254
0.00161819
0.00163764
0.00167276
0.00172407
0.00179088
0.00187191
0.00196701
0.00207557
0.00219566
0.00232497
0.0024649
0.0026128
0.00276504
0.00292211
0.00308662
0.00325909
0.00343903
0.00362606
0.0038199
0.00402033
0.00422711
0.00443999
0.0046587
0.004883
0.00511263
0.00534729
0.00558667
0.00583043
0.00607813
0.00632948
0.00658408
0.00684143
0.00710088
0.00736212
0.00762458
0.00788758
0.00815048
0.00841303
0.00867454
0.00893411
0.00919078
0.0094443
0.00969405
0.0099398
0.0101819
0.0104199
0.0106518
0.0108797
0.0110996
0.0113148
0.01152
0.0117204
0.011913
0.0120981
0.0122754
0.0124419
0.0125996
0.0127587
0.0129075
0.0130449
0.0131744
0.0132957
0.0134092
0.0135149
0.0136128
0.0137031
0.0137857
0.0138607
0.0139281
0.0139878
0.0140397
0.0140833
0.0141184
0.0141447
0.0141619
0.01417
0.014169
0.0141588
0.0141408
0.0141162
0.0140813
0.0140629
5.59217e-05
0.000449332
0.000823261
0.00106262
0.00120804
0.00128388
0.00131143
0.00131567
0.00130127
0.00126988
0.00122704
0.00117559
0.00112407
0.00107764
0.00104452
0.00102862
0.00103215
0.00105647
0.00110038
0.00116104
0.00123821
0.00133047
0.00143418
0.00154555
0.00166542
0.00179361
0.00192717
0.00206281
0.00219965
0.00234115
0.00248863
0.00264204
0.00280092
0.00296543
0.0031356
0.00331145
0.00349301
0.00368027
0.00387319
0.00407171
0.00427571
0.00448512
0.00469983
0.00491968
0.00514448
0.00537397
0.00560779
0.00584582
0.00608773
0.00633305
0.00658102
0.00683166
0.00708429
0.00733817
0.00759217
0.00784594
0.00809931
0.00835206
0.00860432
0.00885452
0.00910159
0.00934556
0.00958651
0.00982343
0.0100542
0.010283
0.0105024
0.0107179
0.0109269
0.0111299
0.0113257
0.0115146
0.0116964
0.0118667
0.0120318
0.0121968
0.0123507
0.0124952
0.0126325
0.0127625
0.0128849
0.013
0.0131076
0.013208
0.013301
0.0133868
0.0134652
0.0135363
0.0135997
0.0136551
0.0137021
0.0137404
0.0137694
0.0137891
0.0137994
0.0137999
0.0137919
0.013776
0.0137489
0.0137381
5.52482e-05
0.000433961
0.000766209
0.000924648
0.00100065
0.000999893
0.000942436
0.000888126
0.000825092
0.000747516
0.000677795
0.000630423
0.00060671
0.000607828
0.000634574
0.000682956
0.000752011
0.000838188
0.000936086
0.00103896
0.00114977
0.0012679
0.00138815
0.00150691
0.00162373
0.00174019
0.00185909
0.00198223
0.00210904
0.00223922
0.00237318
0.00251126
0.00265364
0.00280058
0.0029523
0.00310902
0.0032709
0.00343808
0.00361064
0.00378861
0.00397198
0.00416081
0.0043551
0.0045548
0.00475982
0.00496996
0.0051849
0.0054048
0.00562931
0.00585794
0.00608975
0.00632429
0.00656135
0.00680068
0.00704267
0.00728582
0.00752975
0.00777357
0.00801717
0.00825943
0.00849916
0.00873695
0.00897293
0.00920544
0.00943179
0.00965685
0.00987543
0.0100894
0.0102977
0.0105009
0.0106987
0.0108904
0.0110755
0.0112489
0.0114206
0.01159
0.0117483
0.0118988
0.0120414
0.012177
0.0123057
0.0124275
0.0125427
0.012651
0.0127526
0.0128475
0.0129356
0.0130168
0.0130907
0.013157
0.0132152
0.0132648
0.0133051
0.0133359
0.0133569
0.0133675
0.0133687
0.0133607
0.01334
0.0133349
5.49635e-05
0.000421418
0.000719416
0.000672513
0.000665074
0.000593422
0.000473561
0.000405465
0.000359978
0.000334371
0.000339364
0.000374149
0.000434802
0.000518741
0.000615736
0.000718582
0.000830219
0.000946174
0.0010607
0.00116813
0.00127097
0.00137081
0.00147047
0.00157191
0.00167557
0.00177908
0.00188413
0.00199126
0.00210089
0.00221325
0.0023287
0.0024476
0.00257028
0.00269702
0.00282809
0.00296374
0.00310419
0.00324962
0.00340019
0.00355592
0.00371689
0.00388332
0.00405529
0.00423281
0.0044159
0.00460433
0.00479786
0.00499631
0.00519971
0.00540752
0.00562058
0.00583776
0.0060585
0.00628229
0.00650863
0.00673698
0.00696718
0.00719807
0.00742988
0.00766087
0.00788995
0.00811868
0.00834588
0.00857147
0.00879344
0.00901337
0.00922886
0.00944017
0.00964677
0.00984751
0.0100423
0.010232
0.0104155
0.0105879
0.0107616
0.0109309
0.0110901
0.0112429
0.0113893
0.0115294
0.0116632
0.0117908
0.0119122
0.0120275
0.0121365
0.0122394
0.0123361
0.0124263
0.0125097
0.012586
0.0126545
0.0127145
0.0127653
0.0128067
0.0128379
0.0128581
0.012868
0.0128676
0.0128534
0.0128526
5.35809e-05
0.000530572
0.00079303
0.000298908
0.000264689
0.000206739
0.000166428
0.000178536
0.000217994
0.000291219
0.000386291
0.000488908
0.000600478
0.000720293
0.000832622
0.0009368
0.00103126
0.00111971
0.00120678
0.0012951
0.00138319
0.00147018
0.00155642
0.00164294
0.00173067
0.00181762
0.00190709
0.00199809
0.00209121
0.0021868
0.00228517
0.00238667
0.00249159
0.00260018
0.00271268
0.00282933
0.00295036
0.00307592
0.00320618
0.00334111
0.00348094
0.00362575
0.00377569
0.00393091
0.00409146
0.00425761
0.00442984
0.00460771
0.00479104
0.00497923
0.00517217
0.00536966
0.0055713
0.00577666
0.00598527
0.00619665
0.00641085
0.00662707
0.00684515
0.00706394
0.00728224
0.00750038
0.00771768
0.00793224
0.00814396
0.00835368
0.00856019
0.00876332
0.00896252
0.00915781
0.00934817
0.00953468
0.00971512
0.00988677
0.0100601
0.0102279
0.0103874
0.0105412
0.0106894
0.010832
0.010969
0.0111005
0.0112264
0.0113468
0.0114617
0.011571
0.0116746
0.0117725
0.0118641
0.0119491
0.0120267
0.0120962
0.0121566
0.0122076
0.0122482
0.0122773
0.0122953
0.0123016
0.0122936
0.0122948
5.26163e-05
2.38474e-05
6.74719e-06
7.167e-05
8.11407e-05
0.00012358
0.000194032
0.000291111
0.000394414
0.000520324
0.000637755
0.000737249
0.000826952
0.000908739
0.000985636
0.00106647
0.00114198
0.00121579
0.00128953
0.00136276
0.00143594
0.00150888
0.00158177
0.00165473
0.00172878
0.0018034
0.00187964
0.00195754
0.00203763
0.00212001
0.00220497
0.00229275
0.00238351
0.00247745
0.00257474
0.00267562
0.00278023
0.0028887
0.00300111
0.00311797
0.00323944
0.0033656
0.00349664
0.00363272
0.00377403
0.00392058
0.00407261
0.00423024
0.00439323
0.00456168
0.00473524
0.00491366
0.00509666
0.00528386
0.00547486
0.00566935
0.00586584
0.0060642
0.00626454
0.0064663
0.00666854
0.00687106
0.00707347
0.00727535
0.00747558
0.00767432
0.00787082
0.00806481
0.00825566
0.00844358
0.00862711
0.00880819
0.00898308
0.00915237
0.00932239
0.00948645
0.0096441
0.00979687
0.00994474
0.0100878
0.010226
0.0103593
0.0104879
0.0106115
0.0107303
0.0108443
0.0109534
0.0110573
0.0111556
0.011248
0.0113334
0.0114112
0.01148
0.0115398
0.0115888
0.0116261
0.0116513
0.0116634
0.0116612
0.0116619
5.5806e-05
2.12183e-05
3.03877e-05
0.000116788
0.000179575
0.000317374
0.000438249
0.00054371
0.000630023
0.000710689
0.000774658
0.000837036
0.000902235
0.000965954
0.0010276
0.00108977
0.00115186
0.00121325
0.00127472
0.00133643
0.00139835
0.00146034
0.00152277
0.00158569
0.00164996
0.0017154
0.0017826
0.00185148
0.00192265
0.00199584
0.00207141
0.00214949
0.00223012
0.00231347
0.00239971
0.00248903
0.00258151
0.00267721
0.00277631
0.00287891
0.00298539
0.00309599
0.003211
0.0033306
0.00345501
0.00358438
0.00371859
0.00385754
0.00400137
0.00415018
0.00430382
0.00446215
0.00462494
0.00479192
0.00496275
0.00513716
0.0053148
0.00549509
0.00567769
0.00586225
0.00604806
0.00623473
0.00642186
0.00660912
0.00679569
0.00698142
0.00716571
0.00734837
0.0075286
0.00770694
0.00788131
0.00805481
0.00822208
0.00838649
0.00855079
0.00870914
0.00886274
0.00901219
0.00915757
0.0092989
0.00943619
0.00956929
0.0096985
0.0098234
0.00994426
0.0100611
0.0101738
0.0102821
0.0103854
0.0104838
0.0105758
0.0106606
0.0107367
0.0108043
0.0108607
0.0109052
0.0109366
0.0109535
0.0109569
0.010954
7.94977e-05
0.000108529
0.000175878
0.000335193
0.000399189
0.000518105
0.000552332
0.000599561
0.000647651
0.000694244
0.000742862
0.000791918
0.000843701
0.000896115
0.000949259
0.00100278
0.00105711
0.00111133
0.00116619
0.00122139
0.00127643
0.00133151
0.00138736
0.00144402
0.0015022
0.00156178
0.00162334
0.00168647
0.00175198
0.00181892
0.00188812
0.00195936
0.00203258
0.002108
0.00218576
0.00226598
0.00234856
0.00243351
0.00252113
0.00261158
0.00270524
0.00280234
0.00290323
0.00300805
0.00311706
0.00323035
0.00334806
0.00347029
0.00359697
0.00372811
0.00386369
0.00400359
0.0041477
0.00429582
0.00444774
0.0046032
0.00476195
0.00492358
0.00508775
0.00525417
0.00542232
0.00559183
0.00576226
0.00593335
0.00610448
0.00627541
0.00644559
0.00661493
0.00678249
0.0069492
0.0071122
0.00727621
0.00743399
0.00759075
0.00774705
0.00789796
0.00804507
0.00818895
0.00832963
0.00846707
0.00860128
0.008732
0.00885974
0.00898377
0.00910469
0.0092224
0.00933689
0.00944791
0.00955462
0.00965762
0.00975467
0.0098453
0.00992751
0.0100019
0.0100645
0.0101154
0.0101517
0.0101726
0.0101812
0.0101713
4.51118e-05
8.9733e-05
0.000111293
0.000153654
0.000185833
0.000231922
0.00028476
0.000337058
0.000394264
0.000449037
0.000507385
0.000562705
0.000619107
0.000668899
0.000721246
0.0007724
0.000823677
0.000874311
0.000926529
0.000977585
0.00102715
0.00107749
0.00112949
0.00118293
0.00123842
0.00129531
0.00135417
0.00141418
0.00147579
0.00153887
0.00160302
0.00166855
0.00173515
0.00180341
0.00187331
0.00194471
0.00201722
0.00209109
0.00216686
0.00224473
0.00232519
0.00240831
0.00249452
0.00258379
0.00267644
0.00277245
0.00287196
0.00297507
0.00308176
0.00319206
0.00330596
0.00342345
0.00354447
0.00366894
0.00379675
0.00392774
0.00406173
0.00419849
0.00433775
0.00447932
0.00462283
0.00476803
0.00491451
0.00506209
0.00521031
0.00535898
0.00550758
0.00565619
0.00580368
0.00595156
0.00609585
0.0062441
0.00638541
0.00652742
0.00666902
0.00680638
0.00694038
0.0070726
0.00720281
0.00733078
0.00745659
0.00757976
0.00770125
0.00781975
0.0079367
0.00805155
0.00816451
0.00827536
0.0083829
0.00848887
0.00858955
0.00868481
0.0087722
0.00885302
0.0089206
0.00897737
0.00901727
0.0090411
0.00905446
0.00902931
0.000243176
0.000181159
8.73242e-05
7.47636e-05
5.44797e-05
5.43291e-05
5.21715e-05
5.92517e-05
6.55879e-05
8.12971e-05
0.000100498
0.00012362
0.000151685
0.000183963
0.000220606
0.00026177
0.000306519
0.000355192
0.000406105
0.000460414
0.000519604
0.000579929
0.000641677
0.000703078
0.000765083
0.000825808
0.000887142
0.000946701
0.00100772
0.00106917
0.00112795
0.0011888
0.00124931
0.00131216
0.00137498
0.00143664
0.00149699
0.00155884
0.00162272
0.00168845
0.00175646
0.00182633
0.00189857
0.00197261
0.00204906
0.00212736
0.00220797
0.00229086
0.00237586
0.00246316
0.0025528
0.00264482
0.00273923
0.00283605
0.00293524
0.00303673
0.00314044
0.00324632
0.00335425
0.0034641
0.00357572
0.00368895
0.00380357
0.00391948
0.00403643
0.00415431
0.00427274
0.00439188
0.00451063
0.00463086
0.004748
0.00487099
0.00498831
0.00510577
0.00522326
0.00533772
0.00545111
0.00556393
0.00567589
0.00578653
0.00589633
0.00600434
0.00611271
0.00621879
0.00632663
0.00643359
0.0065405
0.00664805
0.00675317
0.0068617
0.00696454
0.00706312
0.00715511
0.00724174
0.00731153
0.00737359
0.00741315
0.00744164
0.0074526
0.00740448
0.00042823
0.000417972
0.000314641
0.000290002
0.000208193
0.000189326
0.000141609
0.000130854
0.000102891
9.7377e-05
7.87545e-05
7.68777e-05
6.10493e-05
6.7168e-05
5.49507e-05
6.589e-05
5.77441e-05
6.94083e-05
6.86628e-05
8.11771e-05
9.17059e-05
0.000110573
0.000131701
0.0001558
0.000184283
0.000216095
0.000252228
0.00029145
0.000334374
0.000380056
0.000428859
0.000478991
0.000531693
0.000584814
0.00064079
0.000699654
0.00076292
0.000826286
0.000890277
0.000953771
0.00101781
0.00108113
0.00114533
0.00120868
0.00127357
0.0013374
0.00140352
0.0014697
0.00153569
0.00160334
0.001672
0.00174161
0.00181228
0.00188414
0.00195689
0.00203068
0.0021057
0.00218187
0.00225955
0.00233812
0.00241827
0.00249925
0.00258178
0.00266524
0.00275021
0.00283605
0.00292318
0.00301102
0.00309971
0.00318959
0.00327882
0.0033687
0.00345787
0.00354544
0.00363499
0.00372096
0.00381425
0.00390441
0.00399399
0.00408206
0.004171
0.00425888
0.00435025
0.004441
0.00454071
0.0046385
0.00473687
0.00484488
0.00494604
0.00506503
0.00517012
0.00527213
0.00537061
0.00545974
0.0055261
0.00559465
0.00562892
0.00567369
0.00564322
0.0056168
0.000655623
0.000652472
0.000627735
0.000618102
0.000581983
0.000564762
0.00052372
0.000503158
0.000461136
0.000441548
0.000398631
0.000381437
0.000337102
0.000322783
0.000280893
0.000269441
0.000232653
0.000223097
0.000193003
0.00018581
0.000161247
0.000155493
0.000136444
0.000131957
0.000120707
0.000117759
0.00010932
0.000109057
0.000104076
0.000107771
0.000106169
0.000114604
0.000118042
0.00013226
0.000144171
0.000162109
0.000181227
0.000202659
0.000227189
0.000253828
0.000283341
0.000314487
0.000348093
0.00038276
0.00041933
0.000456494
0.000494843
0.000533722
0.000573064
0.00061247
0.000652307
0.000691972
0.000732045
0.000772539
0.000810327
0.000852355
0.00089292
0.000935035
0.000976745
0.00101894
0.00106077
0.00110371
0.00114711
0.00119174
0.00123695
0.00128333
0.00133026
0.0013782
0.00142695
0.0014766
0.0015278
0.00158224
0.00164107
0.00170117
0.00176774
0.00183548
0.00191015
0.00198825
0.00207068
0.00215582
0.00224624
0.00233524
0.00243708
0.00253231
0.00264009
0.00274073
0.00285045
0.0029541
0.00306637
0.0031812
0.00328504
0.00338527
0.00349011
0.00354941
0.00359862
0.0036864
0.00371169
0.00378119
0.00370594
0.00375044
0.000795263
0.000792743
0.000788007
0.000785045
0.000778636
0.000774194
0.000765916
0.000759434
0.000749289
0.000740572
0.000728137
0.0007181
0.000702826
0.000692209
0.000674607
0.000662168
0.000641896
0.000628477
0.000605311
0.000592666
0.000567834
0.000554413
0.000526703
0.000512939
0.000481744
0.000468745
0.000433105
0.000420276
0.000383775
0.000372178
0.000339878
0.000329223
0.000301117
0.000291767
0.000268774
0.000261006
0.000242255
0.000235809
0.000220749
0.000215929
0.000204259
0.000201426
0.000193297
0.000192753
0.000188077
0.000189998
0.000188557
0.000193003
0.00019457
0.000201051
0.00020502
0.000213468
0.000219385
0.000230551
0.000239152
0.000253399
0.000267085
0.000278078
0.000303112
0.000308858
0.000332266
0.000336814
0.000359983
0.000365676
0.000389041
0.000396055
0.000419972
0.000427982
0.000452981
0.00046169
0.000488515
0.0004978
0.000528802
0.000538884
0.000576059
0.000587682
0.000631795
0.000645872
0.000690943
0.000710269
0.000752798
0.00078164
0.000826926
0.000881931
0.00092883
0.000994172
0.00105421
0.00112501
0.00119014
0.00126344
0.00132927
0.00140301
0.00146238
0.00154088
0.00158662
0.00160257
0.00163197
0.00167326
0.00161061
0.00162936
0.000840851
0.000839917
0.000838964
0.000837954
0.000836904
0.000835702
0.000834453
0.00083293
0.000831365
0.000829455
0.000827382
0.000825012
0.000822313
0.00081952
0.00081628
0.000813262
0.000808684
0.000805184
0.000799767
0.000795981
0.000790015
0.00078564
0.000778851
0.000773693
0.000765606
0.000759877
0.000750065
0.00074399
0.000732285
0.000726041
0.000713404
0.000706084
0.000691802
0.000683724
0.000666711
0.000659612
0.000641235
0.000634769
0.000615431
0.000609032
0.000587902
0.000581131
0.000559203
0.000552172
0.000530718
0.000523436
0.000505073
0.000498346
0.000481954
0.000476008
0.000462236
0.000456199
0.00044854
0.000441996
0.000439489
0.000433808
0.000432926
0.000428167
0.000428697
0.000426559
0.000425945
0.00042547
0.000426183
0.000426956
0.000428712
0.000430481
0.000433088
0.000435648
0.000438938
0.000442105
0.000445936
0.000449527
0.000453773
0.000457656
0.00046224
0.000466348
0.000471228
0.000475535
0.00047975
0.00048478
0.000490021
0.000488299
0.000507668
0.000505872
0.000523181
0.000525284
0.00053861
0.000548204
0.000547601
0.000570559
0.000577238
0.000603755
0.000613745
0.000637396
0.000655919
0.000677717
0.000685919
0.000691682
0.000703615
0.000674855
0.000849447
0.000849215
0.000848983
0.000848728
0.000848476
0.0008482
0.00084792
0.000847612
0.000847288
0.000846933
0.000846556
0.00084613
0.000845672
0.000845161
0.000844609
0.000844019
0.000843349
0.000842632
0.000841826
0.000840983
0.000840043
0.000839057
0.000837964
0.000836824
0.000835567
0.000834267
0.000832843
0.000831371
0.000829769
0.000828093
0.00082631
0.000824368
0.000822383
0.000820148
0.000817975
0.000815502
0.000813131
0.000810582
0.000807835
0.000805022
0.000801844
0.000798889
0.000795531
0.000792429
0.000788943
0.000785729
0.000782244
0.000779105
0.000775753
0.000772784
0.000769691
0.000766948
0.000764335
0.000762056
0.000760108
0.000758381
0.000756984
0.000755865
0.000755102
0.000754604
0.000754341
0.000754398
0.000754661
0.000755239
0.000755977
0.000757002
0.000758153
0.000759539
0.000761041
0.000762682
0.000764476
0.000766263
0.000768198
0.00077003
0.000771992
0.000773692
0.000775586
0.000776777
0.000777787
0.000778698
0.000779339
0.000779616
0.00077998
0.000779842
0.000778664
0.000779412
0.000776858
0.000777553
0.000772349
0.000772306
0.000765365
0.000765862
0.000752081
0.000751897
0.000742262
0.000739679
0.000736857
0.000728857
0.000721449
0.000712149
0.000850218
0.000850128
0.000850039
0.00084994
0.000849843
0.000849737
0.000849634
0.00084952
0.00084941
0.000849286
0.000849168
0.000849034
0.000848904
0.000848758
0.000848615
0.000848455
0.000848297
0.000848119
0.000847942
0.000847743
0.000847546
0.000847322
0.000847101
0.00084685
0.000846605
0.000846324
0.000846056
0.00084574
0.000845448
0.000845095
0.000844776
0.000844384
0.000844034
0.000843605
0.000843221
0.000842761
0.00084234
0.00084186
0.000841403
0.000840895
0.000840406
0.000839875
0.000839367
0.000838823
0.000838311
0.000837769
0.00083727
0.000836751
0.000836292
0.000835824
0.000835429
0.000835039
0.00083473
0.00083445
0.00083426
0.00083413
0.00083408
0.000834123
0.000834233
0.000834466
0.000834739
0.000835164
0.000835603
0.000836225
0.000836812
0.000837612
0.000838332
0.000839291
0.000840129
0.000841216
0.000842148
0.000843328
0.000844305
0.00084554
0.000846502
0.000847707
0.000848519
0.000849574
0.000850152
0.000850978
0.0008512
0.0008517
0.000851295
0.000851354
0.000850038
0.000849512
0.000846839
0.000845028
0.000840742
0.000838051
0.000830887
0.000826731
0.000816977
0.000810058
0.00079843
0.000787334
0.000772758
0.000756461
0.000735351
0.00069251
0.000850202
0.000850121
0.000850044
0.000849959
0.00084988
0.000849791
0.000849709
0.000849616
0.000849532
0.000849435
0.000849349
0.000849248
0.00084916
0.000849055
0.000848964
0.000848855
0.000848763
0.000848649
0.000848554
0.000848435
0.000848338
0.000848212
0.000848113
0.000847979
0.000847877
0.000847735
0.00084763
0.000847478
0.000847371
0.000847209
0.000847098
0.000846926
0.000846811
0.000846631
0.000846511
0.000846324
0.0008462
0.00084601
0.000845883
0.000845692
0.000845565
0.000845375
0.000845254
0.00084507
0.000844963
0.000844788
0.000844702
0.000844544
0.000844487
0.00084436
0.00084434
0.000844258
0.000844282
0.00084426
0.000844337
0.000844393
0.000844531
0.00084468
0.000844888
0.000845143
0.000845427
0.000845797
0.000846163
0.000846639
0.000847065
0.00084765
0.000848133
0.000848818
0.000849346
0.000850103
0.000850644
0.000851425
0.000851917
0.000852662
0.000852987
0.000853615
0.000853764
0.000854253
0.000854132
0.000854273
0.000853607
0.000853218
0.000851707
0.000850601
0.000847759
0.000845463
0.000840755
0.000836613
0.000829776
0.000823667
0.000813661
0.000804729
0.000790416
0.000777786
0.000757061
0.000739091
0.000708336
0.000682502
0.000628682
0.000565002
0.00085018
0.000850097
0.000850019
0.000849933
0.000849854
0.000849764
0.000849684
0.000849591
0.000849509
0.000849412
0.00084933
0.00084923
0.000849147
0.000849043
0.00084896
0.000848852
0.00084877
0.000848658
0.000848576
0.00084846
0.000848379
0.000848258
0.000848178
0.000848051
0.000847972
0.000847839
0.000847761
0.00084762
0.000847545
0.000847395
0.000847322
0.000847164
0.000847093
0.000846928
0.000846859
0.00084669
0.000846621
0.00084645
0.000846383
0.000846211
0.000846148
0.00084598
0.000845924
0.000845761
0.000845718
0.000845563
0.000845542
0.000845401
0.000845406
0.000845288
0.000845324
0.000845238
0.000845311
0.000845269
0.000845384
0.000845399
0.00084556
0.000845642
0.000845851
0.000846009
0.000846262
0.000846504
0.000846786
0.00084712
0.000847456
0.000847883
0.000848252
0.000848748
0.000849117
0.000849636
0.000849943
0.000850409
0.000850561
0.000850856
0.0008507
0.000850695
0.000849845
0.000849356
0.000847552
0.000845928
0.000842908
0.000839389
0.000834811
0.000828693
0.000821946
0.000812372
0.000802822
0.000788777
0.000775756
0.00075582
0.00073758
0.000712124
0.0006871
0.000654769
0.000618764
0.000580811
0.00053622
0.000493645
0.000443693
0.000349422
0.000850166
0.000850082
0.000850004
0.000849917
0.000849838
0.000849747
0.000849667
0.000849573
0.000849493
0.000849395
0.000849314
0.000849212
0.000849131
0.000849025
0.000848945
0.000848834
0.000848755
0.00084864
0.000848562
0.000848441
0.000848365
0.000848239
0.000848165
0.000848032
0.000847961
0.00084782
0.000847752
0.000847602
0.000847537
0.000847378
0.000847319
0.000847147
0.000847094
0.000846909
0.000846862
0.000846665
0.000846626
0.000846419
0.000846385
0.000846173
0.000846145
0.00084593
0.000845909
0.000845698
0.000845685
0.000845483
0.000845482
0.00084529
0.000845312
0.000845135
0.000845185
0.00084503
0.000845114
0.000844988
0.000845109
0.000845017
0.000845177
0.000845122
0.000845318
0.0008453
0.000845519
0.000845531
0.000845746
0.000845763
0.000845912
0.000845883
0.000845892
0.000845719
0.000845491
0.00084502
0.00084436
0.000843435
0.000842031
0.000840375
0.00083808
0.000834843
0.000831398
0.000825921
0.000820832
0.000812377
0.000805004
0.000792705
0.00078231
0.000764616
0.000750584
0.000726554
0.000708592
0.000677379
0.000653644
0.000613941
0.000585155
0.000542108
0.000508498
0.000463196
0.000427344
0.00037929
0.000342083
0.000290772
0.000269378
0.000181285
0.00085016
0.000850076
0.00085
0.000849914
0.000849837
0.000849747
0.000849669
0.000849575
0.000849498
0.000849399
0.000849323
0.000849219
0.000849144
0.000849034
0.000848961
0.000848845
0.000848774
0.000848651
0.000848583
0.000848452
0.000848388
0.000848248
0.000848187
0.000848038
0.00084798
0.000847821
0.000847767
0.000847597
0.000847547
0.000847363
0.000847318
0.00084712
0.000847083
0.000846868
0.000846839
0.000846606
0.000846587
0.000846335
0.000846327
0.000846055
0.000846061
0.000845768
0.000845788
0.000845476
0.00084551
0.000845179
0.000845227
0.00084488
0.000844936
0.000844578
0.000844644
0.000844259
0.000844327
0.000843902
0.000843963
0.000843471
0.000843508
0.000842911
0.000842892
0.000842131
0.000842004
0.000840995
0.000840639
0.000839305
0.000838528
0.000836756
0.000835279
0.00083293
0.000830454
0.000826822
0.000823531
0.000817779
0.000813291
0.000804639
0.000798377
0.000785992
0.000777429
0.000760305
0.000748921
0.000726037
0.000711441
0.000681718
0.000661008
0.000624241
0.000600808
0.000558268
0.000532427
0.00048542
0.000458699
0.000412144
0.000382857
0.000337698
0.000306646
0.000265529
0.000237531
0.00020268
0.000185406
0.000158562
0.000166792
0.000155314
0.000850158
0.000850073
0.000849995
0.000849907
0.000849829
0.000849736
0.000849658
0.000849561
0.000849484
0.000849381
0.000849307
0.000849196
0.000849127
0.000849006
0.000848944
0.000848812
0.000848756
0.000848612
0.000848564
0.000848407
0.000848366
0.000848194
0.000848161
0.000847973
0.000847946
0.00084774
0.000847719
0.000847493
0.000847477
0.000847227
0.000847213
0.000846937
0.000846923
0.000846614
0.000846597
0.00084625
0.000846226
0.000845832
0.000845796
0.000845343
0.000845289
0.000844762
0.000844681
0.000844059
0.000843943
0.000843194
0.000843038
0.00084212
0.000841878
0.000840752
0.000840374
0.000839002
0.000838413
0.000836737
0.000835828
0.000833775
0.000832392
0.000829863
0.000827837
0.000824662
0.000821818
0.000817281
0.000813919
0.000807463
0.000803271
0.0007944
0.000789032
0.000777118
0.000770209
0.000754484
0.000745654
0.000725276
0.000713272
0.00068713
0.000672597
0.000640781
0.000623615
0.00058617
0.000566614
0.000524266
0.000502787
0.000457364
0.000436834
0.000390284
0.000369562
0.000323086
0.000303658
0.000260486
0.00024265
0.00020774
0.00019168
0.00016801
0.000154975
0.000144219
0.000136856
0.000141597
0.000146466
0.000167662
0.000206391
0.000276041
0.000850186
0.000850114
0.000850036
0.000849962
0.000849882
0.000849803
0.000849723
0.000849636
0.000849558
0.000849458
0.000849386
0.000849265
0.000849204
0.000849053
0.000849006
0.000848818
0.000848785
0.000848551
0.00084853
0.000848243
0.000848229
0.000847878
0.000847865
0.000847436
0.000847415
0.000846889
0.000846853
0.00084621
0.000846136
0.000845356
0.00084522
0.000844278
0.000844046
0.000842915
0.000842544
0.000841193
0.000840627
0.000839022
0.000838189
0.000836293
0.000835105
0.000832878
0.000831219
0.000828618
0.000826355
0.000823281
0.000820478
0.000816353
0.000813111
0.000807893
0.000804079
0.000797455
0.000792974
0.000784621
0.000779332
0.000768888
0.000762644
0.000749667
0.000742345
0.000726143
0.000717257
0.000697557
0.000687098
0.00066357
0.000651371
0.000623699
0.000609651
0.00057785
0.000561939
0.000526426
0.000508885
0.000470516
0.00045281
0.000413005
0.00039488
0.000354511
0.000336995
0.000297769
0.000281905
0.000245187
0.000232014
0.000200472
0.000189228
0.000164169
0.000155214
0.000138181
0.000132442
0.000123633
0.000121319
0.000122226
0.000124048
0.000136874
0.000144911
0.000173563
0.000191145
0.000241719
0.000274395
0.000349142
0.000412021
0.000526609
0.000850184
0.000850126
0.000849982
0.000849918
0.00084974
0.00084966
0.000849441
0.000849325
0.000849058
0.000848876
0.000848554
0.000848271
0.000847876
0.00084745
0.000846959
0.000846341
0.000845715
0.000844853
0.000844043
0.000842881
0.000841822
0.000840304
0.000838912
0.000836984
0.000835168
0.000832733
0.000830603
0.00082725
0.000824793
0.000820581
0.000817736
0.000812476
0.000809155
0.000802784
0.000798959
0.000791297
0.000786976
0.000777861
0.000772963
0.000762349
0.000756837
0.000744635
0.000738316
0.000724604
0.000717394
0.000701987
0.000693937
0.000676598
0.000667625
0.000648294
0.000638302
0.000616905
0.000605823
0.000582257
0.000570021
0.000544294
0.000530877
0.000503081
0.000488566
0.000459025
0.00044395
0.000412779
0.000397181
0.000365024
0.00034936
0.000317187
0.000302001
0.000270948
0.00025692
0.000227947
0.000215583
0.000190116
0.000179413
0.000158097
0.000149769
0.000133155
0.000127185
0.000115746
0.000111762
0.000106029
0.000104211
0.000104623
0.000105095
0.000112558
0.000115977
0.000131143
0.000140974
0.000164075
0.000182258
0.000215078
0.000242975
0.00028643
0.000323418
0.000376209
0.000417999
0.00047574
0.000515012
0.000571169
0.000610554
0.000656405
0.00084878
0.000848053
0.000847152
0.000846105
0.000844774
0.00084328
0.000841342
0.000839358
0.000836581
0.000833948
0.000830259
0.000826627
0.000821979
0.000817108
0.000811405
0.00080507
0.000798253
0.000790263
0.00078232
0.000772539
0.000763507
0.000751872
0.000741842
0.000728375
0.000717482
0.00070228
0.000690701
0.000673943
0.000661868
0.00064378
0.000631399
0.000612223
0.000599732
0.000579694
0.000567276
0.000546565
0.000534373
0.000513142
0.00050128
0.00047966
0.000468158
0.000446269
0.000435068
0.000413044
0.000401983
0.000379998
0.000368939
0.000347118
0.000335924
0.000314404
0.000302932
0.000281913
0.000270111
0.000249883
0.000237846
0.0002188
0.000206763
0.000189325
0.000177642
0.000162595
0.000151537
0.00013918
0.000129219
0.000119843
0.000111282
0.000104734
9.81929e-05
9.42393e-05
9.00076e-05
8.86254e-05
8.68211e-05
8.81274e-05
8.89759e-05
9.3257e-05
9.71555e-05
0.00010491
0.000112457
0.000124389
0.000136347
0.000153262
0.000170413
0.000193015
0.000215722
0.000244155
0.000271954
0.000305336
0.000336509
0.00037252
0.000404053
0.000439295
0.000467686
0.000498904
0.000521999
0.000548029
0.000565742
0.000588661
0.000603207
0.000625059
0.000647139
0.000641557
0.000800028
0.00078908
0.00077789
0.000764169
0.000749749
0.00073311
0.000715455
0.000696043
0.000675456
0.000653727
0.000630976
0.000607571
0.000583491
0.000559303
0.000534848
0.000510737
0.000486778
0.000463488
0.000440705
0.00041872
0.000397563
0.000377297
0.000357975
0.000339648
0.000322102
0.000305628
0.00029009
0.000275251
0.000261511
0.0002481
0.000235902
0.000223813
0.000212939
0.000201995
0.0001922
0.00018225
0.000173363
0.000164249
0.000156128
0.000147718
0.000140293
0.000132329
0.000125603
0.000117916
0.000111808
0.000105408
9.95666e-05
9.41656e-05
8.89968e-05
8.45337e-05
8.03483e-05
7.69877e-05
7.39861e-05
7.18976e-05
7.02238e-05
6.95296e-05
6.93197e-05
7.01395e-05
7.15334e-05
7.40058e-05
7.71655e-05
8.14704e-05
8.65964e-05
9.29604e-05
0.000100297
0.000108997
0.000118786
0.000130093
0.000142565
0.000156704
0.000172015
0.000189085
0.000207212
0.000227082
0.000247695
0.000269885
0.000292214
0.000315792
0.000338571
0.000362231
0.000384079
0.000405921
0.000424976
0.000443894
0.000459184
0.000474808
0.000486408
0.000499359
0.00050814
0.000519721
0.000526568
0.00053783
0.000543747
0.000552829
0.000558797
0.000565827
0.000570187
0.000573858
0.00057744
0.000559399
0.000424462
0.0003884
0.000357819
0.000325386
0.000298298
0.00027079
0.000247926
0.000225333
0.000206546
0.000188307
0.000173092
0.000158488
0.000146255
0.000134597
0.000124794
0.000115486
0.000107638
0.000100193
9.39101e-05
8.79398e-05
8.29093e-05
7.81098e-05
7.40884e-05
7.02265e-05
6.70279e-05
6.39281e-05
6.14147e-05
5.89493e-05
5.70243e-05
5.51059e-05
5.37082e-05
5.22842e-05
5.13852e-05
5.04348e-05
5.0037e-05
4.95705e-05
4.97075e-05
4.97664e-05
5.05051e-05
5.11634e-05
5.26061e-05
5.3971e-05
5.62573e-05
5.84683e-05
6.1774e-05
6.6228e-05
7.1819e-05
7.85533e-05
8.63334e-05
9.52545e-05
0.000105102
0.000116081
0.000127805
0.000140034
0.000152931
0.000166293
0.000180237
0.000194569
0.000209339
0.000224388
0.000239665
0.000255106
0.000270476
0.000285943
0.000301095
0.00031596
0.000330321
0.000344171
0.000357313
0.000369742
0.000381278
0.000391952
0.000401621
0.00041036
0.000418084
0.000424912
0.000430837
0.000436
0.000440683
0.000445327
0.000448775
0.000450981
0.000453991
0.000456723
0.000458671
0.00046127
0.00046226
0.000464246
0.000464185
0.000465384
0.000464319
0.000464767
0.000462996
0.000462841
0.00046024
0.000459834
0.0004557
0.000454777
0.000446036
0.000427384
7.47423e-05
6.97286e-05
6.56846e-05
6.27303e-05
6.0344e-05
5.87898e-05
5.75384e-05
5.69615e-05
5.65311e-05
5.66797e-05
5.68784e-05
5.75992e-05
5.83086e-05
5.95081e-05
6.06566e-05
6.22809e-05
6.38305e-05
6.58556e-05
6.77946e-05
7.02209e-05
7.25613e-05
7.54115e-05
7.81872e-05
8.15049e-05
8.47708e-05
8.86196e-05
9.24508e-05
9.69129e-05
0.000101403
0.000106577
0.000111832
0.000117829
0.000123967
0.000130901
0.000138035
0.000146012
0.000154238
0.000163335
0.000172705
0.000182944
0.00019344
0.000204751
0.000216245
0.000228431
0.000240659
0.000252351
0.000263763
0.000274349
0.000284469
0.000293515
0.000301991
0.000309216
0.00031588
0.000321715
0.000327053
0.000331534
0.000335634
0.000338892
0.000341946
0.000344212
0.00034649
0.00034809
0.000349873
0.00035172
0.000352894
0.00035395
0.00035523
0.000356583
0.000357938
0.000359338
0.000360666
0.000361941
0.000363004
0.000363873
0.000364355
0.000364518
0.000364137
0.000363404
0.000362025
0.000360414
0.000358233
0.000355829
0.000352885
0.000350081
0.000346645
0.000343636
0.000339902
0.00033671
0.000332671
0.000329231
0.000324857
0.000321177
0.000316492
0.000312802
0.000307747
0.000304364
0.000298791
0.000295309
0.000290546
0.000265164
0.000130047
0.000134409
0.000138693
0.000142875
0.000146929
0.000150832
0.000154559
0.000158091
0.000161406
0.000164488
0.000167323
0.000169899
0.000172208
0.000174245
0.000176008
0.000177499
0.000178721
0.000179683
0.000180393
0.000180866
0.000181112
0.000181151
0.000180994
0.000180666
0.000180177
0.000179552
0.000178802
0.000177953
0.000177013
0.000176008
0.000174945
0.000173847
0.00017272
0.000171586
0.000170449
0.000169329
0.000168229
0.000167165
0.000166141
0.000165169
0.000164254
0.000163402
0.00016262
0.000161905
0.000161297
0.00016071
0.000160183
0.000159702
0.00015928
0.000158856
0.000158443
0.00015799
0.000157511
0.000156956
0.000156353
0.000155644
0.000154879
0.00015393
0.000153068
0.000151975
0.000150821
0.00014958
0.000148249
0.000146864
0.000145397
0.000143879
0.000142303
0.000140688
0.000139036
0.000137358
0.000135655
0.000133935
0.000132192
0.000130436
0.000128651
0.00012685
0.00012501
0.000123151
0.000121242
0.000119313
0.000117335
0.000115345
0.000113302
0.000111267
0.000109179
0.000107119
0.000105008
0.000102939
0.000100814
9.87336e-05
9.65858e-05
9.44806e-05
9.22854e-05
9.01316e-05
8.78581e-05
8.55739e-05
8.32115e-05
8.04862e-05
7.80427e-05
7.18414e-05
0.000267489
0.000268115
0.000267431
0.000265975
0.000263989
0.000261704
0.000259083
0.000256135
0.000252893
0.00024937
0.000245581
0.000241482
0.000237192
0.000232494
0.000227701
0.000222746
0.000216697
0.000212949
0.000205129
0.000203621
0.00263854
0.00264629
0.00262292
0.00258921
0.00254848
0.00250313
0.00245256
0.00239665
0.00233619
0.0022712
0.00220157
0.00212714
0.00204854
0.0019635
0.00187939
0.00178017
0.00169257
0.00159199
0.00147633
0.00139266
0.00519517
0.00523145
0.00521135
0.0051665
0.00510598
0.00503575
0.00495434
0.00486173
0.00476029
0.00464984
0.00453008
0.0044003
0.00426212
0.00411015
0.00396118
0.00377625
0.00362393
0.00342671
0.00322732
0.00306038
0.00730717
0.00736118
0.00735034
0.00730742
0.00724255
0.00716448
0.00706809
0.00695758
0.00683471
0.00669927
0.00655135
0.0063885
0.0062156
0.0060209
0.00583446
0.00558825
0.0054056
0.00512211
0.00489887
0.00463838
0.00901769
0.00907556
0.00907338
0.00903419
0.00897123
0.00888881
0.00878566
0.00866591
0.00853144
0.00838182
0.00821931
0.00803788
0.00784668
0.00762595
0.00741911
0.00713395
0.00693662
0.0065923
0.00636045
0.00601642
0.0103916
0.0104402
0.0104432
0.0104101
0.0103516
0.0102692
0.010166
0.0100439
0.00990589
0.00975086
0.009579
0.0093886
0.00918303
0.00895091
0.00872643
0.008426
0.008218
0.00783841
0.0076039
0.00718915
0.0114885
0.0115267
0.0115297
0.0115011
0.011444
0.0113642
0.0112634
0.011143
0.0110048
0.0108489
0.0106745
0.0104818
0.0102705
0.010035
0.00979863
0.00949286
0.00927558
0.00887741
0.00864363
0.00817759
0.0123611
0.0123888
0.0123883
0.0123584
0.0123035
0.0122263
0.0121284
0.0120109
0.0118748
0.0117206
0.011547
0.0113556
0.0111433
0.0109089
0.0106678
0.0103639
0.010141
0.00973437
0.00950153
0.00900246
0.0130499
0.0130657
0.0130577
0.0130258
0.0129715
0.0128963
0.0128011
0.0126867
0.0125537
0.0124026
0.0122318
0.0120437
0.0118334
0.0116032
0.0113617
0.0110636
0.0108369
0.0104334
0.0102015
0.00968145
0.0135837
0.0135868
0.0135706
0.013535
0.0134799
0.0134056
0.0133125
0.013201
0.0130713
0.012924
0.012757
0.0125735
0.0123672
0.0121428
0.0119042
0.0116146
0.0113857
0.0109923
0.0107628
0.0102315
0.0139843
0.0139749
0.0139502
0.0139098
0.0138527
0.0137783
0.0136866
0.0135776
0.013451
0.0133076
0.013145
0.0129668
0.0127657
0.0125485
0.0123148
0.0120356
0.0118064
0.0114276
0.0112015
0.0106674
0.0142679
0.0142469
0.0142138
0.0141679
0.0141079
0.0140326
0.0139415
0.0138345
0.0137109
0.0135714
0.0134134
0.0132409
0.0130458
0.0128365
0.0126094
0.0123418
0.0121145
0.0117527
0.0115313
0.0110017
0.0144466
0.0144152
0.0143741
0.0143226
0.0142592
0.0141824
0.0140913
0.0139859
0.0138649
0.0137293
0.013576
0.0134095
0.013221
0.0130201
0.0128009
0.0125457
0.0123235
0.0119786
0.0117638
0.0112448
0.0145294
0.0144889
0.0144407
0.0143837
0.0143166
0.0142379
0.0141467
0.0140425
0.0139241
0.0137922
0.0136438
0.0134834
0.0133021
0.01311
0.0128992
0.0126566
0.0124418
0.0121149
0.011908
0.011404
0.0145228
0.0144748
0.0144202
0.0143583
0.0142878
0.0142073
0.0141158
0.0140121
0.013895
0.0137661
0.0136218
0.0134674
0.0132932
0.0131103
0.0129104
0.0126829
0.012479
0.0121697
0.0119718
0.0114888
0.0144317
0.0143772
0.014316
0.0142486
0.0141738
0.0140906
0.013998
0.0138956
0.0137826
0.0136591
0.0135213
0.0133757
0.0132113
0.01304
0.0128505
0.0126358
0.0124419
0.0121519
0.0119644
0.0115061
0.0142514
0.0141915
0.0141281
0.0140593
0.0139843
0.013902
0.0138113
0.0137126
0.0136037
0.0134857
0.0133545
0.0132149
0.0130575
0.0128952
0.0127166
0.0125166
0.0123352
0.0120658
0.0118898
0.0114601
0.0139997
0.0139386
0.0138736
0.0138045
0.0137297
0.0136485
0.01356
0.0134625
0.0133552
0.0132403
0.0131135
0.0129813
0.0128331
0.012682
0.0125158
0.0123314
0.0121636
0.0119162
0.0117529
0.0113552
0.0136788
0.0136181
0.0135523
0.013481
0.0134045
0.0133223
0.0132337
0.0131385
0.0130353
0.0129259
0.012806
0.0126823
0.0125441
0.012405
0.012252
0.0120842
0.0119311
0.0117071
0.0115575
0.0111952
0.0132773
0.013216
0.0131503
0.0130803
0.0130055
0.0129256
0.01284
0.0127488
0.0126507
0.0125478
0.0124354
0.0123211
0.0121937
0.0120674
0.0119285
0.0117783
0.0116408
0.0114418
0.0113071
0.0109832
0.0127986
0.0127403
0.0126775
0.0126106
0.012539
0.0124628
0.0123815
0.0122955
0.0122035
0.012108
0.0120042
0.0119003
0.0117846
0.0116721
0.0115483
0.0114167
0.0112957
0.0111233
0.0110045
0.0107221
0.0122461
0.0121928
0.0121348
0.0120727
0.0120061
0.0119353
0.0118597
0.0117803
0.0116956
0.0116087
0.0115145
0.0114219
0.0113191
0.0112214
0.0111136
0.011002
0.0108984
0.0107541
0.0106522
0.0104142
0.0116202
0.0115741
0.011523
0.0114677
0.0114079
0.0113442
0.011276
0.0112046
0.0111286
0.0110516
0.0109683
0.0108882
0.0107992
0.0107177
0.0106268
0.0105365
0.010451
0.0103366
0.0102524
0.0100615
0.0109215
0.0108848
0.0108427
0.0107962
0.0107453
0.0106905
0.0106314
0.0105697
0.010504
0.0104383
0.0103671
0.0103008
0.0102269
0.0101628
0.01009
0.0100224
0.00995579
0.00987284
0.00980687
0.00966599
0.0101505
0.0101257
0.0100947
0.0100593
0.0100193
0.00997549
0.00992733
0.00987709
0.00982331
0.00977029
0.00971263
0.00966152
0.00960415
0.00955881
0.00950493
0.00946174
0.00941462
0.00936482
0.00931735
0.00922943
0.00902771
0.0090219
0.0090088
0.00899112
0.00896865
0.00894222
0.00891123
0.00887872
0.00884302
0.00880887
0.00877129
0.00874238
0.00870906
0.00869074
0.00866367
0.00865505
0.00863492
0.00863146
0.00860855
0.00859556
0.00743468
0.00745819
0.00747333
0.00748449
0.00749
0.00749076
0.00748609
0.00748047
0.00747148
0.0074644
0.00745652
0.00745984
0.00746188
0.00748157
0.00749153
0.00753075
0.00754652
0.00760551
0.00761088
0.00770624
0.00567455
0.00572841
0.00577765
0.00582592
0.00586474
0.00589603
0.00592102
0.00594544
0.00596539
0.00598785
0.00601658
0.00605674
0.00610216
0.0061617
0.0062129
0.00630247
0.00635544
0.00647875
0.00652121
0.00672321
0.0037817
0.00387066
0.00397636
0.00406956
0.00413692
0.00418932
0.00424172
0.00429249
0.00434051
0.0043966
0.0044805
0.0045582
0.00466378
0.00475187
0.00485197
0.00498388
0.00507471
0.00526417
0.00534533
0.0056674
0.00168312
0.00181969
0.00193298
0.00204809
0.00215286
0.00226758
0.0023762
0.00250396
0.00262053
0.00274976
0.00286681
0.00301507
0.00314276
0.00331586
0.00344184
0.00362675
0.00373683
0.00399218
0.00411508
0.0045408
0.000710968
0.000749634
0.00078782
0.000837825
0.000883843
0.000944564
0.000998425
0.00107623
0.00114473
0.0012473
0.00133137
0.00146887
0.00157585
0.00176319
0.00189428
0.00218674
0.0023663
0.00270768
0.00287141
0.00337875
0.000706227
0.000694175
0.000690677
0.000680423
0.000679301
0.000672625
0.000674332
0.000674195
0.000680508
0.000692309
0.000706011
0.000737845
0.000766229
0.000836205
0.000890023
0.00103738
0.00114728
0.00142606
0.00156423
0.00218869
0.000688475
0.00068181
0.000677618
0.000666536
0.000660407
0.000644968
0.000637035
0.000618995
0.000610428
0.000589938
0.000579829
0.000559646
0.000551106
0.000536267
0.000532935
0.000536347
0.000549811
0.000635993
0.000669599
0.00108489
0.00055672
0.000551954
0.000545155
0.000535519
0.000526096
0.00051184
0.000500277
0.000482361
0.000469638
0.000448969
0.000436748
0.000414579
0.000402652
0.000380805
0.000370198
0.000351553
0.000343008
0.00034979
0.000341416
0.000422753
0.000343098
0.000342406
0.000337872
0.000332225
0.000326346
0.00031495
0.000307397
0.000292545
0.000283601
0.000267463
0.000258464
0.000243628
0.000234899
0.000224154
0.000218158
0.000214458
0.000216335
0.000224431
0.000229543
0.000277963
0.000178615
0.000182298
0.000182685
0.000181955
0.000182289
0.000178865
0.00017805
0.000176564
0.000177066
0.000180133
0.000183631
0.000196023
0.000203823
0.000230785
0.000246505
0.000290079
0.000317621
0.000376422
0.000406956
0.00048474
0.000156784
0.000159906
0.000167856
0.000173852
0.000181806
0.000193143
0.000208834
0.000229647
0.000254786
0.000287023
0.00032288
0.000366809
0.000411289
0.000462371
0.000507368
0.000557717
0.000593369
0.000634196
0.000655261
0.000685616
0.000285937
0.000302762
0.000324096
0.000345577
0.000375381
0.000406213
0.000444216
0.000481034
0.000522625
0.00056153
0.000600841
0.000635581
0.00066769
0.000693085
0.000719025
0.000737061
0.000753897
0.000763728
0.000776272
0.000771891
0.000543095
0.000564593
0.000585139
0.00060413
0.000627176
0.000647841
0.000672755
0.000691572
0.000717093
0.00073419
0.000754415
0.000768817
0.000780415
0.00079147
0.000799187
0.000800171
0.00080265
0.000793158
0.000794817
0.000765596
0.000679136
0.000692254
0.000706415
0.000721171
0.000735056
0.000748827
0.0007617
0.000771837
0.000782456
0.000786971
0.000792299
0.000791307
0.000791422
0.000783975
0.000781195
0.000766914
0.000760069
0.000736942
0.000729241
0.000686686
0.000685227
0.000701053
0.000717374
0.000730141
0.000740163
0.00074598
0.000749997
0.000748964
0.000748194
0.00074119
0.000735994
0.000723551
0.000714581
0.000695861
0.000684926
0.000660391
0.000646622
0.000615913
0.000599908
0.000554735
0.000603974
0.00062577
0.000642125
0.000653941
0.000657982
0.000655935
0.000651771
0.000642255
0.000632798
0.000617042
0.000604132
0.000583848
0.000568568
0.000544593
0.00052956
0.000501117
0.000484527
0.000454778
0.000437549
0.000395746
0.000476307
0.000490585
0.000505636
0.000507374
0.00050292
0.000492801
0.000481336
0.000465912
0.000450972
0.000431609
0.000416524
0.000394912
0.0003799
0.000359584
0.000344561
0.000324133
0.000308407
0.000287794
0.000274459
0.000246191
0.000326589
0.000325907
0.000317761
0.000304927
0.000291544
0.000277204
0.000264751
0.000250982
0.000239128
0.000226569
0.000216821
0.00020593
0.000197164
0.000187561
0.000179211
0.000170171
0.000161876
0.000152281
0.000145276
0.000135416
7.47123e-05
7.53554e-05
7.59464e-05
7.58468e-05
7.53546e-05
7.46672e-05
7.40256e-05
7.32493e-05
7.24687e-05
7.15396e-05
7.06687e-05
6.97269e-05
6.88531e-05
6.79687e-05
6.71259e-05
6.63646e-05
6.54891e-05
6.50138e-05
6.38419e-05
6.41502e-05
)
;

boundaryField
{
    inlet
    {
        type            calculated;
        value           uniform 0.000851986;
    }
    outlet
    {
        type            calculated;
        value           nonuniform List<scalar> 
45
(
0.000203621
0.00139266
0.00306038
0.00463838
0.00601642
0.00718915
0.00817759
0.00900246
0.00968145
0.0102315
0.0106674
0.0110017
0.0112448
0.011404
0.0114888
0.0115061
0.0114601
0.0113552
0.0111952
0.0109832
0.0107221
0.0104142
0.0100615
0.00966599
0.00922943
0.00859556
0.00770624
0.00672321
0.0056674
0.0045408
0.00337875
0.00218869
0.00108489
0.000422753
0.000277963
0.00048474
0.000685616
0.000771891
0.000765596
0.000686686
0.000554735
0.000395746
0.000246191
0.000135416
6.41502e-05
)
;
    }
    upperWall
    {
        type            nutkWallFunction;
        Cmu             0.09;
        kappa           0.41;
        E               9.8;
        value           nonuniform List<scalar> 
138
(
0
0
5.27174e-08
9.32903e-07
1.91901e-06
2.8195e-06
3.76101e-06
4.64586e-06
5.53813e-06
6.38449e-06
7.21757e-06
8.00872e-06
8.77459e-06
9.50041e-06
1.01947e-05
1.08507e-05
1.14727e-05
1.20586e-05
1.26592e-05
1.32855e-05
1.38977e-05
1.4493e-05
1.50677e-05
1.5619e-05
1.61436e-05
1.66391e-05
1.71029e-05
1.75331e-05
1.79276e-05
1.82855e-05
1.86055e-05
1.88875e-05
1.91311e-05
1.93369e-05
1.95054e-05
1.9638e-05
1.97357e-05
1.98008e-05
1.98346e-05
1.984e-05
1.98185e-05
1.97732e-05
1.97059e-05
1.96198e-05
1.95165e-05
1.93994e-05
1.92697e-05
1.91309e-05
1.8984e-05
1.88322e-05
1.86762e-05
1.85192e-05
1.83615e-05
1.82061e-05
1.80532e-05
1.79053e-05
1.77628e-05
1.76275e-05
1.75e-05
1.73812e-05
1.7272e-05
1.71723e-05
1.70874e-05
1.70059e-05
1.69308e-05
1.68647e-05
1.68053e-05
1.6746e-05
1.66881e-05
1.66247e-05
1.65575e-05
1.64797e-05
1.6395e-05
1.62955e-05
1.61844e-05
1.60612e-05
1.59296e-05
1.5779e-05
1.56165e-05
1.54411e-05
1.52534e-05
1.50568e-05
1.48492e-05
1.46335e-05
1.44096e-05
1.41797e-05
1.39439e-05
1.37043e-05
1.34604e-05
1.32138e-05
1.29634e-05
1.27106e-05
1.24532e-05
1.21928e-05
1.19264e-05
1.16565e-05
1.13791e-05
1.1098e-05
1.0809e-05
1.0518e-05
1.02182e-05
9.91921e-06
9.61159e-06
9.30765e-06
8.99539e-06
8.68865e-06
8.37285e-06
8.06312e-06
7.74227e-06
7.42738e-06
7.09769e-06
6.77374e-06
6.43016e-06
6.0843e-06
5.7247e-06
5.30779e-06
4.93422e-06
3.96334e-06
4.42571e-06
4.5196e-06
4.61084e-06
4.59577e-06
4.51995e-06
4.41422e-06
4.31468e-06
4.19395e-06
4.07176e-06
3.92577e-06
3.78884e-06
3.63964e-06
3.50098e-06
3.35962e-06
3.2248e-06
3.10242e-06
2.96178e-06
2.88383e-06
2.69608e-06
2.74271e-06
)
;
    }
    lowerWall
    {
        type            nutkWallFunction;
        Cmu             0.09;
        kappa           0.41;
        E               9.8;
        value           nonuniform List<scalar> 
163
(
0
0
0
0
0
0
0
0
0
0
0
0
0
0
0
0
0
0
0
0
0
5.67305e-07
1.11623e-06
1.50768e-06
1.96143e-06
6.12998e-07
9.12136e-07
1.208e-06
1.42344e-06
1.5752e-06
1.66365e-06
1.69712e-06
1.68848e-06
1.65252e-06
1.58695e-06
1.50691e-06
1.41738e-06
1.33228e-06
1.23337e-06
1.17444e-06
8.82043e-07
1.39686e-06
5.15055e-06
0
0
0
0
0
0
7.19707e-07
8.82434e-07
1.63171e-06
9.22412e-07
1.13416e-06
1.62516e-06
2.20456e-06
2.90832e-06
3.72728e-06
4.64705e-06
5.6457e-06
6.69251e-06
7.7602e-06
8.82835e-06
9.87846e-06
1.09044e-05
1.19034e-05
1.28752e-05
1.3821e-05
1.47431e-05
1.56443e-05
1.65273e-05
1.73946e-05
1.82485e-05
1.9091e-05
1.99236e-05
2.07476e-05
2.15637e-05
2.23726e-05
2.31743e-05
2.3969e-05
2.47562e-05
2.55355e-05
2.63064e-05
2.70678e-05
2.78191e-05
2.85591e-05
2.92867e-05
3.0001e-05
3.07006e-05
3.13845e-05
3.20513e-05
3.26999e-05
3.3329e-05
3.39373e-05
3.45233e-05
3.50854e-05
3.56218e-05
3.61304e-05
3.66088e-05
3.70566e-05
3.74807e-05
3.78768e-05
3.82449e-05
3.85848e-05
3.88956e-05
3.91768e-05
3.94277e-05
3.9648e-05
3.98372e-05
3.9995e-05
4.01213e-05
4.02158e-05
4.02786e-05
4.031e-05
4.03104e-05
4.02804e-05
4.02208e-05
4.01268e-05
3.99965e-05
3.98414e-05
3.9668e-05
3.94588e-05
3.92202e-05
3.89542e-05
3.86618e-05
3.83441e-05
3.80022e-05
3.76373e-05
3.72507e-05
3.68439e-05
3.64186e-05
3.59764e-05
3.55189e-05
3.50482e-05
3.4566e-05
3.40748e-05
3.35787e-05
3.31408e-05
3.28289e-05
3.25321e-05
3.22027e-05
3.19023e-05
3.10275e-05
3.13762e-05
3.14578e-05
3.13693e-05
3.11805e-05
3.09241e-05
3.06262e-05
3.02879e-05
2.99058e-05
2.94847e-05
2.90262e-05
2.85316e-05
2.79948e-05
2.74297e-05
2.68072e-05
2.61702e-05
2.55035e-05
2.46932e-05
2.4181e-05
2.31221e-05
2.29146e-05
)
;
    }
    frontAndBack
    {
        type            empty;
    }
}


// ************************************************************************* //
