/*--------------------------------*- C++ -*----------------------------------*\
| =========                 |                                                 |
| \\      /  F ield         | OpenFOAM: The Open Source CFD Toolbox           |
|  \\    /   O peration     | Version:  5.0                                   |
|   \\  /    A nd           | Web:      www.OpenFOAM.org                      |
|    \\/     M anipulation  |                                                 |
\*---------------------------------------------------------------------------*/
FoamFile
{
    version     2.0;
    format      ascii;
    class       faceList;
    location    "constant/polyMesh";
    object      faces;
}
// * * * * * * * * * * * * * * * * * * * * * * * * * * * * * * * * * * * * * //


101
(
4(1 22 64 43)
4(2 23 65 44)
4(3 24 66 45)
4(4 25 67 46)
4(5 26 68 47)
4(6 27 69 48)
4(7 28 70 49)
4(8 29 71 50)
4(9 30 72 51)
4(10 31 73 52)
4(11 32 74 53)
4(12 33 75 54)
4(13 34 76 55)
4(14 35 77 56)
4(15 36 78 57)
4(16 37 79 58)
4(17 38 80 59)
4(18 39 81 60)
4(19 40 82 61)
4(0 42 63 21)
4(20 41 83 62)
4(0 1 43 42)
4(1 2 44 43)
4(2 3 45 44)
4(3 4 46 45)
4(4 5 47 46)
4(5 6 48 47)
4(6 7 49 48)
4(7 8 50 49)
4(8 9 51 50)
4(9 10 52 51)
4(10 11 53 52)
4(11 12 54 53)
4(12 13 55 54)
4(13 14 56 55)
4(14 15 57 56)
4(15 16 58 57)
4(16 17 59 58)
4(17 18 60 59)
4(18 19 61 60)
4(19 20 62 61)
4(21 63 64 22)
4(22 64 65 23)
4(23 65 66 24)
4(24 66 67 25)
4(25 67 68 26)
4(26 68 69 27)
4(27 69 70 28)
4(28 70 71 29)
4(29 71 72 30)
4(30 72 73 31)
4(31 73 74 32)
4(32 74 75 33)
4(33 75 76 34)
4(34 76 77 35)
4(35 77 78 36)
4(36 78 79 37)
4(37 79 80 38)
4(38 80 81 39)
4(39 81 82 40)
4(40 82 83 41)
4(0 21 22 1)
4(1 22 23 2)
4(2 23 24 3)
4(3 24 25 4)
4(4 25 26 5)
4(5 26 27 6)
4(6 27 28 7)
4(7 28 29 8)
4(8 29 30 9)
4(9 30 31 10)
4(10 31 32 11)
4(11 32 33 12)
4(12 33 34 13)
4(13 34 35 14)
4(14 35 36 15)
4(15 36 37 16)
4(16 37 38 17)
4(17 38 39 18)
4(18 39 40 19)
4(19 40 41 20)
4(42 43 64 63)
4(43 44 65 64)
4(44 45 66 65)
4(45 46 67 66)
4(46 47 68 67)
4(47 48 69 68)
4(48 49 70 69)
4(49 50 71 70)
4(50 51 72 71)
4(51 52 73 72)
4(52 53 74 73)
4(53 54 75 74)
4(54 55 76 75)
4(55 56 77 76)
4(56 57 78 77)
4(57 58 79 78)
4(58 59 80 79)
4(59 60 81 80)
4(60 61 82 81)
4(61 62 83 82)
)


// ************************************************************************* //
