/*--------------------------------*- C++ -*----------------------------------*\
| =========                 |                                                 |
| \\      /  F ield         | OpenFOAM: The Open Source CFD Toolbox           |
|  \\    /   O peration     | Version:  5.0                                   |
|   \\  /    A nd           | Web:      www.OpenFOAM.org                      |
|    \\/     M anipulation  |                                                 |
\*---------------------------------------------------------------------------*/
FoamFile
{
    version     2.0;
    format      ascii;
    class       vectorField;
    location    "constant/polyMesh";
    object      points;
}
// * * * * * * * * * * * * * * * * * * * * * * * * * * * * * * * * * * * * * //


84
(
(0 -0.01 0)
(0.05 -0.01 0)
(0.1 -0.01 0)
(0.15 -0.01 0)
(0.2 -0.01 0)
(0.25 -0.01 0)
(0.3 -0.01 0)
(0.35 -0.01 0)
(0.4 -0.01 0)
(0.45 -0.01 0)
(0.5 -0.01 0)
(0.55 -0.01 0)
(0.6 -0.01 0)
(0.65 -0.01 0)
(0.7 -0.01 0)
(0.75 -0.01 0)
(0.8 -0.01 0)
(0.85 -0.01 0)
(0.9 -0.01 0)
(0.95 -0.01 0)
(1 -0.01 0)
(0 0.01 0)
(0.05 0.01 0)
(0.1 0.01 0)
(0.15 0.01 0)
(0.2 0.01 0)
(0.25 0.01 0)
(0.3 0.01 0)
(0.35 0.01 0)
(0.4 0.01 0)
(0.45 0.01 0)
(0.5 0.01 0)
(0.55 0.01 0)
(0.6 0.01 0)
(0.65 0.01 0)
(0.7 0.01 0)
(0.75 0.01 0)
(0.8 0.01 0)
(0.85 0.01 0)
(0.9 0.01 0)
(0.95 0.01 0)
(1 0.01 0)
(0 -0.01 0.01)
(0.05 -0.01 0.01)
(0.1 -0.01 0.01)
(0.15 -0.01 0.01)
(0.2 -0.01 0.01)
(0.25 -0.01 0.01)
(0.3 -0.01 0.01)
(0.35 -0.01 0.01)
(0.4 -0.01 0.01)
(0.45 -0.01 0.01)
(0.5 -0.01 0.01)
(0.55 -0.01 0.01)
(0.6 -0.01 0.01)
(0.65 -0.01 0.01)
(0.7 -0.01 0.01)
(0.75 -0.01 0.01)
(0.8 -0.01 0.01)
(0.85 -0.01 0.01)
(0.9 -0.01 0.01)
(0.95 -0.01 0.01)
(1 -0.01 0.01)
(0 0.01 0.01)
(0.05 0.01 0.01)
(0.1 0.01 0.01)
(0.15 0.01 0.01)
(0.2 0.01 0.01)
(0.25 0.01 0.01)
(0.3 0.01 0.01)
(0.35 0.01 0.01)
(0.4 0.01 0.01)
(0.45 0.01 0.01)
(0.5 0.01 0.01)
(0.55 0.01 0.01)
(0.6 0.01 0.01)
(0.65 0.01 0.01)
(0.7 0.01 0.01)
(0.75 0.01 0.01)
(0.8 0.01 0.01)
(0.85 0.01 0.01)
(0.9 0.01 0.01)
(0.95 0.01 0.01)
(1 0.01 0.01)
)


// ************************************************************************* //
