/*--------------------------------*- C++ -*----------------------------------*\
| =========                 |                                                 |
| \\      /  F ield         | OpenFOAM: The Open Source CFD Toolbox           |
|  \\    /   O peration     | Version:  5.x                                   |
|   \\  /    A nd           | Web:      www.OpenFOAM.org                      |
|    \\/     M anipulation  |                                                 |
\*---------------------------------------------------------------------------*/
FoamFile
{
    version     2.0;
    format      ascii;
    class       labelList;
    note        "nPoints: 3350 nCells: 1580 nFaces: 6415 nInternalFaces: 3065";
    location    "constant/polyMesh";
    object      owner;
}
// * * * * * * * * * * * * * * * * * * * * * * * * * * * * * * * * * * * * * //


6415
(
0
0
1
1
2
2
3
3
4
4
5
5
6
6
7
7
8
8
9
9
10
10
11
11
12
12
13
13
14
14
15
15
16
16
17
17
18
18
19
19
20
20
21
21
22
22
23
23
24
24
25
25
26
26
27
27
28
28
29
29
30
30
31
31
32
32
33
33
34
34
35
35
36
36
37
37
38
38
39
39
40
40
41
41
42
42
43
43
44
44
45
45
46
46
47
47
48
48
49
49
50
50
51
51
52
52
53
53
54
54
55
55
56
56
57
57
58
58
59
59
60
60
61
61
62
62
63
63
64
64
65
65
66
66
67
67
68
68
69
69
70
70
71
71
72
72
73
73
74
74
75
75
76
76
77
77
78
78
79
79
80
80
81
81
82
82
83
83
84
84
85
85
86
86
87
87
88
88
89
89
90
90
91
91
92
92
93
93
94
94
95
95
96
96
97
97
98
98
99
99
100
100
101
101
102
102
103
103
104
104
105
105
106
106
107
107
108
108
109
109
110
110
111
111
112
112
113
113
114
114
115
115
116
116
117
117
118
118
119
119
120
120
121
121
122
122
123
123
124
124
125
125
126
126
127
127
128
128
129
129
130
130
131
131
132
132
133
133
134
134
135
135
136
136
137
137
138
138
139
139
140
140
141
141
142
142
143
143
144
144
145
145
146
146
147
147
148
148
149
149
150
150
151
151
152
152
153
153
154
154
155
155
156
156
157
157
158
158
159
159
160
160
161
161
162
162
163
163
164
164
165
165
166
166
167
167
168
168
169
169
170
170
171
171
172
172
173
173
174
174
175
175
176
176
177
177
178
178
179
179
180
180
181
181
182
182
183
183
184
184
185
185
186
186
187
187
188
188
189
189
190
190
191
191
192
192
193
193
194
194
195
195
196
196
197
197
198
198
199
199
200
200
201
201
202
202
203
203
204
205
205
206
206
207
207
208
208
209
209
210
210
211
211
212
212
213
213
214
214
215
215
216
216
217
217
218
218
219
219
220
220
221
221
222
222
223
223
224
224
225
225
226
226
227
227
228
228
229
229
230
230
231
231
232
232
233
233
234
234
235
235
236
236
237
237
238
238
239
239
240
240
241
241
242
242
243
243
244
244
245
245
246
246
247
247
248
248
249
250
250
251
251
252
252
253
253
254
254
255
255
256
256
257
257
258
258
259
259
260
260
261
261
262
262
263
263
264
264
265
265
266
266
267
267
268
268
269
269
270
270
271
271
272
272
273
273
274
274
275
275
276
276
277
277
278
278
279
279
280
280
281
281
282
282
283
283
284
284
285
285
286
286
287
287
288
288
289
289
290
290
291
291
292
292
293
293
294
295
295
296
296
297
297
298
298
299
299
300
300
301
301
302
302
303
303
304
304
305
305
306
306
307
307
308
308
309
309
310
310
311
311
312
312
313
313
314
314
315
315
316
316
317
317
318
318
319
319
320
320
321
321
322
322
323
323
324
324
325
325
326
326
327
327
328
328
329
329
330
330
331
331
332
332
333
333
334
334
335
335
336
336
337
337
338
338
339
340
340
341
341
342
342
343
343
344
344
345
345
346
346
347
347
348
348
349
349
350
350
351
351
352
352
353
353
354
354
355
355
356
356
357
357
358
358
359
359
360
360
361
361
362
362
363
363
364
364
365
365
366
366
367
367
368
368
369
369
370
370
371
371
372
372
373
373
374
374
375
375
376
376
377
377
378
378
379
379
380
380
381
381
382
382
383
383
384
385
385
386
386
387
387
388
388
389
389
390
390
391
391
392
392
393
393
394
394
395
395
396
396
397
397
398
398
399
399
400
400
401
401
402
402
403
403
404
404
405
405
406
406
407
407
408
408
409
409
410
410
411
411
412
412
413
413
414
414
415
415
416
416
417
417
418
418
419
419
420
420
421
421
422
422
423
423
424
424
425
425
426
426
427
427
428
428
429
430
430
431
431
432
432
433
433
434
434
435
435
436
436
437
437
438
438
439
439
440
440
441
441
442
442
443
443
444
444
445
445
446
446
447
447
448
448
449
449
450
450
451
451
452
452
453
453
454
454
455
455
456
456
457
457
458
458
459
459
460
460
461
461
462
462
463
463
464
464
465
465
466
466
467
467
468
468
469
469
470
470
471
471
472
472
473
473
474
475
475
476
476
477
477
478
478
479
479
480
480
481
481
482
482
483
483
484
484
485
485
486
486
487
487
488
488
489
489
490
490
491
491
492
492
493
493
494
494
495
495
496
496
497
497
498
498
499
499
500
500
501
501
502
502
503
503
504
504
505
505
506
506
507
507
508
508
509
509
510
510
511
511
512
512
513
513
514
514
515
515
516
516
517
517
518
518
519
520
520
521
521
522
522
523
523
524
524
525
525
526
526
527
527
528
528
529
529
530
530
531
531
532
532
533
533
534
534
535
535
536
536
537
537
538
538
539
539
540
540
541
541
542
542
543
543
544
544
545
545
546
546
547
547
548
548
549
549
550
550
551
551
552
552
553
553
554
554
555
555
556
556
557
557
558
558
559
559
560
560
561
561
562
562
563
563
564
565
565
566
566
567
567
568
568
569
569
570
570
571
571
572
572
573
573
574
574
575
575
576
576
577
577
578
578
579
579
580
580
581
581
582
582
583
583
584
584
585
585
586
586
587
587
588
588
589
589
590
590
591
591
592
592
593
593
594
594
595
595
596
596
597
597
598
598
599
599
600
600
601
601
602
602
603
603
604
604
605
605
606
606
607
607
608
608
609
610
610
610
611
611
612
612
613
613
614
614
615
615
616
616
617
617
618
618
619
619
620
620
621
621
622
622
623
623
624
624
625
625
626
626
627
627
628
628
629
629
630
630
631
631
632
632
633
633
634
634
635
635
636
636
637
637
638
638
639
639
640
640
641
641
642
642
643
643
644
644
645
645
646
646
647
647
648
648
649
649
650
650
651
651
652
652
653
653
654
655
655
655
656
656
657
657
658
658
659
659
660
660
661
661
662
662
663
663
664
664
665
665
666
666
667
667
668
668
669
669
670
670
671
671
672
672
673
673
674
674
675
675
676
676
677
677
678
678
679
679
680
680
681
681
682
682
683
683
684
684
685
685
686
686
687
687
688
688
689
689
690
690
691
691
692
692
693
693
694
694
695
695
696
696
697
697
698
698
699
700
700
700
701
701
702
702
703
703
704
704
705
705
706
706
707
707
708
708
709
709
710
710
711
711
712
712
713
713
714
714
715
715
716
716
717
717
718
718
719
719
720
720
721
721
722
722
723
723
724
724
725
725
726
726
727
727
728
728
729
729
730
730
731
731
732
732
733
733
734
734
735
735
736
736
737
737
738
738
739
739
740
740
741
741
742
742
743
743
744
745
745
745
746
746
747
747
748
748
749
749
750
750
751
751
752
752
753
753
754
754
755
755
756
756
757
757
758
758
759
759
760
760
761
761
762
762
763
763
764
764
765
765
766
766
767
767
768
768
769
769
770
770
771
771
772
772
773
773
774
774
775
775
776
776
777
777
778
778
779
779
780
780
781
781
782
782
783
783
784
784
785
785
786
786
787
787
788
788
789
790
790
790
791
791
792
792
793
793
794
794
795
795
796
796
797
797
798
798
799
799
800
800
801
801
802
802
803
803
804
804
805
805
806
806
807
807
808
808
809
809
810
810
811
811
812
812
813
813
814
814
815
815
816
816
817
817
818
818
819
819
820
820
821
821
822
822
823
823
824
824
825
825
826
826
827
827
828
828
829
829
830
830
831
831
832
832
833
833
834
835
835
835
836
836
837
837
838
838
839
839
840
840
841
841
842
842
843
843
844
844
845
845
846
846
847
847
848
848
849
849
850
850
851
851
852
852
853
853
854
854
855
855
856
856
857
857
858
858
859
859
860
860
861
861
862
862
863
863
864
864
865
865
866
866
867
867
868
868
869
869
870
870
871
871
872
872
873
873
874
874
875
875
876
876
877
877
878
878
879
880
880
880
881
881
882
882
883
883
884
884
885
885
886
886
887
887
888
888
889
889
890
890
891
891
892
892
893
893
894
894
895
895
896
896
897
897
898
898
899
899
900
900
901
901
902
902
903
903
904
904
905
905
906
906
907
907
908
908
909
909
910
910
911
911
912
912
913
913
914
914
915
915
916
916
917
917
918
918
919
919
920
920
921
921
922
922
923
923
924
925
925
925
926
926
927
927
928
928
929
929
930
930
931
931
932
932
933
933
934
934
935
935
936
936
937
937
938
938
939
939
940
940
941
941
942
942
943
943
944
944
945
945
946
946
947
947
948
948
949
949
950
950
951
951
952
952
953
953
954
954
955
955
956
956
957
957
958
958
959
959
960
960
961
961
962
962
963
963
964
964
965
965
966
966
967
967
968
968
969
970
970
970
971
971
972
972
973
973
974
974
975
975
976
976
977
977
978
978
979
979
980
980
981
981
982
982
983
983
984
984
985
985
986
986
987
987
988
988
989
989
990
990
991
991
992
992
993
993
994
994
995
995
996
996
997
997
998
998
999
999
1000
1000
1001
1001
1002
1002
1003
1003
1004
1004
1005
1005
1006
1006
1007
1007
1008
1008
1009
1009
1010
1010
1011
1011
1012
1012
1013
1013
1014
1015
1015
1015
1016
1016
1017
1017
1018
1018
1019
1019
1020
1020
1021
1021
1022
1022
1023
1023
1024
1024
1025
1025
1026
1026
1027
1027
1028
1028
1029
1029
1030
1030
1031
1031
1032
1032
1033
1033
1034
1034
1035
1035
1036
1036
1037
1037
1038
1038
1039
1039
1040
1040
1041
1041
1042
1042
1043
1043
1044
1044
1045
1045
1046
1046
1047
1047
1048
1048
1049
1049
1050
1050
1051
1051
1052
1052
1053
1053
1054
1054
1055
1055
1056
1056
1057
1057
1058
1058
1059
1060
1060
1060
1061
1061
1062
1062
1063
1063
1064
1064
1065
1065
1066
1066
1067
1067
1068
1068
1069
1069
1070
1070
1071
1071
1072
1072
1073
1073
1074
1074
1075
1075
1076
1076
1077
1077
1078
1078
1079
1079
1080
1080
1081
1081
1082
1082
1083
1083
1084
1084
1085
1085
1086
1086
1087
1087
1088
1088
1089
1089
1090
1090
1091
1091
1092
1092
1093
1093
1094
1094
1095
1095
1096
1096
1097
1097
1098
1098
1099
1099
1100
1100
1101
1101
1102
1102
1103
1103
1104
1105
1105
1105
1106
1106
1107
1107
1108
1108
1109
1109
1110
1110
1111
1111
1112
1112
1113
1113
1114
1114
1115
1115
1116
1116
1117
1117
1118
1118
1119
1119
1120
1120
1121
1121
1122
1122
1123
1123
1124
1124
1125
1125
1126
1126
1127
1127
1128
1128
1129
1129
1130
1130
1131
1131
1132
1132
1133
1133
1134
1134
1135
1135
1136
1136
1137
1137
1138
1138
1139
1139
1140
1140
1141
1141
1142
1142
1143
1143
1144
1144
1145
1145
1146
1146
1147
1147
1148
1148
1149
1150
1150
1150
1151
1151
1152
1152
1153
1153
1154
1154
1155
1155
1156
1156
1157
1157
1158
1158
1159
1159
1160
1160
1161
1161
1162
1162
1163
1163
1164
1164
1165
1165
1166
1166
1167
1167
1168
1168
1169
1169
1170
1170
1171
1171
1172
1172
1173
1173
1174
1174
1175
1175
1176
1176
1177
1177
1178
1178
1179
1179
1180
1180
1181
1181
1182
1182
1183
1183
1184
1184
1185
1185
1186
1186
1187
1187
1188
1188
1189
1189
1190
1190
1191
1191
1192
1192
1193
1193
1194
1195
1195
1196
1197
1198
1199
1200
1201
1202
1203
1204
1205
1206
1207
1208
1209
1210
1211
1212
1213
1214
1215
1216
1217
1218
1219
1220
1221
1222
1223
1224
1225
1226
1227
1228
1229
1230
1231
1232
1233
1234
1235
1236
1237
1238
1240
1240
1240
1240
1241
1241
1241
1242
1242
1242
1243
1243
1243
1244
1244
1244
1245
1245
1246
1246
1246
1247
1247
1248
1248
1249
1249
1250
1250
1251
1252
1252
1252
1253
1253
1254
1254
1255
1255
1256
1256
1257
1258
1258
1258
1259
1259
1260
1260
1261
1261
1262
1262
1263
1264
1264
1264
1265
1265
1266
1266
1267
1267
1268
1268
1269
1270
1270
1270
1271
1271
1272
1272
1273
1273
1274
1274
1275
1276
1276
1276
1277
1277
1278
1278
1279
1279
1280
1280
1281
1282
1282
1282
1283
1283
1284
1284
1285
1285
1286
1286
1287
1288
1288
1288
1289
1289
1290
1290
1291
1291
1292
1292
1293
1294
1294
1295
1296
1297
1298
1300
1300
1300
1301
1301
1301
1302
1302
1302
1303
1303
1303
1304
1304
1304
1305
1305
1305
1306
1306
1306
1307
1307
1307
1308
1308
1308
1309
1309
1310
1310
1311
1311
1312
1312
1313
1313
1314
1314
1315
1315
1316
1316
1317
1317
1318
1318
1319
1320
1320
1321
1321
1322
1322
1323
1323
1324
1324
1325
1325
1326
1326
1327
1327
1328
1328
1329
1330
1330
1331
1331
1332
1332
1333
1333
1334
1334
1335
1335
1336
1336
1337
1337
1338
1338
1339
1340
1340
1341
1341
1342
1342
1343
1343
1344
1344
1345
1345
1346
1346
1347
1347
1348
1348
1349
1350
1350
1351
1351
1352
1352
1353
1353
1354
1354
1355
1355
1356
1356
1357
1357
1358
1358
1359
1360
1360
1361
1361
1362
1362
1363
1363
1364
1364
1365
1365
1366
1366
1367
1367
1368
1368
1369
1370
1370
1371
1371
1372
1372
1373
1373
1374
1374
1375
1375
1376
1376
1377
1377
1378
1378
1379
1380
1380
1381
1381
1382
1382
1383
1383
1384
1384
1385
1385
1386
1386
1387
1387
1388
1388
1389
1390
1391
1392
1393
1394
1395
1396
1397
1398
1400
1400
1401
1401
1402
1402
1403
1403
1404
1404
1405
1405
1406
1406
1407
1407
1408
1408
1409
1409
1410
1410
1411
1411
1412
1412
1413
1413
1414
1414
1415
1415
1416
1416
1417
1417
1418
1418
1419
1419
1420
1420
1421
1421
1422
1422
1423
1423
1424
1424
1425
1425
1426
1426
1427
1427
1428
1428
1429
1429
1430
1431
1432
1433
1434
1435
1436
1437
1438
1439
1440
1440
1440
1441
1441
1441
1442
1442
1442
1443
1443
1443
1444
1444
1444
1445
1445
1445
1446
1446
1447
1447
1448
1448
1449
1449
1450
1450
1451
1451
1452
1452
1453
1454
1454
1455
1455
1456
1456
1457
1457
1458
1458
1459
1459
1460
1461
1461
1462
1462
1463
1463
1464
1464
1465
1465
1466
1466
1467
1468
1468
1469
1469
1470
1470
1471
1471
1472
1472
1473
1473
1474
1474
1475
1475
1476
1476
1477
1477
1478
1478
1479
1479
1480
1480
1481
1481
1482
1482
1483
1483
1484
1484
1485
1485
1486
1486
1487
1487
1488
1488
1489
1489
1490
1490
1491
1491
1492
1492
1493
1493
1494
1494
1495
1495
1496
1496
1497
1497
1498
1498
1499
1499
1500
1500
1501
1501
1502
1502
1503
1503
1504
1505
1506
1507
1508
1509
1510
1510
1511
1511
1512
1512
1513
1513
1514
1514
1515
1515
1516
1517
1517
1518
1518
1519
1519
1520
1520
1521
1521
1522
1522
1523
1524
1524
1525
1525
1526
1526
1527
1527
1528
1528
1529
1529
1530
1531
1531
1532
1532
1533
1533
1534
1534
1535
1535
1536
1536
1537
1538
1538
1539
1539
1540
1540
1541
1541
1542
1542
1543
1544
1544
1545
1545
1546
1546
1547
1547
1548
1548
1549
1550
1550
1551
1551
1552
1552
1553
1553
1554
1554
1555
1556
1556
1557
1557
1558
1558
1559
1559
1560
1560
1561
1562
1562
1563
1563
1564
1564
1565
1565
1566
1566
1567
1568
1568
1569
1569
1570
1570
1571
1571
1572
1572
1573
1574
1575
1576
1577
1578
0
10
20
30
40
50
60
70
80
90
0
1
2
3
4
5
6
7
8
9
0
10
20
30
40
50
60
70
80
90
1
11
21
31
41
51
61
71
81
91
2
12
22
32
42
52
62
72
82
92
3
13
23
33
43
53
63
73
83
93
4
14
24
34
44
54
64
74
84
94
5
15
25
35
45
55
65
75
85
95
6
16
26
36
46
56
66
76
86
96
7
17
27
37
47
57
67
77
87
97
8
18
28
38
48
58
68
78
88
98
9
19
29
39
49
59
69
79
89
99
0
10
20
30
40
50
60
70
80
90
1
11
21
31
41
51
61
71
81
91
2
12
22
32
42
52
62
72
82
92
3
13
23
33
43
53
63
73
83
93
4
14
24
34
44
54
64
74
84
94
5
15
25
35
45
55
65
75
85
95
6
16
26
36
46
56
66
76
86
96
7
17
27
37
47
57
67
77
87
97
8
18
28
38
48
58
68
78
88
98
9
19
29
39
49
59
69
79
89
99
100
101
102
103
104
105
100
106
112
118
124
130
136
142
148
154
101
107
113
119
125
131
137
143
149
155
102
108
114
120
126
132
138
144
150
156
103
109
115
121
127
133
139
145
151
157
104
110
116
122
128
134
140
146
152
158
105
111
117
123
129
135
141
147
153
159
100
106
112
118
124
130
136
142
148
154
101
107
113
119
125
131
137
143
149
155
102
108
114
120
126
132
138
144
150
156
103
109
115
121
127
133
139
145
151
157
104
110
116
122
128
134
140
146
152
158
105
111
117
123
129
135
141
147
153
159
204
249
294
339
384
429
474
519
564
609
160
161
162
163
164
165
166
167
168
169
170
171
172
173
174
175
176
177
178
179
180
181
182
183
184
185
186
187
188
189
190
191
192
193
194
195
196
197
198
199
200
201
202
203
204
160
205
250
295
340
385
430
475
520
565
161
206
251
296
341
386
431
476
521
566
162
207
252
297
342
387
432
477
522
567
163
208
253
298
343
388
433
478
523
568
164
209
254
299
344
389
434
479
524
569
165
210
255
300
345
390
435
480
525
570
166
211
256
301
346
391
436
481
526
571
167
212
257
302
347
392
437
482
527
572
168
213
258
303
348
393
438
483
528
573
169
214
259
304
349
394
439
484
529
574
170
215
260
305
350
395
440
485
530
575
171
216
261
306
351
396
441
486
531
576
172
217
262
307
352
397
442
487
532
577
173
218
263
308
353
398
443
488
533
578
174
219
264
309
354
399
444
489
534
579
175
220
265
310
355
400
445
490
535
580
176
221
266
311
356
401
446
491
536
581
177
222
267
312
357
402
447
492
537
582
178
223
268
313
358
403
448
493
538
583
179
224
269
314
359
404
449
494
539
584
180
225
270
315
360
405
450
495
540
585
181
226
271
316
361
406
451
496
541
586
182
227
272
317
362
407
452
497
542
587
183
228
273
318
363
408
453
498
543
588
184
229
274
319
364
409
454
499
544
589
185
230
275
320
365
410
455
500
545
590
186
231
276
321
366
411
456
501
546
591
187
232
277
322
367
412
457
502
547
592
188
233
278
323
368
413
458
503
548
593
189
234
279
324
369
414
459
504
549
594
190
235
280
325
370
415
460
505
550
595
191
236
281
326
371
416
461
506
551
596
192
237
282
327
372
417
462
507
552
597
193
238
283
328
373
418
463
508
553
598
194
239
284
329
374
419
464
509
554
599
195
240
285
330
375
420
465
510
555
600
196
241
286
331
376
421
466
511
556
601
197
242
287
332
377
422
467
512
557
602
198
243
288
333
378
423
468
513
558
603
199
244
289
334
379
424
469
514
559
604
200
245
290
335
380
425
470
515
560
605
201
246
291
336
381
426
471
516
561
606
202
247
292
337
382
427
472
517
562
607
203
248
293
338
383
428
473
518
563
608
204
249
294
339
384
429
474
519
564
609
160
205
250
295
340
385
430
475
520
565
161
206
251
296
341
386
431
476
521
566
162
207
252
297
342
387
432
477
522
567
163
208
253
298
343
388
433
478
523
568
164
209
254
299
344
389
434
479
524
569
165
210
255
300
345
390
435
480
525
570
166
211
256
301
346
391
436
481
526
571
167
212
257
302
347
392
437
482
527
572
168
213
258
303
348
393
438
483
528
573
169
214
259
304
349
394
439
484
529
574
170
215
260
305
350
395
440
485
530
575
171
216
261
306
351
396
441
486
531
576
172
217
262
307
352
397
442
487
532
577
173
218
263
308
353
398
443
488
533
578
174
219
264
309
354
399
444
489
534
579
175
220
265
310
355
400
445
490
535
580
176
221
266
311
356
401
446
491
536
581
177
222
267
312
357
402
447
492
537
582
178
223
268
313
358
403
448
493
538
583
179
224
269
314
359
404
449
494
539
584
180
225
270
315
360
405
450
495
540
585
181
226
271
316
361
406
451
496
541
586
182
227
272
317
362
407
452
497
542
587
183
228
273
318
363
408
453
498
543
588
184
229
274
319
364
409
454
499
544
589
185
230
275
320
365
410
455
500
545
590
186
231
276
321
366
411
456
501
546
591
187
232
277
322
367
412
457
502
547
592
188
233
278
323
368
413
458
503
548
593
189
234
279
324
369
414
459
504
549
594
190
235
280
325
370
415
460
505
550
595
191
236
281
326
371
416
461
506
551
596
192
237
282
327
372
417
462
507
552
597
193
238
283
328
373
418
463
508
553
598
194
239
284
329
374
419
464
509
554
599
195
240
285
330
375
420
465
510
555
600
196
241
286
331
376
421
466
511
556
601
197
242
287
332
377
422
467
512
557
602
198
243
288
333
378
423
468
513
558
603
199
244
289
334
379
424
469
514
559
604
200
245
290
335
380
425
470
515
560
605
201
246
291
336
381
426
471
516
561
606
202
247
292
337
382
427
472
517
562
607
203
248
293
338
383
428
473
518
563
608
204
249
294
339
384
429
474
519
564
609
654
699
744
789
610
655
700
745
611
656
701
746
612
657
702
747
613
658
703
748
614
659
704
749
615
660
705
750
616
661
706
751
617
662
707
752
618
663
708
753
619
664
709
754
620
665
710
755
621
666
711
756
622
667
712
757
623
668
713
758
624
669
714
759
625
670
715
760
626
671
716
761
627
672
717
762
628
673
718
763
629
674
719
764
630
675
720
765
631
676
721
766
632
677
722
767
633
678
723
768
634
679
724
769
635
680
725
770
636
681
726
771
637
682
727
772
638
683
728
773
639
684
729
774
640
685
730
775
641
686
731
776
642
687
732
777
643
688
733
778
644
689
734
779
645
690
735
780
646
691
736
781
647
692
737
782
648
693
738
783
649
694
739
784
650
695
740
785
651
696
741
786
652
697
742
787
653
698
743
788
654
699
744
789
610
655
700
745
611
656
701
746
612
657
702
747
613
658
703
748
614
659
704
749
615
660
705
750
616
661
706
751
617
662
707
752
618
663
708
753
619
664
709
754
620
665
710
755
621
666
711
756
622
667
712
757
623
668
713
758
624
669
714
759
625
670
715
760
626
671
716
761
627
672
717
762
628
673
718
763
629
674
719
764
630
675
720
765
631
676
721
766
632
677
722
767
633
678
723
768
634
679
724
769
635
680
725
770
636
681
726
771
637
682
727
772
638
683
728
773
639
684
729
774
640
685
730
775
641
686
731
776
642
687
732
777
643
688
733
778
644
689
734
779
645
690
735
780
646
691
736
781
647
692
737
782
648
693
738
783
649
694
739
784
650
695
740
785
651
696
741
786
652
697
742
787
653
698
743
788
654
699
744
789
834
879
924
969
1014
1059
1104
1149
1194
1239
1195
1196
1197
1198
1199
1200
1201
1202
1203
1204
1205
1206
1207
1208
1209
1210
1211
1212
1213
1214
1215
1216
1217
1218
1219
1220
1221
1222
1223
1224
1225
1226
1227
1228
1229
1230
1231
1232
1233
1234
1235
1236
1237
1238
1239
790
835
880
925
970
1015
1060
1105
1150
1195
791
836
881
926
971
1016
1061
1106
1151
1196
792
837
882
927
972
1017
1062
1107
1152
1197
793
838
883
928
973
1018
1063
1108
1153
1198
794
839
884
929
974
1019
1064
1109
1154
1199
795
840
885
930
975
1020
1065
1110
1155
1200
796
841
886
931
976
1021
1066
1111
1156
1201
797
842
887
932
977
1022
1067
1112
1157
1202
798
843
888
933
978
1023
1068
1113
1158
1203
799
844
889
934
979
1024
1069
1114
1159
1204
800
845
890
935
980
1025
1070
1115
1160
1205
801
846
891
936
981
1026
1071
1116
1161
1206
802
847
892
937
982
1027
1072
1117
1162
1207
803
848
893
938
983
1028
1073
1118
1163
1208
804
849
894
939
984
1029
1074
1119
1164
1209
805
850
895
940
985
1030
1075
1120
1165
1210
806
851
896
941
986
1031
1076
1121
1166
1211
807
852
897
942
987
1032
1077
1122
1167
1212
808
853
898
943
988
1033
1078
1123
1168
1213
809
854
899
944
989
1034
1079
1124
1169
1214
810
855
900
945
990
1035
1080
1125
1170
1215
811
856
901
946
991
1036
1081
1126
1171
1216
812
857
902
947
992
1037
1082
1127
1172
1217
813
858
903
948
993
1038
1083
1128
1173
1218
814
859
904
949
994
1039
1084
1129
1174
1219
815
860
905
950
995
1040
1085
1130
1175
1220
816
861
906
951
996
1041
1086
1131
1176
1221
817
862
907
952
997
1042
1087
1132
1177
1222
818
863
908
953
998
1043
1088
1133
1178
1223
819
864
909
954
999
1044
1089
1134
1179
1224
820
865
910
955
1000
1045
1090
1135
1180
1225
821
866
911
956
1001
1046
1091
1136
1181
1226
822
867
912
957
1002
1047
1092
1137
1182
1227
823
868
913
958
1003
1048
1093
1138
1183
1228
824
869
914
959
1004
1049
1094
1139
1184
1229
825
870
915
960
1005
1050
1095
1140
1185
1230
826
871
916
961
1006
1051
1096
1141
1186
1231
827
872
917
962
1007
1052
1097
1142
1187
1232
828
873
918
963
1008
1053
1098
1143
1188
1233
829
874
919
964
1009
1054
1099
1144
1189
1234
830
875
920
965
1010
1055
1100
1145
1190
1235
831
876
921
966
1011
1056
1101
1146
1191
1236
832
877
922
967
1012
1057
1102
1147
1192
1237
833
878
923
968
1013
1058
1103
1148
1193
1238
834
879
924
969
1014
1059
1104
1149
1194
1239
790
835
880
925
970
1015
1060
1105
1150
1195
791
836
881
926
971
1016
1061
1106
1151
1196
792
837
882
927
972
1017
1062
1107
1152
1197
793
838
883
928
973
1018
1063
1108
1153
1198
794
839
884
929
974
1019
1064
1109
1154
1199
795
840
885
930
975
1020
1065
1110
1155
1200
796
841
886
931
976
1021
1066
1111
1156
1201
797
842
887
932
977
1022
1067
1112
1157
1202
798
843
888
933
978
1023
1068
1113
1158
1203
799
844
889
934
979
1024
1069
1114
1159
1204
800
845
890
935
980
1025
1070
1115
1160
1205
801
846
891
936
981
1026
1071
1116
1161
1206
802
847
892
937
982
1027
1072
1117
1162
1207
803
848
893
938
983
1028
1073
1118
1163
1208
804
849
894
939
984
1029
1074
1119
1164
1209
805
850
895
940
985
1030
1075
1120
1165
1210
806
851
896
941
986
1031
1076
1121
1166
1211
807
852
897
942
987
1032
1077
1122
1167
1212
808
853
898
943
988
1033
1078
1123
1168
1213
809
854
899
944
989
1034
1079
1124
1169
1214
810
855
900
945
990
1035
1080
1125
1170
1215
811
856
901
946
991
1036
1081
1126
1171
1216
812
857
902
947
992
1037
1082
1127
1172
1217
813
858
903
948
993
1038
1083
1128
1173
1218
814
859
904
949
994
1039
1084
1129
1174
1219
815
860
905
950
995
1040
1085
1130
1175
1220
816
861
906
951
996
1041
1086
1131
1176
1221
817
862
907
952
997
1042
1087
1132
1177
1222
818
863
908
953
998
1043
1088
1133
1178
1223
819
864
909
954
999
1044
1089
1134
1179
1224
820
865
910
955
1000
1045
1090
1135
1180
1225
821
866
911
956
1001
1046
1091
1136
1181
1226
822
867
912
957
1002
1047
1092
1137
1182
1227
823
868
913
958
1003
1048
1093
1138
1183
1228
824
869
914
959
1004
1049
1094
1139
1184
1229
825
870
915
960
1005
1050
1095
1140
1185
1230
826
871
916
961
1006
1051
1096
1141
1186
1231
827
872
917
962
1007
1052
1097
1142
1187
1232
828
873
918
963
1008
1053
1098
1143
1188
1233
829
874
919
964
1009
1054
1099
1144
1189
1234
830
875
920
965
1010
1055
1100
1145
1190
1235
831
876
921
966
1011
1056
1101
1146
1191
1236
832
877
922
967
1012
1057
1102
1147
1192
1237
833
878
923
968
1013
1058
1103
1148
1193
1238
834
879
924
969
1014
1059
1104
1149
1194
1239
1294
1295
1296
1297
1298
1299
1240
1246
1252
1258
1264
1270
1276
1282
1288
1294
1241
1247
1253
1259
1265
1271
1277
1283
1289
1295
1242
1248
1254
1260
1266
1272
1278
1284
1290
1296
1243
1249
1255
1261
1267
1273
1279
1285
1291
1297
1244
1250
1256
1262
1268
1274
1280
1286
1292
1298
1245
1251
1257
1263
1269
1275
1281
1287
1293
1299
1240
1246
1252
1258
1264
1270
1276
1282
1288
1294
1241
1247
1253
1259
1265
1271
1277
1283
1289
1295
1242
1248
1254
1260
1266
1272
1278
1284
1290
1296
1243
1249
1255
1261
1267
1273
1279
1285
1291
1297
1244
1250
1256
1262
1268
1274
1280
1286
1292
1298
1245
1251
1257
1263
1269
1275
1281
1287
1293
1299
1300
1310
1320
1330
1340
1350
1360
1370
1380
1390
1390
1391
1392
1393
1394
1395
1396
1397
1398
1399
1300
1310
1320
1330
1340
1350
1360
1370
1380
1390
1301
1311
1321
1331
1341
1351
1361
1371
1381
1391
1302
1312
1322
1332
1342
1352
1362
1372
1382
1392
1303
1313
1323
1333
1343
1353
1363
1373
1383
1393
1304
1314
1324
1334
1344
1354
1364
1374
1384
1394
1305
1315
1325
1335
1345
1355
1365
1375
1385
1395
1306
1316
1326
1336
1346
1356
1366
1376
1386
1396
1307
1317
1327
1337
1347
1357
1367
1377
1387
1397
1308
1318
1328
1338
1348
1358
1368
1378
1388
1398
1309
1319
1329
1339
1349
1359
1369
1379
1389
1399
1300
1310
1320
1330
1340
1350
1360
1370
1380
1390
1301
1311
1321
1331
1341
1351
1361
1371
1381
1391
1302
1312
1322
1332
1342
1352
1362
1372
1382
1392
1303
1313
1323
1333
1343
1353
1363
1373
1383
1393
1304
1314
1324
1334
1344
1354
1364
1374
1384
1394
1305
1315
1325
1335
1345
1355
1365
1375
1385
1395
1306
1316
1326
1336
1346
1356
1366
1376
1386
1396
1307
1317
1327
1337
1347
1357
1367
1377
1387
1397
1308
1318
1328
1338
1348
1358
1368
1378
1388
1398
1309
1319
1329
1339
1349
1359
1369
1379
1389
1399
1400
1410
1420
1430
1400
1410
1420
1430
1401
1411
1421
1431
1402
1412
1422
1432
1403
1413
1423
1433
1404
1414
1424
1434
1405
1415
1425
1435
1406
1416
1426
1436
1407
1417
1427
1437
1408
1418
1428
1438
1409
1419
1429
1439
1400
1410
1420
1430
1401
1411
1421
1431
1402
1412
1422
1432
1403
1413
1423
1433
1404
1414
1424
1434
1405
1415
1425
1435
1406
1416
1426
1436
1407
1417
1427
1437
1408
1418
1428
1438
1409
1419
1429
1439
1446
1453
1460
1467
1440
1447
1454
1461
1441
1448
1455
1462
1442
1449
1456
1463
1443
1450
1457
1464
1444
1451
1458
1465
1445
1452
1459
1466
1446
1453
1460
1467
1440
1447
1454
1461
1441
1448
1455
1462
1442
1449
1456
1463
1443
1450
1457
1464
1444
1451
1458
1465
1445
1452
1459
1466
1446
1453
1460
1467
1504
1505
1506
1507
1508
1509
1468
1474
1480
1486
1492
1498
1504
1469
1475
1481
1487
1493
1499
1505
1470
1476
1482
1488
1494
1500
1506
1471
1477
1483
1489
1495
1501
1507
1472
1478
1484
1490
1496
1502
1508
1473
1479
1485
1491
1497
1503
1509
1468
1474
1480
1486
1492
1498
1504
1469
1475
1481
1487
1493
1499
1505
1470
1476
1482
1488
1494
1500
1506
1471
1477
1483
1489
1495
1501
1507
1472
1478
1484
1490
1496
1502
1508
1473
1479
1485
1491
1497
1503
1509
1510
1517
1524
1531
1510
1517
1524
1531
1511
1518
1525
1532
1512
1519
1526
1533
1513
1520
1527
1534
1514
1521
1528
1535
1515
1522
1529
1536
1516
1523
1530
1537
1510
1517
1524
1531
1511
1518
1525
1532
1512
1519
1526
1533
1513
1520
1527
1534
1514
1521
1528
1535
1515
1522
1529
1536
1516
1523
1530
1537
1538
1539
1540
1541
1542
1543
1538
1544
1550
1556
1562
1568
1574
1539
1545
1551
1557
1563
1569
1575
1540
1546
1552
1558
1564
1570
1576
1541
1547
1553
1559
1565
1571
1577
1542
1548
1554
1560
1566
1572
1578
1543
1549
1555
1561
1567
1573
1579
1538
1544
1550
1556
1562
1568
1574
1539
1545
1551
1557
1563
1569
1575
1540
1546
1552
1558
1564
1570
1576
1541
1547
1553
1559
1565
1571
1577
1542
1548
1554
1560
1566
1572
1578
1543
1549
1555
1561
1567
1573
1579
)


// ************************************************************************* //
