# Forces     
# CofR       : (5.000000e-01 0.000000e+00 0.000000e+00)
# Time       forces(pressure viscous porous)	moments(pressure viscous porous)
1            	((-1.797369e-02 -1.453836e-01 5.695285e-21) (1.986910e-04 -1.245216e-05 4.282963e-21) (0.000000e+00 0.000000e+00 0.000000e+00)) ((-2.064582e-22 2.264304e-21 5.952138e-02) (-8.942074e-23 1.057940e-21 9.671454e-06) (0.000000e+00 0.000000e+00 0.000000e+00))
2            	((-9.747949e-03 -9.485797e-02 3.554259e-21) (2.031541e-04 4.268181e-07 -1.667970e-23) (0.000000e+00 0.000000e+00 0.000000e+00)) ((-1.499439e-22 1.614488e-21 3.761210e-02) (2.278960e-25 -2.299454e-24 5.542076e-06) (0.000000e+00 0.000000e+00 0.000000e+00))
3            	((-3.267774e-03 -5.142405e-02 2.803336e-21) (2.054111e-04 1.206688e-05 -1.198986e-22) (0.000000e+00 0.000000e+00 0.000000e+00)) ((-1.185952e-22 1.276544e-21 1.922125e-02) (2.475461e-24 -2.897394e-23 3.010709e-07) (0.000000e+00 0.000000e+00 0.000000e+00))
4            	((-2.212243e-03 -4.589342e-02 2.908389e-21) (1.995430e-04 1.425245e-05 7.601614e-23) (0.000000e+00 0.000000e+00 0.000000e+00)) ((-1.191103e-22 1.286877e-21 1.686566e-02) (-1.620194e-24 1.945711e-23 -1.050327e-06) (0.000000e+00 0.000000e+00 0.000000e+00))
5            	((-1.699106e-03 -4.277599e-02 2.892478e-21) (1.924044e-04 1.277184e-05 4.211899e-23) (0.000000e+00 0.000000e+00 0.000000e+00)) ((-1.146564e-22 1.243542e-21 1.573188e-02) (-9.120912e-25 1.087652e-23 -7.520539e-07) (0.000000e+00 0.000000e+00 0.000000e+00))
6            	((-1.716788e-03 -4.303493e-02 2.760468e-21) (1.837185e-04 1.143520e-05 5.605945e-23) (0.000000e+00 0.000000e+00 0.000000e+00)) ((-1.086632e-22 1.179529e-21 1.603822e-02) (-1.213833e-24 1.423806e-23 -5.285251e-07) (0.000000e+00 0.000000e+00 0.000000e+00))
7            	((-1.946712e-03 -4.468827e-02 2.516768e-21) (1.746374e-04 1.104451e-05 9.005299e-23) (0.000000e+00 0.000000e+00 0.000000e+00)) ((-1.026295e-22 1.109373e-21 1.681717e-02) (-1.959227e-24 2.302416e-23 -7.438363e-07) (0.000000e+00 0.000000e+00 0.000000e+00))
8            	((-2.179899e-03 -4.665570e-02 2.332428e-21) (1.658070e-04 1.042483e-05 1.096866e-22) (0.000000e+00 0.000000e+00 0.000000e+00)) ((-9.876931e-23 1.063024e-21 1.768184e-02) (-2.364761e-24 2.791214e-23 -7.918298e-07) (0.000000e+00 0.000000e+00 0.000000e+00))
9            	((-2.110968e-03 -4.623464e-02 2.229937e-21) (1.556327e-04 9.783808e-06 1.034371e-22) (0.000000e+00 0.000000e+00 0.000000e+00)) ((-9.576138e-23 1.029029e-21 1.752410e-02) (-2.200854e-24 2.591489e-23 -7.969231e-07) (0.000000e+00 0.000000e+00 0.000000e+00))
10           	((-1.800729e-03 -4.473763e-02 2.143663e-21) (1.445397e-04 9.222181e-06 1.129597e-22) (0.000000e+00 0.000000e+00 0.000000e+00)) ((-9.373973e-23 1.005284e-21 1.684628e-02) (-2.407617e-24 2.852909e-23 -8.505926e-07) (0.000000e+00 0.000000e+00 0.000000e+00))
11           	((-1.120680e-03 -4.116877e-02 2.028126e-21) (1.308887e-04 9.025706e-06 1.027173e-22) (0.000000e+00 0.000000e+00 0.000000e+00)) ((-9.070277e-23 9.703399e-22 1.526295e-02) (-2.197365e-24 2.622489e-23 -1.137596e-06) (0.000000e+00 0.000000e+00 0.000000e+00))
12           	((-7.756180e-04 -3.848552e-02 2.275030e-21) (1.173625e-04 8.698941e-06 9.477777e-23) (0.000000e+00 0.000000e+00 0.000000e+00)) ((-9.379956e-23 1.012627e-21 1.412883e-02) (-1.934413e-24 2.321880e-23 -1.352132e-06) (0.000000e+00 0.000000e+00 0.000000e+00))
13           	((-4.502509e-04 -3.670882e-02 2.200540e-21) (1.051714e-04 8.321616e-06 1.027805e-22) (0.000000e+00 0.000000e+00 0.000000e+00)) ((-9.228736e-23 9.943527e-22 1.330949e-02) (-2.192745e-24 2.607584e-23 -1.538992e-06) (0.000000e+00 0.000000e+00 0.000000e+00))
14           	((2.133414e-04 -3.362712e-02 2.111120e-21) (9.039408e-05 7.978337e-06 9.760008e-23) (0.000000e+00 0.000000e+00 0.000000e+00)) ((-9.047501e-23 9.724437e-22 1.190068e-02) (-2.075887e-24 2.473523e-23 -1.779448e-06) (0.000000e+00 0.000000e+00 0.000000e+00))
15           	((4.196976e-04 -3.135028e-02 2.168622e-21) (7.875705e-05 7.509105e-06 7.731379e-23) (0.000000e+00 0.000000e+00 0.000000e+00)) ((-8.992128e-23 9.701221e-22 1.096308e-02) (-1.606225e-24 1.936248e-23 -1.882893e-06) (0.000000e+00 0.000000e+00 0.000000e+00))
16           	((5.844470e-04 -3.001247e-02 2.027096e-21) (7.011766e-05 6.999528e-06 9.135538e-23) (0.000000e+00 0.000000e+00 0.000000e+00)) ((-8.698016e-23 9.347528e-22 1.036974e-02) (-1.950136e-24 2.326249e-23 -1.900654e-06) (0.000000e+00 0.000000e+00 0.000000e+00))
17           	((9.480765e-04 -2.744101e-02 1.849595e-21) (6.086654e-05 6.553867e-06 8.005495e-23) (0.000000e+00 0.000000e+00 0.000000e+00)) ((-8.276887e-23 8.854047e-22 9.261410e-03) (-1.713210e-24 2.048498e-23 -1.947457e-06) (0.000000e+00 0.000000e+00 0.000000e+00))
18           	((1.247610e-03 -2.513289e-02 1.798303e-21) (5.221815e-05 6.231115e-06 7.470239e-23) (0.000000e+00 0.000000e+00 0.000000e+00)) ((-8.064117e-23 8.624509e-22 8.295152e-03) (-1.565719e-24 1.870424e-23 -2.027534e-06) (0.000000e+00 0.000000e+00 0.000000e+00))
19           	((1.260990e-03 -2.450921e-02 1.757939e-21) (4.632014e-05 5.854535e-06 8.196510e-23) (0.000000e+00 0.000000e+00 0.000000e+00)) ((-7.958610e-23 8.502993e-22 8.038740e-03) (-1.718670e-24 2.038436e-23 -2.026438e-06) (0.000000e+00 0.000000e+00 0.000000e+00))
20           	((1.371278e-03 -2.311162e-02 1.645640e-21) (4.026444e-05 5.525054e-06 7.387094e-23) (0.000000e+00 0.000000e+00 0.000000e+00)) ((-7.674661e-23 8.174066e-22 7.461854e-03) (-1.569269e-24 1.865851e-23 -2.030409e-06) (0.000000e+00 0.000000e+00 0.000000e+00))
21           	((1.603207e-03 -2.125275e-02 1.523710e-21) (3.445475e-05 5.263133e-06 7.564505e-23) (0.000000e+00 0.000000e+00 0.000000e+00)) ((-7.382162e-23 7.832013e-22 6.678120e-03) (-1.602805e-24 1.913225e-23 -2.055136e-06) (0.000000e+00 0.000000e+00 0.000000e+00))
22           	((1.837163e-03 -1.951558e-02 1.502819e-21) (2.974556e-05 5.107031e-06 7.513709e-23) (0.000000e+00 0.000000e+00 0.000000e+00)) ((-7.277545e-23 7.721382e-22 5.949488e-03) (-1.568345e-24 1.876106e-23 -2.095531e-06) (0.000000e+00 0.000000e+00 0.000000e+00))
23           	((1.849224e-03 -1.914109e-02 1.504120e-21) (2.839499e-05 4.901078e-06 8.245237e-23) (0.000000e+00 0.000000e+00 0.000000e+00)) ((-7.291979e-23 7.735831e-22 5.788994e-03) (-1.723788e-24 2.050370e-23 -2.032975e-06) (0.000000e+00 0.000000e+00 0.000000e+00))
24           	((1.904692e-03 -1.853430e-02 1.461086e-21) (2.780276e-05 4.771912e-06 8.087669e-23) (0.000000e+00 0.000000e+00 0.000000e+00)) ((-7.220099e-23 7.645036e-22 5.524559e-03) (-1.718814e-24 2.042661e-23 -1.968590e-06) (0.000000e+00 0.000000e+00 0.000000e+00))
25           	((2.037790e-03 -1.772758e-02 1.396838e-21) (2.715559e-05 4.698598e-06 8.972157e-23) (0.000000e+00 0.000000e+00 0.000000e+00)) ((-7.112102e-23 7.508831e-22 5.162855e-03) (-1.907100e-24 2.271007e-23 -1.924991e-06) (0.000000e+00 0.000000e+00 0.000000e+00))
26           	((2.099125e-03 -1.715336e-02 1.451854e-21) (2.734658e-05 4.676810e-06 7.916618e-23) (0.000000e+00 0.000000e+00 0.000000e+00)) ((-7.195327e-23 7.616632e-22 4.922642e-03) (-1.665407e-24 1.982911e-23 -1.878595e-06) (0.000000e+00 0.000000e+00 0.000000e+00))
27           	((2.142436e-03 -1.684349e-02 1.447385e-21) (2.763032e-05 4.623844e-06 7.596994e-23) (0.000000e+00 0.000000e+00 0.000000e+00)) ((-7.195801e-23 7.614780e-22 4.780014e-03) (-1.611025e-24 1.913830e-23 -1.818240e-06) (0.000000e+00 0.000000e+00 0.000000e+00))
28           	((2.200130e-03 -1.654040e-02 1.435787e-21) (2.814820e-05 4.552677e-06 8.531249e-23) (0.000000e+00 0.000000e+00 0.000000e+00)) ((-7.195315e-23 7.608338e-22 4.631150e-03) (-1.785310e-24 2.129563e-23 -1.739705e-06) (0.000000e+00 0.000000e+00 0.000000e+00))
29           	((2.250439e-03 -1.614815e-02 1.477486e-21) (2.894484e-05 4.510614e-06 8.636149e-23) (0.000000e+00 0.000000e+00 0.000000e+00)) ((-7.264454e-23 7.695829e-22 4.461726e-03) (-1.793946e-24 2.144307e-23 -1.667297e-06) (0.000000e+00 0.000000e+00 0.000000e+00))
30           	((2.274405e-03 -1.606258e-02 1.492936e-21) (3.020452e-05 4.458605e-06 8.473492e-23) (0.000000e+00 0.000000e+00 0.000000e+00)) ((-7.314068e-23 7.751151e-22 4.412195e-03) (-1.780328e-24 2.121255e-23 -1.586371e-06) (0.000000e+00 0.000000e+00 0.000000e+00))
31           	((2.282745e-03 -1.608097e-02 1.492126e-21) (3.127949e-05 4.385800e-06 9.068784e-23) (0.000000e+00 0.000000e+00 0.000000e+00)) ((-7.341919e-23 7.777318e-22 4.400119e-03) (-1.908684e-24 2.274579e-23 -1.500144e-06) (0.000000e+00 0.000000e+00 0.000000e+00))
32           	((2.313760e-03 -1.591092e-02 1.484125e-21) (3.228075e-05 4.297088e-06 8.786971e-23) (0.000000e+00 0.000000e+00 0.000000e+00)) ((-7.326368e-23 7.758351e-22 4.317541e-03) (-1.845216e-24 2.202400e-23 -1.409288e-06) (0.000000e+00 0.000000e+00 0.000000e+00))
33           	((2.322534e-03 -1.596223e-02 1.512968e-21) (3.386236e-05 4.239990e-06 8.803593e-23) (0.000000e+00 0.000000e+00 0.000000e+00)) ((-7.400714e-23 7.844185e-22 4.326306e-03) (-1.847981e-24 2.204781e-23 -1.325485e-06) (0.000000e+00 0.000000e+00 0.000000e+00))
34           	((2.335090e-03 -1.592574e-02 1.485309e-21) (3.558306e-05 4.191158e-06 8.038298e-23) (0.000000e+00 0.000000e+00 0.000000e+00)) ((-7.355307e-23 7.786584e-22 4.297304e-03) (-1.701526e-24 2.027768e-23 -1.244204e-06) (0.000000e+00 0.000000e+00 0.000000e+00))
35           	((2.377857e-03 -1.566469e-02 1.457921e-21) (3.712027e-05 4.150913e-06 8.671989e-23) (0.000000e+00 0.000000e+00 0.000000e+00)) ((-7.294561e-23 7.714482e-22 4.178229e-03) (-1.815006e-24 2.172096e-23 -1.166838e-06) (0.000000e+00 0.000000e+00 0.000000e+00))
36           	((2.410563e-03 -1.542293e-02 1.485937e-21) (3.882946e-05 4.136272e-06 8.162697e-23) (0.000000e+00 0.000000e+00 0.000000e+00)) ((-7.335678e-23 7.768171e-22 4.072585e-03) (-1.706982e-24 2.042774e-23 -1.097574e-06) (0.000000e+00 0.000000e+00 0.000000e+00))
37           	((2.433996e-03 -1.537968e-02 1.476793e-21) (4.054847e-05 4.120216e-06 8.445693e-23) (0.000000e+00 0.000000e+00 0.000000e+00)) ((-7.327522e-23 7.755672e-22 4.042473e-03) (-1.771822e-24 2.117769e-23 -1.032092e-06) (0.000000e+00 0.000000e+00 0.000000e+00))
38           	((2.432109e-03 -1.545658e-02 1.471666e-21) (4.198413e-05 4.115235e-06 9.078172e-23) (0.000000e+00 0.000000e+00 0.000000e+00)) ((-7.341100e-23 7.765990e-22 4.056169e-03) (-1.901507e-24 2.274097e-23 -9.795757e-07) (0.000000e+00 0.000000e+00 0.000000e+00))
39           	((2.433876e-03 -1.559731e-02 1.491855e-21) (4.357485e-05 4.100554e-06 8.916643e-23) (0.000000e+00 0.000000e+00 0.000000e+00)) ((-7.404287e-23 7.836712e-22 4.099497e-03) (-1.866860e-24 2.231388e-23 -9.174345e-07) (0.000000e+00 0.000000e+00 0.000000e+00))
40           	((2.447768e-03 -1.551085e-02 1.521330e-21) (4.495316e-05 4.115814e-06 8.692571e-23) (0.000000e+00 0.000000e+00 0.000000e+00)) ((-7.462802e-23 7.907760e-22 4.055591e-03) (-1.818412e-24 2.175500e-23 -8.742611e-07) (0.000000e+00 0.000000e+00 0.000000e+00))
41           	((2.443738e-03 -1.568711e-02 1.546243e-21) (4.660532e-05 4.134380e-06 9.160792e-23) (0.000000e+00 0.000000e+00 0.000000e+00)) ((-7.540337e-23 7.994612e-22 4.112317e-03) (-1.911031e-24 2.286018e-23 -8.295150e-07) (0.000000e+00 0.000000e+00 0.000000e+00))
42           	((2.460522e-03 -1.556477e-02 1.529179e-21) (4.781317e-05 4.175891e-06 8.880805e-23) (0.000000e+00 0.000000e+00 0.000000e+00)) ((-7.520668e-23 7.967042e-22 4.046565e-03) (-1.869901e-24 2.235382e-23 -8.051844e-07) (0.000000e+00 0.000000e+00 0.000000e+00))
43           	((2.473507e-03 -1.559045e-02 1.568158e-21) (4.926160e-05 4.227314e-06 9.262707e-23) (0.000000e+00 0.000000e+00 0.000000e+00)) ((-7.614380e-23 8.076586e-22 4.044373e-03) (-1.938595e-24 2.318472e-23 -7.793809e-07) (0.000000e+00 0.000000e+00 0.000000e+00))
44           	((2.494987e-03 -1.542903e-02 1.610694e-21) (5.050211e-05 4.294322e-06 8.780638e-23) (0.000000e+00 0.000000e+00 0.000000e+00)) ((-7.694553e-23 8.175040e-22 3.971745e-03) (-1.837453e-24 2.198434e-23 -7.671848e-07) (0.000000e+00 0.000000e+00 0.000000e+00))
45           	((2.528941e-03 -1.528638e-02 1.616923e-21) (5.165872e-05 4.348320e-06 8.872452e-23) (0.000000e+00 0.000000e+00 0.000000e+00)) ((-7.719006e-23 8.201592e-22 3.899006e-03) (-1.864018e-24 2.228495e-23 -7.543816e-07) (0.000000e+00 0.000000e+00 0.000000e+00))
46           	((2.531690e-03 -1.523051e-02 1.649405e-21) (5.262775e-05 4.415780e-06 9.006011e-23) (0.000000e+00 0.000000e+00 0.000000e+00)) ((-7.802478e-23 8.298014e-22 3.862917e-03) (-1.880669e-24 2.251285e-23 -7.506619e-07) (0.000000e+00 0.000000e+00 0.000000e+00))
47           	((2.550856e-03 -1.520628e-02 1.656565e-21) (5.387253e-05 4.448073e-06 8.980726e-23) (0.000000e+00 0.000000e+00 0.000000e+00)) ((-7.836199e-23 8.333892e-22 3.839094e-03) (-1.884023e-24 2.251759e-23 -7.231896e-07) (0.000000e+00 0.000000e+00 0.000000e+00))
48           	((2.550364e-03 -1.517163e-02 1.691557e-21) (5.479422e-05 4.500763e-06 9.234148e-23) (0.000000e+00 0.000000e+00 0.000000e+00)) ((-7.924065e-23 8.435801e-22 3.813617e-03) (-1.923675e-24 2.303261e-23 -7.118160e-07) (0.000000e+00 0.000000e+00 0.000000e+00))
49           	((2.561380e-03 -1.518409e-02 1.701531e-21) (5.600662e-05 4.544034e-06 9.155039e-23) (0.000000e+00 0.000000e+00 0.000000e+00)) ((-7.965386e-23 8.480385e-22 3.805739e-03) (-1.916848e-24 2.291327e-23 -6.910496e-07) (0.000000e+00 0.000000e+00 0.000000e+00))
50           	((2.560608e-03 -1.513262e-02 1.740607e-21) (5.689542e-05 4.621615e-06 9.269147e-23) (0.000000e+00 0.000000e+00 0.000000e+00)) ((-8.062115e-23 8.592859e-22 3.774299e-03) (-1.931146e-24 2.311927e-23 -6.928219e-07) (0.000000e+00 0.000000e+00 0.000000e+00))
51           	((2.572680e-03 -1.510082e-02 1.747196e-21) (5.807527e-05 4.693828e-06 9.173504e-23) (0.000000e+00 0.000000e+00 0.000000e+00)) ((-8.093364e-23 8.626084e-22 3.749903e-03) (-1.917192e-24 2.292934e-23 -6.860474e-07) (0.000000e+00 0.000000e+00 0.000000e+00))
52           	((2.575091e-03 -1.500598e-02 1.788806e-21) (5.882122e-05 4.781343e-06 9.344693e-23) (0.000000e+00 0.000000e+00 0.000000e+00)) ((-8.196207e-23 8.745701e-22 3.700971e-03) (-1.947230e-24 2.331767e-23 -6.958442e-07) (0.000000e+00 0.000000e+00 0.000000e+00))
53           	((2.602194e-03 -1.466223e-02 1.817135e-21) (5.972893e-05 4.867377e-06 8.914933e-23) (0.000000e+00 0.000000e+00 0.000000e+00)) ((-8.238172e-23 8.800360e-22 3.559241e-03) (-1.856908e-24 2.225275e-23 -6.989697e-07) (0.000000e+00 0.000000e+00 0.000000e+00))
54           	((2.629387e-03 -1.444436e-02 1.836945e-21) (6.059945e-05 4.947390e-06 9.350579e-23) (0.000000e+00 0.000000e+00 0.000000e+00)) ((-8.286412e-23 8.856619e-22 3.461262e-03) (-1.948725e-24 2.335070e-23 -7.028763e-07) (0.000000e+00 0.000000e+00 0.000000e+00))
55           	((2.633791e-03 -1.450941e-02 1.826303e-21) (6.137217e-05 5.031038e-06 9.717616e-23) (0.000000e+00 0.000000e+00 0.000000e+00)) ((-8.319492e-23 8.882709e-22 3.466411e-03) (-2.037448e-24 2.437310e-23 -7.149810e-07) (0.000000e+00 0.000000e+00 0.000000e+00))
56           	((2.611392e-03 -1.466068e-02 1.853260e-21) (6.224828e-05 5.145693e-06 9.748404e-23) (0.000000e+00 0.000000e+00 0.000000e+00)) ((-8.415838e-23 8.988571e-22 3.516015e-03) (-2.035712e-24 2.435554e-23 -7.329984e-07) (0.000000e+00 0.000000e+00 0.000000e+00))
57           	((2.618611e-03 -1.429889e-02 1.895558e-21) (6.284755e-05 5.259246e-06 9.080521e-23) (0.000000e+00 0.000000e+00 0.000000e+00)) ((-8.487899e-23 9.079160e-22 3.372907e-03) (-1.889454e-24 2.265442e-23 -7.541542e-07) (0.000000e+00 0.000000e+00 0.000000e+00))
58           	((2.644194e-03 -1.421543e-02 1.874598e-21) (6.374086e-05 5.346440e-06 9.332149e-23) (0.000000e+00 0.000000e+00 0.000000e+00)) ((-8.462172e-23 9.043798e-22 3.327330e-03) (-1.954108e-24 2.336769e-23 -7.605344e-07) (0.000000e+00 0.000000e+00 0.000000e+00))
59           	((2.661380e-03 -1.402877e-02 1.899665e-21) (6.394929e-05 5.443093e-06 9.829757e-23) (0.000000e+00 0.000000e+00 0.000000e+00)) ((-8.545059e-23 9.135838e-22 3.239279e-03) (-2.050607e-24 2.455918e-23 -7.898268e-07) (0.000000e+00 0.000000e+00 0.000000e+00))
60           	((2.669488e-03 -1.386089e-02 1.912812e-21) (6.461597e-05 5.545343e-06 9.596671e-23) (0.000000e+00 0.000000e+00 0.000000e+00)) ((-8.584537e-23 9.180298e-22 3.166148e-03) (-2.000911e-24 2.394718e-23 -8.067282e-07) (0.000000e+00 0.000000e+00 0.000000e+00))
61           	((2.681526e-03 -1.365307e-02 1.928046e-21) (6.507203e-05 5.648214e-06 9.491292e-23) (0.000000e+00 0.000000e+00 0.000000e+00)) ((-8.626628e-23 9.228329e-22 3.077816e-03) (-1.982581e-24 2.371510e-23 -8.296343e-07) (0.000000e+00 0.000000e+00 0.000000e+00))
62           	((2.693713e-03 -1.344639e-02 1.944590e-21) (6.547228e-05 5.750937e-06 9.598297e-23) (0.000000e+00 0.000000e+00 0.000000e+00)) ((-8.673001e-23 9.281122e-22 2.990144e-03) (-2.002952e-24 2.396410e-23 -8.547899e-07) (0.000000e+00 0.000000e+00 0.000000e+00))
63           	((2.731195e-03 -1.296024e-02 1.941913e-21) (6.557513e-05 5.856665e-06 9.341829e-23) (0.000000e+00 0.000000e+00 0.000000e+00)) ((-8.664155e-23 9.271298e-22 2.792059e-03) (-1.955867e-24 2.341770e-23 -8.889104e-07) (0.000000e+00 0.000000e+00 0.000000e+00))
64           	((2.734609e-03 -1.288096e-02 1.960708e-21) (6.593282e-05 5.948979e-06 9.768137e-23) (0.000000e+00 0.000000e+00 0.000000e+00)) ((-8.727920e-23 9.341852e-22 2.753773e-03) (-2.040756e-24 2.441529e-23 -9.127016e-07) (0.000000e+00 0.000000e+00 0.000000e+00))
65           	((2.738502e-03 -1.272858e-02 1.971160e-21) (6.612943e-05 6.047187e-06 9.694120e-23) (0.000000e+00 0.000000e+00 0.000000e+00)) ((-8.769663e-23 9.387085e-22 2.689641e-03) (-2.030191e-24 2.429558e-23 -9.425211e-07) (0.000000e+00 0.000000e+00 0.000000e+00))
66           	((2.744459e-03 -1.251886e-02 1.976543e-21) (6.624049e-05 6.145785e-06 9.747974e-23) (0.000000e+00 0.000000e+00 0.000000e+00)) ((-8.795180e-23 9.414217e-22 2.604873e-03) (-2.040343e-24 2.444281e-23 -9.734264e-07) (0.000000e+00 0.000000e+00 0.000000e+00))
67           	((2.751485e-03 -1.226583e-02 1.979896e-21) (6.627836e-05 6.239761e-06 9.665444e-23) (0.000000e+00 0.000000e+00 0.000000e+00)) ((-8.811891e-23 9.431897e-22 2.504923e-03) (-2.027869e-24 2.430464e-23 -1.005200e-06) (0.000000e+00 0.000000e+00 0.000000e+00))
68           	((2.759703e-03 -1.198789e-02 1.982783e-21) (6.628608e-05 6.335799e-06 9.774737e-23) (0.000000e+00 0.000000e+00 0.000000e+00)) ((-8.825564e-23 9.446436e-22 2.396322e-03) (-2.049816e-24 2.459504e-23 -1.039189e-06) (0.000000e+00 0.000000e+00 0.000000e+00))
69           	((2.769539e-03 -1.169497e-02 1.986293e-21) (6.622262e-05 6.428420e-06 9.747026e-23) (0.000000e+00 0.000000e+00 0.000000e+00)) ((-8.839598e-23 9.461642e-22 2.282475e-03) (-2.047355e-24 2.458381e-23 -1.074691e-06) (0.000000e+00 0.000000e+00 0.000000e+00))
70           	((2.780526e-03 -1.139173e-02 1.989795e-21) (6.607696e-05 6.524135e-06 9.838290e-23) (0.000000e+00 0.000000e+00 0.000000e+00)) ((-8.853012e-23 9.476252e-22 2.165294e-03) (-2.065672e-24 2.482769e-23 -1.114500e-06) (0.000000e+00 0.000000e+00 0.000000e+00))
71           	((2.792156e-03 -1.107822e-02 1.992414e-21) (6.588102e-05 6.622560e-06 9.799247e-23) (0.000000e+00 0.000000e+00 0.000000e+00)) ((-8.863638e-23 9.487744e-22 2.045038e-03) (-2.060340e-24 2.477558e-23 -1.157847e-06) (0.000000e+00 0.000000e+00 0.000000e+00))
72           	((2.804092e-03 -1.075518e-02 1.994054e-21) (6.562108e-05 6.720540e-06 9.872669e-23) (0.000000e+00 0.000000e+00 0.000000e+00)) ((-8.871109e-23 9.495721e-22 1.922141e-03) (-2.075927e-24 2.498621e-23 -1.203039e-06) (0.000000e+00 0.000000e+00 0.000000e+00))
73           	((2.816340e-03 -1.042273e-02 1.994429e-21) (6.530380e-05 6.816530e-06 9.881809e-23) (0.000000e+00 0.000000e+00 0.000000e+00)) ((-8.874636e-23 9.499281e-22 1.796744e-03) (-2.079895e-24 2.505347e-23 -1.249989e-06) (0.000000e+00 0.000000e+00 0.000000e+00))
74           	((2.828787e-03 -1.008132e-02 1.993338e-21) (6.493890e-05 6.905218e-06 9.947233e-23) (0.000000e+00 0.000000e+00 0.000000e+00)) ((-8.873847e-23 9.497966e-22 1.669031e-03) (-2.094733e-24 2.525629e-23 -1.294834e-06) (0.000000e+00 0.000000e+00 0.000000e+00))
75           	((2.841398e-03 -9.730569e-03 1.990663e-21) (6.451528e-05 6.977590e-06 9.913924e-23) (0.000000e+00 0.000000e+00 0.000000e+00)) ((-8.868402e-23 9.491390e-22 1.538877e-03) (-2.088808e-24 2.520096e-23 -1.333787e-06) (0.000000e+00 0.000000e+00 0.000000e+00))
76           	((2.853998e-03 -9.370414e-03 1.985729e-21) (6.401734e-05 7.015836e-06 9.940924e-23) (0.000000e+00 0.000000e+00 0.000000e+00)) ((-8.856756e-23 9.477729e-22 1.406268e-03) (-2.094653e-24 2.527895e-23 -1.358236e-06) (0.000000e+00 0.000000e+00 0.000000e+00))
77           	((2.866539e-03 -8.999792e-03 1.977923e-21) (6.345167e-05 7.029290e-06 9.893881e-23) (0.000000e+00 0.000000e+00 0.000000e+00)) ((-8.837459e-23 9.455286e-22 1.270805e-03) (-2.085171e-24 2.516481e-23 -1.373014e-06) (0.000000e+00 0.000000e+00 0.000000e+00))
78           	((2.877338e-03 -8.620758e-03 1.965619e-21) (6.287076e-05 7.034576e-06 9.855527e-23) (0.000000e+00 0.000000e+00 0.000000e+00)) ((-8.806598e-23 9.419486e-22 1.133784e-03) (-2.075564e-24 2.504579e-23 -1.385243e-06) (0.000000e+00 0.000000e+00 0.000000e+00))
79           	((2.888766e-03 -8.233624e-03 1.950261e-21) (6.228119e-05 7.046188e-06 9.821477e-23) (0.000000e+00 0.000000e+00 0.000000e+00)) ((-8.768378e-23 9.375086e-22 9.943679e-04) (-2.068500e-24 2.495076e-23 -1.402707e-06) (0.000000e+00 0.000000e+00 0.000000e+00))
80           	((2.901255e-03 -7.836320e-03 1.930044e-21) (6.165480e-05 7.051757e-06 9.813943e-23) (0.000000e+00 0.000000e+00 0.000000e+00)) ((-8.719101e-23 9.317628e-22 8.515824e-04) (-2.065818e-24 2.491238e-23 -1.419452e-06) (0.000000e+00 0.000000e+00 0.000000e+00))
81           	((2.912627e-03 -7.451251e-03 1.905314e-21) (6.100672e-05 7.043606e-06 9.811467e-23) (0.000000e+00 0.000000e+00 0.000000e+00)) ((-8.661540e-23 9.249936e-22 7.140595e-04) (-2.065270e-24 2.489895e-23 -1.431421e-06) (0.000000e+00 0.000000e+00 0.000000e+00))
82           	((2.919030e-03 -7.118481e-03 1.880699e-21) (6.034326e-05 7.020763e-06 9.868800e-23) (0.000000e+00 0.000000e+00 0.000000e+00)) ((-8.607250e-23 9.185426e-22 5.975920e-04) (-2.075896e-24 2.501747e-23 -1.437815e-06) (0.000000e+00 0.000000e+00 0.000000e+00))
83           	((2.907220e-03 -6.954637e-03 1.863034e-21) (5.978367e-05 6.986654e-06 9.934231e-23) (0.000000e+00 0.000000e+00 0.000000e+00)) ((-8.577118e-23 9.147558e-22 5.494027e-04) (-2.088150e-24 2.514489e-23 -1.437439e-06) (0.000000e+00 0.000000e+00 0.000000e+00))
84           	((2.897429e-03 -6.801583e-03 1.830395e-21) (5.918148e-05 6.960746e-06 9.970427e-23) (0.000000e+00 0.000000e+00 0.000000e+00)) ((-8.517729e-23 9.074045e-22 5.042431e-04) (-2.097167e-24 2.524092e-23 -1.443453e-06) (0.000000e+00 0.000000e+00 0.000000e+00))
85           	((2.912164e-03 -6.246033e-03 1.783098e-21) (5.835664e-05 6.947267e-06 9.274707e-23) (0.000000e+00 0.000000e+00 0.000000e+00)) ((-8.379623e-23 8.917837e-22 3.095214e-04) (-1.948424e-24 2.348624e-23 -1.457672e-06) (0.000000e+00 0.000000e+00 0.000000e+00))
86           	((2.931066e-03 -5.699475e-03 1.712246e-21) (5.754086e-05 6.916911e-06 9.402092e-23) (0.000000e+00 0.000000e+00 0.000000e+00)) ((-8.201133e-23 8.710939e-22 1.155078e-04) (-1.975807e-24 2.381030e-23 -1.469450e-06) (0.000000e+00 0.000000e+00 0.000000e+00))
87           	((2.942217e-03 -5.319613e-03 1.663808e-21) (5.677165e-05 6.863688e-06 9.577662e-23) (0.000000e+00 0.000000e+00 0.000000e+00)) ((-8.083680e-23 8.573857e-22 -1.634453e-05) (-2.006915e-24 2.418273e-23 -1.473296e-06) (0.000000e+00 0.000000e+00 0.000000e+00))
88           	((2.943968e-03 -5.128462e-03 1.599132e-21) (5.606982e-05 6.797782e-06 9.889595e-23) (0.000000e+00 0.000000e+00 0.000000e+00)) ((-7.952238e-23 8.415052e-22 -7.861162e-05) (-2.077577e-24 2.499611e-23 -1.471729e-06) (0.000000e+00 0.000000e+00 0.000000e+00))
89           	((2.931787e-03 -4.831275e-03 1.500806e-21) (5.536650e-05 6.740520e-06 9.347889e-23) (0.000000e+00 0.000000e+00 0.000000e+00)) ((-7.707683e-23 8.130930e-22 -1.679221e-04) (-1.958105e-24 2.358399e-23 -1.469936e-06) (0.000000e+00 0.000000e+00 0.000000e+00))
90           	((2.923191e-03 -4.563224e-03 1.409748e-21) (5.463547e-05 6.655848e-06 9.561642e-23) (0.000000e+00 0.000000e+00 0.000000e+00)) ((-7.492933e-23 7.879006e-22 -2.500705e-04) (-1.998053e-24 2.406308e-23 -1.461338e-06) (0.000000e+00 0.000000e+00 0.000000e+00))
91           	((2.917431e-03 -4.286061e-03 1.304024e-21) (5.396699e-05 6.545563e-06 9.521674e-23) (0.000000e+00 0.000000e+00 0.000000e+00)) ((-7.243247e-23 7.586174e-22 -3.369455e-04) (-1.989373e-24 2.395248e-23 -1.441859e-06) (0.000000e+00 0.000000e+00 0.000000e+00))
92           	((2.913389e-03 -4.019050e-03 1.180602e-21) (5.329080e-05 6.419631e-06 9.494510e-23) (0.000000e+00 0.000000e+00 0.000000e+00)) ((-6.951251e-23 7.243831e-22 -4.212161e-04) (-1.983348e-24 2.389434e-23 -1.415481e-06) (0.000000e+00 0.000000e+00 0.000000e+00))
93           	((2.909134e-03 -3.755234e-03 1.041034e-21) (5.261784e-05 6.289215e-06 9.411467e-23) (0.000000e+00 0.000000e+00 0.000000e+00)) ((-6.616903e-23 6.852740e-22 -5.042833e-04) (-1.966335e-24 2.367737e-23 -1.388173e-06) (0.000000e+00 0.000000e+00 0.000000e+00))
94           	((2.902646e-03 -3.503909e-03 8.797658e-22) (5.197257e-05 6.155273e-06 9.403048e-23) (0.000000e+00 0.000000e+00 0.000000e+00)) ((-6.229531e-23 6.399850e-22 -5.823545e-04) (-1.965132e-24 2.365721e-23 -1.360795e-06) (0.000000e+00 0.000000e+00 0.000000e+00))
95           	((2.893382e-03 -3.271183e-03 6.992521e-22) (5.136366e-05 6.012759e-06 9.405438e-23) (0.000000e+00 0.000000e+00 0.000000e+00)) ((-5.794572e-23 5.891615e-22 -6.532505e-04) (-1.968656e-24 2.370926e-23 -1.330539e-06) (0.000000e+00 0.000000e+00 0.000000e+00))
96           	((2.881506e-03 -3.060992e-03 5.018250e-22) (5.075473e-05 5.857421e-06 9.476648e-23) (0.000000e+00 0.000000e+00 0.000000e+00)) ((-5.317463e-23 5.334429e-22 -7.157911e-04) (-1.986721e-24 2.390853e-23 -1.295274e-06) (0.000000e+00 0.000000e+00 0.000000e+00))
97           	((2.867304e-03 -2.874898e-03 2.910644e-22) (5.013553e-05 5.699382e-06 9.516908e-23) (0.000000e+00 0.000000e+00 0.000000e+00)) ((-4.806226e-23 4.737791e-22 -7.697298e-04) (-2.000686e-24 2.406361e-23 -1.259359e-06) (0.000000e+00 0.000000e+00 0.000000e+00))
98           	((2.854928e-03 -2.667059e-03 8.438732e-23) (4.939829e-05 5.552238e-06 9.452163e-23) (0.000000e+00 0.000000e+00 0.000000e+00)) ((-4.292128e-23 4.140529e-22 -8.325203e-04) (-1.991925e-24 2.396612e-23 -1.230289e-06) (0.000000e+00 0.000000e+00 0.000000e+00))
99           	((2.846848e-03 -2.405485e-03 -1.355351e-22) (4.860668e-05 5.405091e-06 9.348106e-23) (0.000000e+00 0.000000e+00 0.000000e+00)) ((-3.738488e-23 3.498694e-22 -9.174033e-04) (-1.979976e-24 2.379718e-23 -1.203149e-06) (0.000000e+00 0.000000e+00 0.000000e+00))
100          	((2.832256e-03 -2.260035e-03 -3.440291e-22) (4.794072e-05 5.257714e-06 9.439823e-23) (0.000000e+00 0.000000e+00 0.000000e+00)) ((-3.218305e-23 2.894687e-22 -9.600275e-04) (-2.009607e-24 2.413642e-23 -1.173864e-06) (0.000000e+00 0.000000e+00 0.000000e+00))
101          	((2.810933e-03 -2.209865e-03 -5.301817e-22) (4.737973e-05 5.116297e-06 9.408480e-23) (0.000000e+00 0.000000e+00 0.000000e+00)) ((-2.750050e-23 2.351763e-22 -9.672894e-04) (-2.011983e-24 2.412814e-23 -1.143140e-06) (0.000000e+00 0.000000e+00 0.000000e+00))
102          	((2.779176e-03 -2.274107e-03 -6.779585e-22) (4.693057e-05 4.986975e-06 9.169873e-23) (0.000000e+00 0.000000e+00 0.000000e+00)) ((-2.368587e-23 1.911467e-22 -9.306207e-04) (-1.969390e-24 2.360720e-23 -1.112623e-06) (0.000000e+00 0.000000e+00 0.000000e+00))
103          	((2.749514e-03 -2.348269e-03 -7.893277e-22) (4.650620e-05 4.874323e-06 8.898443e-23) (0.000000e+00 0.000000e+00 0.000000e+00)) ((-2.067612e-23 1.566767e-22 -8.923157e-04) (-1.916572e-24 2.295712e-23 -1.085306e-06) (0.000000e+00 0.000000e+00 0.000000e+00))
104          	((2.721920e-03 -2.442777e-03 -8.517280e-22) (4.615496e-05 4.784851e-06 8.460389e-23) (0.000000e+00 0.000000e+00 0.000000e+00)) ((-1.876983e-23 1.352638e-22 -8.488341e-04) (-1.825885e-24 2.188413e-23 -1.063789e-06) (0.000000e+00 0.000000e+00 0.000000e+00))
105          	((2.696319e-03 -2.570036e-03 -8.583239e-22) (4.588095e-05 4.724864e-06 8.101037e-23) (0.000000e+00 0.000000e+00 0.000000e+00)) ((-1.814553e-23 1.289647e-22 -7.956613e-04) (-1.746696e-24 2.094427e-23 -1.051064e-06) (0.000000e+00 0.000000e+00 0.000000e+00))
106          	((2.671114e-03 -2.752614e-03 -8.056390e-22) (4.565794e-05 4.687929e-06 7.760878e-23) (0.000000e+00 0.000000e+00 0.000000e+00)) ((-1.891511e-23 1.390263e-22 -7.241448e-04) (-1.668260e-24 2.001302e-23 -1.043909e-06) (0.000000e+00 0.000000e+00 0.000000e+00))
107          	((2.629606e-03 -3.176290e-03 -6.824083e-22) (4.562615e-05 4.667928e-06 7.758632e-23) (0.000000e+00 0.000000e+00 0.000000e+00)) ((-2.149787e-23 1.700319e-22 -5.622100e-04) (-1.657742e-24 1.991038e-23 -1.037063e-06) (0.000000e+00 0.000000e+00 0.000000e+00))
108          	((2.599333e-03 -3.496131e-03 -5.385936e-22) (4.558510e-05 4.681343e-06 7.578785e-23) (0.000000e+00 0.000000e+00 0.000000e+00)) ((-2.450393e-23 2.061391e-22 -4.411880e-04) (-1.614920e-24 1.941405e-23 -1.039604e-06) (0.000000e+00 0.000000e+00 0.000000e+00))
109          	((2.566652e-03 -3.898814e-03 -3.413511e-22) (4.558272e-05 4.705538e-06 7.766229e-23) (0.000000e+00 0.000000e+00 0.000000e+00)) ((-2.884366e-23 2.577308e-22 -2.911296e-04) (-1.642867e-24 1.976854e-23 -1.044634e-06) (0.000000e+00 0.000000e+00 0.000000e+00))
110          	((2.537745e-03 -4.272313e-03 -8.200192e-23) (4.558872e-05 4.758025e-06 7.933367e-23) (0.000000e+00 0.000000e+00 0.000000e+00)) ((-3.454090e-23 3.254818e-22 -1.535737e-04) (-1.663438e-24 2.005460e-23 -1.059128e-06) (0.000000e+00 0.000000e+00 0.000000e+00))
111          	((2.511943e-03 -4.680813e-03 1.786417e-22) (4.569323e-05 4.825252e-06 8.322821e-23) (0.000000e+00 0.000000e+00 0.000000e+00)) ((-4.047409e-23 3.955517e-22 -6.276911e-06) (-1.742622e-24 2.100466e-23 -1.076130e-06) (0.000000e+00 0.000000e+00 0.000000e+00))
112          	((2.485651e-03 -5.126344e-03 4.387380e-22) (4.583854e-05 4.902294e-06 8.914174e-23) (0.000000e+00 0.000000e+00 0.000000e+00)) ((-4.653570e-23 4.668194e-22 1.541115e-04) (-1.862885e-24 2.246079e-23 -1.095065e-06) (0.000000e+00 0.000000e+00 0.000000e+00))
113          	((2.460487e-03 -5.585215e-03 6.905072e-22) (4.598881e-05 4.991145e-06 9.365570e-23) (0.000000e+00 0.000000e+00 0.000000e+00)) ((-5.255046e-23 5.372105e-22 3.184567e-04) (-1.955367e-24 2.356511e-23 -1.118624e-06) (0.000000e+00 0.000000e+00 0.000000e+00))
114          	((2.438444e-03 -6.023289e-03 9.243988e-22) (4.610266e-05 5.077752e-06 1.005391e-22) (0.000000e+00 0.000000e+00 0.000000e+00)) ((-5.827407e-23 6.039011e-22 4.740944e-04) (-2.097432e-24 2.527835e-23 -1.141397e-06) (0.000000e+00 0.000000e+00 0.000000e+00))
115          	((2.420546e-03 -6.414325e-03 1.133281e-21) (4.618199e-05 5.168150e-06 1.052440e-22) (0.000000e+00 0.000000e+00 0.000000e+00)) ((-6.351356e-23 6.646813e-22 6.114134e-04) (-2.196104e-24 2.647075e-23 -1.166881e-06) (0.000000e+00 0.000000e+00 0.000000e+00))
116          	((2.407565e-03 -6.739461e-03 1.311948e-21) (4.623557e-05 5.256910e-06 1.071441e-22) (0.000000e+00 0.000000e+00 0.000000e+00)) ((-6.811887e-23 7.178505e-22 7.237198e-04) (-2.237651e-24 2.695811e-23 -1.193490e-06) (0.000000e+00 0.000000e+00 0.000000e+00))
117          	((2.401280e-03 -6.981692e-03 1.458749e-21) (4.622249e-05 5.334725e-06 1.099998e-22) (0.000000e+00 0.000000e+00 0.000000e+00)) ((-7.202335e-23 7.626875e-22 8.045883e-04) (-2.297676e-24 2.768556e-23 -1.217607e-06) (0.000000e+00 0.000000e+00 0.000000e+00))
118          	((2.400025e-03 -7.132441e-03 1.572886e-21) (4.613502e-05 5.407623e-06 1.091307e-22) (0.000000e+00 0.000000e+00 0.000000e+00)) ((-7.517028e-23 7.986096e-22 8.518110e-04) (-2.283021e-24 2.750111e-23 -1.242938e-06) (0.000000e+00 0.000000e+00 0.000000e+00))
119          	((2.404294e-03 -7.180752e-03 1.654880e-21) (4.598932e-05 5.468656e-06 1.095441e-22) (0.000000e+00 0.000000e+00 0.000000e+00)) ((-7.754184e-23 8.254736e-22 8.615952e-04) (-2.292102e-24 2.762098e-23 -1.265826e-06) (0.000000e+00 0.000000e+00 0.000000e+00))
120          	((2.413762e-03 -7.148385e-03 1.701453e-21) (4.577982e-05 5.518699e-06 1.110243e-22) (0.000000e+00 0.000000e+00 0.000000e+00)) ((-7.910607e-23 8.428056e-22 8.414005e-04) (-2.324510e-24 2.800852e-23 -1.287350e-06) (0.000000e+00 0.000000e+00 0.000000e+00))
121          	((2.425924e-03 -7.065194e-03 1.727625e-21) (4.553833e-05 5.558051e-06 1.086240e-22) (0.000000e+00 0.000000e+00 0.000000e+00)) ((-8.013933e-23 8.540175e-22 8.035087e-04) (-2.276621e-24 2.742235e-23 -1.306622e-06) (0.000000e+00 0.000000e+00 0.000000e+00))
122          	((2.449018e-03 -6.802219e-03 1.718616e-21) (4.512656e-05 5.586994e-06 1.089997e-22) (0.000000e+00 0.000000e+00 0.000000e+00)) ((-8.026452e-23 8.547482e-22 6.985983e-04) (-2.282126e-24 2.751525e-23 -1.326386e-06) (0.000000e+00 0.000000e+00 0.000000e+00))
123          	((2.474492e-03 -6.494207e-03 1.690472e-21) (4.469616e-05 5.606249e-06 1.062632e-22) (0.000000e+00 0.000000e+00 0.000000e+00)) ((-7.990867e-23 8.499008e-22 5.776893e-04) (-2.227567e-24 2.684729e-23 -1.344581e-06) (0.000000e+00 0.000000e+00 0.000000e+00))
124          	((2.500058e-03 -6.158993e-03 1.647625e-21) (4.428176e-05 5.606852e-06 1.064499e-22) (0.000000e+00 0.000000e+00 0.000000e+00)) ((-7.915589e-23 8.405065e-22 4.483826e-04) (-2.230879e-24 2.690050e-23 -1.355437e-06) (0.000000e+00 0.000000e+00 0.000000e+00))
125          	((2.524852e-03 -5.787034e-03 1.586534e-21) (4.385045e-05 5.606533e-06 1.038507e-22) (0.000000e+00 0.000000e+00 0.000000e+00)) ((-7.792648e-23 8.256223e-22 3.075468e-04) (-2.177226e-24 2.624660e-23 -1.367378e-06) (0.000000e+00 0.000000e+00 0.000000e+00))
126          	((2.550229e-03 -5.381585e-03 1.509485e-21) (4.339743e-05 5.600648e-06 1.031569e-22) (0.000000e+00 0.000000e+00 0.000000e+00)) ((-7.628345e-23 8.059673e-22 1.555695e-04) (-2.162316e-24 2.608359e-23 -1.378597e-06) (0.000000e+00 0.000000e+00 0.000000e+00))
127          	((2.575567e-03 -4.949932e-03 1.420886e-21) (4.291354e-05 5.587772e-06 1.017075e-22) (0.000000e+00 0.000000e+00 0.000000e+00)) ((-7.431739e-23 7.826335e-22 -4.813790e-06) (-2.132736e-24 2.570612e-23 -1.388798e-06) (0.000000e+00 0.000000e+00 0.000000e+00))
128          	((2.599443e-03 -4.514194e-03 1.324923e-21) (4.239995e-05 5.545496e-06 1.009334e-22) (0.000000e+00 0.000000e+00 0.000000e+00)) ((-7.212722e-23 7.567808e-22 -1.652065e-04) (-2.116886e-24 2.554060e-23 -1.386514e-06) (0.000000e+00 0.000000e+00 0.000000e+00))
129          	((2.623082e-03 -4.055781e-03 1.214548e-21) (4.187010e-05 5.506446e-06 1.002258e-22) (0.000000e+00 0.000000e+00 0.000000e+00)) ((-6.956923e-23 7.266744e-22 -3.329748e-04) (-2.101298e-24 2.534070e-23 -1.387874e-06) (0.000000e+00 0.000000e+00 0.000000e+00))
130          	((2.640453e-03 -3.664276e-03 1.104757e-21) (4.138842e-05 5.461556e-06 1.001928e-22) (0.000000e+00 0.000000e+00 0.000000e+00)) ((-6.700620e-23 6.965498e-22 -4.739631e-04) (-2.102199e-24 2.533766e-23 -1.387526e-06) (0.000000e+00 0.000000e+00 0.000000e+00))
131          	((2.659309e-03 -3.219940e-03 9.777008e-22) (4.086057e-05 5.408244e-06 9.869346e-23) (0.000000e+00 0.000000e+00 0.000000e+00)) ((-6.397313e-23 6.610486e-22 -6.335842e-04) (-2.070349e-24 2.498978e-23 -1.384527e-06) (0.000000e+00 0.000000e+00 0.000000e+00))
132          	((2.674052e-03 -2.825481e-03 8.478030e-22) (4.035359e-05 5.346666e-06 9.910614e-23) (0.000000e+00 0.000000e+00 0.000000e+00)) ((-6.087436e-23 6.247738e-22 -7.739214e-04) (-2.079261e-24 2.507356e-23 -1.378962e-06) (0.000000e+00 0.000000e+00 0.000000e+00))
133          	((2.682536e-03 -2.481965e-03 7.153685e-22) (3.989190e-05 5.279606e-06 9.879813e-23) (0.000000e+00 0.000000e+00 0.000000e+00)) ((-5.769272e-23 5.875772e-22 -8.934269e-04) (-2.073336e-24 2.499791e-23 -1.371069e-06) (0.000000e+00 0.000000e+00 0.000000e+00))
134          	((2.715526e-03 -1.877277e-03 5.523718e-22) (3.921447e-05 5.203912e-06 9.539780e-23) (0.000000e+00 0.000000e+00 0.000000e+00)) ((-5.362291e-23 5.403273e-22 -1.115609e-03) (-2.005244e-24 2.422715e-23 -1.363463e-06) (0.000000e+00 0.000000e+00 0.000000e+00))
135          	((2.713448e-03 -1.684419e-03 4.141032e-22) (3.887990e-05 5.112214e-06 1.008387e-22) (0.000000e+00 0.000000e+00 0.000000e+00)) ((-5.035842e-23 5.020392e-22 -1.177906e-03) (-2.119288e-24 2.554117e-23 -1.345035e-06) (0.000000e+00 0.000000e+00 0.000000e+00))
136          	((2.710189e-03 -1.449318e-03 2.627546e-22) (3.846794e-05 5.033317e-06 9.921432e-23) (0.000000e+00 0.000000e+00 0.000000e+00)) ((-4.667655e-23 4.590927e-22 -1.254211e-03) (-2.089330e-24 2.517447e-23 -1.331798e-06) (0.000000e+00 0.000000e+00 0.000000e+00))
137          	((2.706906e-03 -1.194952e-03 1.041509e-22) (3.803296e-05 4.945045e-06 9.863486e-23) (0.000000e+00 0.000000e+00 0.000000e+00)) ((-4.275984e-23 4.135306e-22 -1.337317e-03) (-2.080548e-24 2.508539e-23 -1.314313e-06) (0.000000e+00 0.000000e+00 0.000000e+00))
138          	((2.711577e-03 -8.160371e-04 -4.369827e-23) (3.751481e-05 4.861980e-06 9.493166e-23) (0.000000e+00 0.000000e+00 0.000000e+00)) ((-3.886356e-23 3.687179e-22 -1.467709e-03) (-2.005934e-24 2.417660e-23 -1.300905e-06) (0.000000e+00 0.000000e+00 0.000000e+00))
139          	((2.717331e-03 -5.502416e-04 -1.915678e-22) (3.705229e-05 4.774881e-06 9.752970e-23) (0.000000e+00 0.000000e+00 0.000000e+00)) ((-3.516610e-23 3.258020e-22 -1.560378e-03) (-2.064562e-24 2.487031e-23 -1.286920e-06) (0.000000e+00 0.000000e+00 0.000000e+00))
140          	((2.715273e-03 -3.709255e-04 -3.301758e-22) (3.665284e-05 4.686190e-06 9.820513e-23) (0.000000e+00 0.000000e+00 0.000000e+00)) ((-3.168939e-23 2.854706e-22 -1.619233e-03) (-2.083053e-24 2.509258e-23 -1.268954e-06) (0.000000e+00 0.000000e+00 0.000000e+00))
141          	((2.706301e-03 -2.601386e-04 -4.548001e-22) (3.629178e-05 4.612201e-06 9.606948e-23) (0.000000e+00 0.000000e+00 0.000000e+00)) ((-2.853017e-23 2.488905e-22 -1.651247e-03) (-2.042845e-24 2.457465e-23 -1.255891e-06) (0.000000e+00 0.000000e+00 0.000000e+00))
142          	((2.689485e-03 -2.268596e-04 -5.605808e-22) (3.599154e-05 4.544220e-06 9.580671e-23) (0.000000e+00 0.000000e+00 0.000000e+00)) ((-2.580444e-23 2.174197e-22 -1.652787e-03) (-2.040650e-24 2.454544e-23 -1.242364e-06) (0.000000e+00 0.000000e+00 0.000000e+00))
143          	((2.670132e-03 -2.140235e-04 -6.423713e-22) (3.571310e-05 4.487910e-06 9.235582e-23) (0.000000e+00 0.000000e+00 0.000000e+00)) ((-2.358056e-23 1.919758e-22 -1.646210e-03) (-1.971653e-24 2.370964e-23 -1.231347e-06) (0.000000e+00 0.000000e+00 0.000000e+00))
144          	((2.655475e-03 -2.088574e-04 -7.053434e-22) (3.543555e-05 4.440270e-06 9.163693e-23) (0.000000e+00 0.000000e+00 0.000000e+00)) ((-2.184655e-23 1.721780e-22 -1.640010e-03) (-1.957073e-24 2.352674e-23 -1.222869e-06) (0.000000e+00 0.000000e+00 0.000000e+00))
145          	((2.638948e-03 -2.521188e-04 -7.359661e-22) (3.521405e-05 4.413356e-06 8.985609e-23) (0.000000e+00 0.000000e+00 0.000000e+00)) ((-2.087004e-23 1.612783e-22 -1.616436e-03) (-1.918385e-24 2.306527e-23 -1.221819e-06) (0.000000e+00 0.000000e+00 0.000000e+00))
146          	((2.621648e-03 -3.540805e-04 -7.234683e-22) (3.504657e-05 4.378682e-06 8.787353e-23) (0.000000e+00 0.000000e+00 0.000000e+00)) ((-2.088466e-23 1.620620e-22 -1.572157e-03) (-1.874467e-24 2.255510e-23 -1.213490e-06) (0.000000e+00 0.000000e+00 0.000000e+00))
147          	((2.602148e-03 -4.718465e-04 -6.660233e-22) (3.490623e-05 4.364377e-06 8.539413e-23) (0.000000e+00 0.000000e+00 0.000000e+00)) ((-2.185340e-23 1.742701e-22 -1.521491e-03) (-1.817149e-24 2.185982e-23 -1.210919e-06) (0.000000e+00 0.000000e+00 0.000000e+00))
148          	((2.580753e-03 -6.367948e-04 -5.853509e-22) (3.482481e-05 4.372059e-06 8.439242e-23) (0.000000e+00 0.000000e+00 0.000000e+00)) ((-2.341956e-23 1.933782e-22 -1.453963e-03) (-1.793679e-24 2.158232e-23 -1.215766e-06) (0.000000e+00 0.000000e+00 0.000000e+00))
149          	((2.558674e-03 -8.389002e-04 -4.794165e-22) (3.480501e-05 4.375322e-06 8.451651e-23) (0.000000e+00 0.000000e+00 0.000000e+00)) ((-2.561206e-23 2.197670e-22 -1.373346e-03) (-1.791803e-24 2.157938e-23 -1.215198e-06) (0.000000e+00 0.000000e+00 0.000000e+00))
150          	((2.535791e-03 -1.078074e-03 -3.518400e-22) (3.480809e-05 4.397615e-06 8.556873e-23) (0.000000e+00 0.000000e+00 0.000000e+00)) ((-2.836303e-23 2.526023e-22 -1.279937e-03) (-1.809117e-24 2.178227e-23 -1.222125e-06) (0.000000e+00 0.000000e+00 0.000000e+00))
151          	((2.512729e-03 -1.353298e-03 -2.083351e-22) (3.484452e-05 4.426197e-06 8.789050e-23) (0.000000e+00 0.000000e+00 0.000000e+00)) ((-3.155606e-23 2.904782e-22 -1.174347e-03) (-1.853084e-24 2.231741e-23 -1.229923e-06) (0.000000e+00 0.000000e+00 0.000000e+00))
152          	((2.490710e-03 -1.646515e-03 -5.751260e-23) (3.491659e-05 4.454029e-06 9.004937e-23) (0.000000e+00 0.000000e+00 0.000000e+00)) ((-3.498825e-23 3.310142e-22 -1.063178e-03) (-1.893791e-24 2.281958e-23 -1.235377e-06) (0.000000e+00 0.000000e+00 0.000000e+00))
153          	((2.464158e-03 -2.018488e-03 9.658368e-23) (3.504248e-05 4.489962e-06 9.388336e-23) (0.000000e+00 0.000000e+00 0.000000e+00)) ((-3.863983e-23 3.738132e-22 -9.229988e-04) (-1.970397e-24 2.374427e-23 -1.243340e-06) (0.000000e+00 0.000000e+00 0.000000e+00))
154          	((2.444443e-03 -2.315763e-03 2.344510e-22) (3.513101e-05 4.540990e-06 9.589227e-23) (0.000000e+00 0.000000e+00 0.000000e+00)) ((-4.192366e-23 4.122652e-22 -8.120460e-04) (-2.011246e-24 2.422689e-23 -1.257971e-06) (0.000000e+00 0.000000e+00 0.000000e+00))
155          	((2.428707e-03 -2.585436e-03 3.677538e-22) (3.520723e-05 4.575595e-06 9.792810e-23) (0.000000e+00 0.000000e+00 0.000000e+00)) ((-4.513742e-23 4.498132e-22 -7.126253e-04) (-2.050910e-24 2.471419e-23 -1.265109e-06) (0.000000e+00 0.000000e+00 0.000000e+00))
156          	((2.415655e-03 -2.833151e-03 4.662381e-22) (3.528792e-05 4.615435e-06 1.011086e-22) (0.000000e+00 0.000000e+00 0.000000e+00)) ((-4.766724e-23 4.790379e-22 -6.222478e-04) (-2.117808e-24 2.551185e-23 -1.275586e-06) (0.000000e+00 0.000000e+00 0.000000e+00))
157          	((2.405667e-03 -3.045985e-03 5.464296e-22) (3.534363e-05 4.655524e-06 1.032058e-22) (0.000000e+00 0.000000e+00 0.000000e+00)) ((-4.981108e-23 5.036354e-22 -5.455017e-04) (-2.161556e-24 2.603833e-23 -1.287924e-06) (0.000000e+00 0.000000e+00 0.000000e+00))
158          	((2.398575e-03 -3.219431e-03 6.081542e-22) (3.537943e-05 4.675710e-06 1.042937e-22) (0.000000e+00 0.000000e+00 0.000000e+00)) ((-5.154218e-23 5.233411e-22 -4.835404e-04) (-2.184539e-24 2.632474e-23 -1.291747e-06) (0.000000e+00 0.000000e+00 0.000000e+00))
159          	((2.393885e-03 -3.346534e-03 6.496930e-22) (3.536609e-05 4.701986e-06 1.050804e-22) (0.000000e+00 0.000000e+00 0.000000e+00)) ((-5.280350e-23 5.375222e-22 -4.386937e-04) (-2.201824e-24 2.651523e-23 -1.300810e-06) (0.000000e+00 0.000000e+00 0.000000e+00))
160          	((2.393803e-03 -3.402882e-03 6.731449e-22) (3.530174e-05 4.727758e-06 1.050699e-22) (0.000000e+00 0.000000e+00 0.000000e+00)) ((-5.359850e-23 5.463196e-22 -4.202273e-04) (-2.202168e-24 2.652491e-23 -1.311808e-06) (0.000000e+00 0.000000e+00 0.000000e+00))
161          	((2.396528e-03 -3.406108e-03 6.720197e-22) (3.522653e-05 4.729322e-06 1.053629e-22) (0.000000e+00 0.000000e+00 0.000000e+00)) ((-5.382424e-23 5.484164e-22 -4.211928e-04) (-2.209502e-24 2.662503e-23 -1.312509e-06) (0.000000e+00 0.000000e+00 0.000000e+00))
162          	((2.398408e-03 -3.382178e-03 6.498457e-22) (3.513473e-05 4.735823e-06 1.054895e-22) (0.000000e+00 0.000000e+00 0.000000e+00)) ((-5.356273e-23 5.447772e-22 -4.312032e-04) (-2.213952e-24 2.665572e-23 -1.317673e-06) (0.000000e+00 0.000000e+00 0.000000e+00))
163          	((2.405178e-03 -3.322424e-03 6.208151e-22) (3.500476e-05 4.739283e-06 1.052772e-22) (0.000000e+00 0.000000e+00 0.000000e+00)) ((-5.309508e-23 5.388168e-22 -4.556096e-04) (-2.210732e-24 2.662216e-23 -1.323717e-06) (0.000000e+00 0.000000e+00 0.000000e+00))
164          	((2.414423e-03 -3.217040e-03 5.682401e-22) (3.485184e-05 4.722966e-06 1.048971e-22) (0.000000e+00 0.000000e+00 0.000000e+00)) ((-5.207529e-23 5.263725e-22 -4.966507e-04) (-2.205519e-24 2.656953e-23 -1.321137e-06) (0.000000e+00 0.000000e+00 0.000000e+00))
165          	((2.423894e-03 -3.078957e-03 5.062148e-22) (3.466691e-05 4.712880e-06 1.042011e-22) (0.000000e+00 0.000000e+00 0.000000e+00)) ((-5.078315e-23 5.108413e-22 -5.489664e-04) (-2.192021e-24 2.638613e-23 -1.323384e-06) (0.000000e+00 0.000000e+00 0.000000e+00))
166          	((2.433373e-03 -2.922485e-03 4.371115e-22) (3.447342e-05 4.700207e-06 1.035827e-22) (0.000000e+00 0.000000e+00 0.000000e+00)) ((-4.928616e-23 4.929899e-22 -6.074934e-04) (-2.180696e-24 2.625410e-23 -1.325816e-06) (0.000000e+00 0.000000e+00 0.000000e+00))
167          	((2.442398e-03 -2.754859e-03 3.624640e-22) (3.428610e-05 4.668379e-06 1.028764e-22) (0.000000e+00 0.000000e+00 0.000000e+00)) ((-4.761898e-23 4.732282e-22 -6.692652e-04) (-2.167463e-24 2.610714e-23 -1.319248e-06) (0.000000e+00 0.000000e+00 0.000000e+00))
168          	((2.452154e-03 -2.572771e-03 2.817936e-22) (3.406320e-05 4.644226e-06 1.024549e-22) (0.000000e+00 0.000000e+00 0.000000e+00)) ((-4.579297e-23 4.516399e-22 -7.364701e-04) (-2.160123e-24 2.599750e-23 -1.318247e-06) (0.000000e+00 0.000000e+00 0.000000e+00))
169          	((2.461698e-03 -2.379585e-03 2.051159e-22) (3.382798e-05 4.621182e-06 1.007028e-22) (0.000000e+00 0.000000e+00 0.000000e+00)) ((-4.398226e-23 4.304035e-22 -8.071546e-04) (-2.125776e-24 2.558551e-23 -1.318054e-06) (0.000000e+00 0.000000e+00 0.000000e+00))
170          	((2.472389e-03 -2.185000e-03 1.284179e-22) (3.359509e-05 4.580386e-06 1.000836e-22) (0.000000e+00 0.000000e+00 0.000000e+00)) ((-4.215587e-23 4.090163e-22 -8.787316e-04) (-2.114312e-24 2.545930e-23 -1.309618e-06) (0.000000e+00 0.000000e+00 0.000000e+00))
171          	((2.481147e-03 -1.995421e-03 5.710785e-23) (3.336218e-05 4.552159e-06 9.878581e-23) (0.000000e+00 0.000000e+00 0.000000e+00)) ((-4.040698e-23 3.886467e-22 -9.475829e-04) (-2.088248e-24 2.512362e-23 -1.307574e-06) (0.000000e+00 0.000000e+00 0.000000e+00))
172          	((2.486181e-03 -1.839114e-03 -8.521671e-24) (3.315751e-05 4.524284e-06 9.819463e-23) (0.000000e+00 0.000000e+00 0.000000e+00)) ((-3.878019e-23 3.697353e-22 -1.003076e-03) (-2.076974e-24 2.499051e-23 -1.305221e-06) (0.000000e+00 0.000000e+00 0.000000e+00))
173          	((2.490325e-03 -1.695222e-03 -6.707041e-23) (3.297131e-05 4.484189e-06 9.745242e-23) (0.000000e+00 0.000000e+00 0.000000e+00)) ((-3.729415e-23 3.525324e-22 -1.053705e-03) (-2.062132e-24 2.481359e-23 -1.295934e-06) (0.000000e+00 0.000000e+00 0.000000e+00))
174          	((2.492859e-03 -1.568304e-03 -1.171573e-22) (3.278593e-05 4.457108e-06 9.666825e-23) (0.000000e+00 0.000000e+00 0.000000e+00)) ((-3.598697e-23 3.374730e-22 -1.097878e-03) (-2.046412e-24 2.461431e-23 -1.292732e-06) (0.000000e+00 0.000000e+00 0.000000e+00))
175          	((2.493594e-03 -1.465352e-03 -1.576056e-22) (3.262742e-05 4.434360e-06 9.609750e-23) (0.000000e+00 0.000000e+00 0.000000e+00)) ((-3.489265e-23 3.249423e-22 -1.132903e-03) (-2.034505e-24 2.447007e-23 -1.290661e-06) (0.000000e+00 0.000000e+00 0.000000e+00))
176          	((2.493560e-03 -1.382842e-03 -1.886894e-22) (3.249501e-05 4.400528e-06 9.570801e-23) (0.000000e+00 0.000000e+00 0.000000e+00)) ((-3.401292e-23 3.149427e-22 -1.160477e-03) (-2.026402e-24 2.438402e-23 -1.281892e-06) (0.000000e+00 0.000000e+00 0.000000e+00))
177          	((2.491859e-03 -1.325971e-03 -2.101352e-22) (3.236838e-05 4.380234e-06 9.532921e-23) (0.000000e+00 0.000000e+00 0.000000e+00)) ((-3.336085e-23 3.076130e-22 -1.178591e-03) (-2.018361e-24 2.427063e-23 -1.279147e-06) (0.000000e+00 0.000000e+00 0.000000e+00))
178          	((2.488316e-03 -1.297456e-03 -2.220070e-22) (3.226622e-05 4.365572e-06 9.514338e-23) (0.000000e+00 0.000000e+00 0.000000e+00)) ((-3.293960e-23 3.029800e-22 -1.186142e-03) (-2.014157e-24 2.422425e-23 -1.278031e-06) (0.000000e+00 0.000000e+00 0.000000e+00))
179          	((2.485864e-03 -1.270266e-03 -2.244655e-22) (3.217838e-05 4.341751e-06 9.486011e-23) (0.000000e+00 0.000000e+00 0.000000e+00)) ((-3.272687e-23 3.008226e-22 -1.193719e-03) (-2.006959e-24 2.414714e-23 -1.271104e-06) (0.000000e+00 0.000000e+00 0.000000e+00))
180          	((2.478084e-03 -1.300638e-03 -2.169299e-22) (3.213422e-05 4.329308e-06 9.502934e-23) (0.000000e+00 0.000000e+00 0.000000e+00)) ((-3.277530e-23 3.016734e-22 -1.179023e-03) (-2.010274e-24 2.417417e-23 -1.268474e-06) (0.000000e+00 0.000000e+00 0.000000e+00))
181          	((2.471135e-03 -1.335412e-03 -2.037650e-22) (3.208461e-05 4.328438e-06 9.504648e-23) (0.000000e+00 0.000000e+00 0.000000e+00)) ((-3.296809e-23 3.041923e-22 -1.163402e-03) (-2.009796e-24 2.417171e-23 -1.270838e-06) (0.000000e+00 0.000000e+00 0.000000e+00))
182          	((2.464680e-03 -1.387186e-03 -1.880289e-22) (3.206713e-05 4.309159e-06 9.555706e-23) (0.000000e+00 0.000000e+00 0.000000e+00)) ((-3.326276e-23 3.078161e-22 -1.142225e-03) (-2.020109e-24 2.431378e-23 -1.262665e-06) (0.000000e+00 0.000000e+00 0.000000e+00))
183          	((2.457772e-03 -1.444512e-03 -1.616805e-22) (3.203602e-05 4.310465e-06 9.565474e-23) (0.000000e+00 0.000000e+00 0.000000e+00)) ((-3.378960e-23 3.142032e-22 -1.119098e-03) (-2.020222e-24 2.429434e-23 -1.264327e-06) (0.000000e+00 0.000000e+00 0.000000e+00))
184          	((2.450823e-03 -1.515351e-03 -1.330338e-22) (3.202136e-05 4.319642e-06 9.608046e-23) (0.000000e+00 0.000000e+00 0.000000e+00)) ((-3.440251e-23 3.215304e-22 -1.091473e-03) (-2.028477e-24 2.439309e-23 -1.269209e-06) (0.000000e+00 0.000000e+00 0.000000e+00))
185          	((2.443941e-03 -1.594467e-03 -1.025843e-22) (3.203643e-05 4.310485e-06 9.657690e-23) (0.000000e+00 0.000000e+00 0.000000e+00)) ((-3.507828e-23 3.295504e-22 -1.060907e-03) (-2.038036e-24 2.452397e-23 -1.263589e-06) (0.000000e+00 0.000000e+00 0.000000e+00))
186          	((2.436649e-03 -1.681034e-03 -7.057088e-23) (3.203676e-05 4.317853e-06 9.705115e-23) (0.000000e+00 0.000000e+00 0.000000e+00)) ((-3.581264e-23 3.382103e-22 -1.027808e-03) (-2.047241e-24 2.462105e-23 -1.266154e-06) (0.000000e+00 0.000000e+00 0.000000e+00))
187          	((2.429495e-03 -1.770221e-03 -3.803100e-23) (3.204417e-05 4.333059e-06 9.753100e-23) (0.000000e+00 0.000000e+00 0.000000e+00)) ((-3.657873e-23 3.472003e-22 -9.939964e-04) (-2.056449e-24 2.472967e-23 -1.272251e-06) (0.000000e+00 0.000000e+00 0.000000e+00))
188          	((2.423162e-03 -1.858168e-03 -5.917700e-24) (3.206963e-05 4.330844e-06 9.809006e-23) (0.000000e+00 0.000000e+00 0.000000e+00)) ((-3.735207e-23 3.562374e-22 -9.609280e-04) (-2.067554e-24 2.488197e-23 -1.268912e-06) (0.000000e+00 0.000000e+00 0.000000e+00))
189          	((2.415546e-03 -1.962445e-03 2.596970e-23) (3.209482e-05 4.340705e-06 9.878671e-23) (0.000000e+00 0.000000e+00 0.000000e+00)) ((-3.815238e-23 3.655204e-22 -9.217339e-04) (-2.081656e-24 2.503371e-23 -1.271524e-06) (0.000000e+00 0.000000e+00 0.000000e+00))
190          	((2.411852e-03 -2.021747e-03 5.330363e-23) (3.208913e-05 4.360134e-06 9.860067e-23) (0.000000e+00 0.000000e+00 0.000000e+00)) ((-3.882256e-23 3.733266e-22 -9.000096e-04) (-2.077414e-24 2.498265e-23 -1.279109e-06) (0.000000e+00 0.000000e+00 0.000000e+00))
191          	((2.408901e-03 -2.081858e-03 7.891728e-23) (3.210540e-05 4.358350e-06 9.936488e-23) (0.000000e+00 0.000000e+00 0.000000e+00)) ((-3.947712e-23 3.808949e-22 -8.782676e-04) (-2.092879e-24 2.518701e-23 -1.276048e-06) (0.000000e+00 0.000000e+00 0.000000e+00))
192          	((2.406284e-03 -2.136027e-03 1.010901e-22) (3.210345e-05 4.369670e-06 9.979083e-23) (0.000000e+00 0.000000e+00 0.000000e+00)) ((-4.006292e-23 3.876295e-22 -8.588543e-04) (-2.101653e-24 2.527628e-23 -1.280005e-06) (0.000000e+00 0.000000e+00 0.000000e+00))
193          	((2.403929e-03 -2.183581e-03 1.194397e-22) (3.209755e-05 4.386496e-06 1.001695e-22) (0.000000e+00 0.000000e+00 0.000000e+00)) ((-4.056624e-23 3.933798e-22 -8.418645e-04) (-2.109400e-24 2.536686e-23 -1.286986e-06) (0.000000e+00 0.000000e+00 0.000000e+00))
194          	((2.402615e-03 -2.219862e-03 1.333016e-22) (3.210215e-05 4.383629e-06 1.005600e-22) (0.000000e+00 0.000000e+00 0.000000e+00)) ((-4.096787e-23 3.979280e-22 -8.290732e-04) (-2.117631e-24 2.548286e-23 -1.283999e-06) (0.000000e+00 0.000000e+00 0.000000e+00))
195          	((2.401810e-03 -2.244061e-03 1.425957e-22) (3.208494e-05 4.392317e-06 1.007028e-22) (0.000000e+00 0.000000e+00 0.000000e+00)) ((-4.126164e-23 4.012113e-22 -8.207181e-04) (-2.120786e-24 2.550439e-23 -1.287497e-06) (0.000000e+00 0.000000e+00 0.000000e+00))
196          	((2.401119e-03 -2.259563e-03 1.467573e-22) (3.206322e-05 4.405882e-06 1.009067e-22) (0.000000e+00 0.000000e+00 0.000000e+00)) ((-4.143832e-23 4.031123e-22 -8.154565e-04) (-2.125360e-24 2.555627e-23 -1.293920e-06) (0.000000e+00 0.000000e+00 0.000000e+00))
197          	((2.402335e-03 -2.257037e-03 1.462341e-22) (3.204614e-05 4.398982e-06 1.010338e-22) (0.000000e+00 0.000000e+00 0.000000e+00)) ((-4.149901e-23 4.036646e-22 -8.171045e-04) (-2.128392e-24 2.560962e-23 -1.290262e-06) (0.000000e+00 0.000000e+00 0.000000e+00))
198          	((2.403787e-03 -2.235830e-03 1.401837e-22) (3.200352e-05 4.402149e-06 1.009982e-22) (0.000000e+00 0.000000e+00 0.000000e+00)) ((-4.141974e-23 4.025961e-22 -8.253873e-04) (-2.127835e-24 2.558796e-23 -1.292450e-06) (0.000000e+00 0.000000e+00 0.000000e+00))
199          	((2.406399e-03 -2.207401e-03 1.327212e-22) (3.195587e-05 4.413054e-06 1.007676e-22) (0.000000e+00 0.000000e+00 0.000000e+00)) ((-4.129782e-23 4.010476e-22 -8.366872e-04) (-2.124134e-24 2.549342e-23 -1.299288e-06) (0.000000e+00 0.000000e+00 0.000000e+00))
200          	((2.409919e-03 -2.166456e-03 1.208262e-22) (3.192541e-05 4.397285e-06 1.009139e-22) (0.000000e+00 0.000000e+00 0.000000e+00)) ((-4.106187e-23 3.981822e-22 -8.524529e-04) (-2.126874e-24 2.560357e-23 -1.292579e-06) (0.000000e+00 0.000000e+00 0.000000e+00))
201          	((2.413125e-03 -2.120897e-03 1.023016e-22) (3.186107e-05 4.396680e-06 1.008031e-22) (0.000000e+00 0.000000e+00 0.000000e+00)) ((-4.067975e-23 3.935799e-22 -8.697641e-04) (-2.126021e-24 2.555558e-23 -1.294504e-06) (0.000000e+00 0.000000e+00 0.000000e+00))
202          	((2.415819e-03 -2.071301e-03 8.270143e-23) (3.179656e-05 4.403654e-06 1.005468e-22) (0.000000e+00 0.000000e+00 0.000000e+00)) ((-4.025692e-23 3.885335e-22 -8.882529e-04) (-2.121415e-24 2.545315e-23 -1.300653e-06) (0.000000e+00 0.000000e+00 0.000000e+00))
203          	((2.418939e-03 -2.014003e-03 6.314651e-23) (3.176409e-05 4.382435e-06 1.005567e-22) (0.000000e+00 0.000000e+00 0.000000e+00)) ((-3.980997e-23 3.832592e-22 -9.092557e-04) (-2.120847e-24 2.552835e-23 -1.292205e-06) (0.000000e+00 0.000000e+00 0.000000e+00))
204          	((2.422056e-03 -1.957172e-03 3.943119e-23) (3.170002e-05 4.377879e-06 1.003319e-22) (0.000000e+00 0.000000e+00 0.000000e+00)) ((-3.927603e-23 3.769400e-22 -9.302808e-04) (-2.117758e-24 2.545173e-23 -1.293003e-06) (0.000000e+00 0.000000e+00 0.000000e+00))
205          	((2.424440e-03 -1.897576e-03 1.500194e-23) (3.163682e-05 4.381837e-06 9.989873e-23) (0.000000e+00 0.000000e+00 0.000000e+00)) ((-3.870716e-23 3.702507e-22 -9.518819e-04) (-2.109586e-24 2.530741e-23 -1.298155e-06) (0.000000e+00 0.000000e+00 0.000000e+00))
206          	((2.427485e-03 -1.834210e-03 -7.636054e-24) (3.159707e-05 4.358421e-06 9.991830e-23) (0.000000e+00 0.000000e+00 0.000000e+00)) ((-3.816037e-23 3.638645e-22 -9.748654e-04) (-2.109310e-24 2.538552e-23 -1.289235e-06) (0.000000e+00 0.000000e+00 0.000000e+00))
207          	((2.430167e-03 -1.775151e-03 -3.284158e-23) (3.153472e-05 4.350817e-06 9.959891e-23) (0.000000e+00 0.000000e+00 0.000000e+00)) ((-3.756186e-23 3.568522e-22 -9.963011e-04) (-2.104097e-24 2.528235e-23 -1.288853e-06) (0.000000e+00 0.000000e+00 0.000000e+00))
208          	((2.432021e-03 -1.718719e-03 -5.639718e-23) (3.147386e-05 4.352704e-06 9.915728e-23) (0.000000e+00 0.000000e+00 0.000000e+00)) ((-3.698809e-23 3.501611e-22 -1.016517e-03) (-2.095597e-24 2.513583e-23 -1.293174e-06) (0.000000e+00 0.000000e+00 0.000000e+00))
209          	((2.433916e-03 -1.664621e-03 -7.769054e-23) (3.143646e-05 4.329633e-06 9.914822e-23) (0.000000e+00 0.000000e+00 0.000000e+00)) ((-3.645384e-23 3.439638e-22 -1.035703e-03) (-2.094790e-24 2.520565e-23 -1.284534e-06) (0.000000e+00 0.000000e+00 0.000000e+00))
210          	((2.435183e-03 -1.619014e-03 -9.763140e-23) (3.137287e-05 4.321278e-06 9.881078e-23) (0.000000e+00 0.000000e+00 0.000000e+00)) ((-3.595470e-23 3.381715e-22 -1.051813e-03) (-2.088675e-24 2.509586e-23 -1.283751e-06) (0.000000e+00 0.000000e+00 0.000000e+00))
211          	((2.435624e-03 -1.577839e-03 -1.152212e-22) (3.131532e-05 4.323113e-06 9.831920e-23) (0.000000e+00 0.000000e+00 0.000000e+00)) ((-3.549966e-23 3.329213e-22 -1.066039e-03) (-2.079104e-24 2.493424e-23 -1.287891e-06) (0.000000e+00 0.000000e+00 0.000000e+00))
212          	((2.436694e-03 -1.539262e-03 -1.298065e-22) (3.128254e-05 4.301186e-06 9.838762e-23) (0.000000e+00 0.000000e+00 0.000000e+00)) ((-3.511119e-23 3.284613e-22 -1.079536e-03) (-2.079757e-24 2.502113e-23 -1.279449e-06) (0.000000e+00 0.000000e+00 0.000000e+00))
213          	((2.436403e-03 -1.509724e-03 -1.410061e-22) (3.123297e-05 4.295455e-06 9.792536e-23) (0.000000e+00 0.000000e+00 0.000000e+00)) ((-3.479312e-23 3.248479e-22 -1.089327e-03) (-2.070583e-24 2.487479e-23 -1.279230e-06) (0.000000e+00 0.000000e+00 0.000000e+00))
214          	((2.435418e-03 -1.492131e-03 -1.487848e-22) (3.118786e-05 4.299432e-06 9.779598e-23) (0.000000e+00 0.000000e+00 0.000000e+00)) ((-3.456305e-23 3.222508e-22 -1.094789e-03) (-2.068104e-24 2.480049e-23 -1.283731e-06) (0.000000e+00 0.000000e+00 0.000000e+00))
215          	((2.434321e-03 -1.480298e-03 -1.533758e-22) (3.117712e-05 4.277953e-06 9.776099e-23) (0.000000e+00 0.000000e+00 0.000000e+00)) ((-3.440230e-23 3.204797e-22 -1.098015e-03) (-2.066741e-24 2.486310e-23 -1.274410e-06) (0.000000e+00 0.000000e+00 0.000000e+00))
216          	((2.432658e-03 -1.474949e-03 -1.546445e-22) (3.113790e-05 4.276655e-06 9.760296e-23) (0.000000e+00 0.000000e+00 0.000000e+00)) ((-3.432156e-23 3.196437e-22 -1.098948e-03) (-2.063392e-24 2.478836e-23 -1.275536e-06) (0.000000e+00 0.000000e+00 0.000000e+00))
217          	((2.431083e-03 -1.475161e-03 -1.538818e-22) (3.110482e-05 4.283797e-06 9.749691e-23) (0.000000e+00 0.000000e+00 0.000000e+00)) ((-3.429801e-23 3.194582e-22 -1.098082e-03) (-2.061498e-24 2.472028e-23 -1.280673e-06) (0.000000e+00 0.000000e+00 0.000000e+00))
218          	((2.429876e-03 -1.476740e-03 -1.494414e-22) (3.109812e-05 4.266212e-06 9.773110e-23) (0.000000e+00 0.000000e+00 0.000000e+00)) ((-3.435498e-23 3.202309e-22 -1.096772e-03) (-2.064986e-24 2.484324e-23 -1.272556e-06) (0.000000e+00 0.000000e+00 0.000000e+00))
219          	((2.427177e-03 -1.499401e-03 -1.419365e-22) (3.107704e-05 4.266853e-06 9.777686e-23) (0.000000e+00 0.000000e+00 0.000000e+00)) ((-3.450348e-23 3.220353e-22 -1.087646e-03) (-2.066261e-24 2.482328e-23 -1.273820e-06) (0.000000e+00 0.000000e+00 0.000000e+00))
220          	((2.424097e-03 -1.523542e-03 -1.331838e-22) (3.106033e-05 4.277505e-06 9.767825e-23) (0.000000e+00 0.000000e+00 0.000000e+00)) ((-3.468256e-23 3.241958e-22 -1.077901e-03) (-2.064289e-24 2.475449e-23 -1.279612e-06) (0.000000e+00 0.000000e+00 0.000000e+00))
221          	((2.422490e-03 -1.536227e-03 -1.233466e-22) (3.105940e-05 4.264197e-06 9.788486e-23) (0.000000e+00 0.000000e+00 0.000000e+00)) ((-3.487797e-23 3.265681e-22 -1.072625e-03) (-2.067209e-24 2.486974e-23 -1.272774e-06) (0.000000e+00 0.000000e+00 0.000000e+00))
222          	((2.418848e-03 -1.575432e-03 -1.091380e-22) (3.105176e-05 4.266718e-06 9.818255e-23) (0.000000e+00 0.000000e+00 0.000000e+00)) ((-3.519897e-23 3.303646e-22 -1.057429e-03) (-2.073270e-24 2.491011e-23 -1.274189e-06) (0.000000e+00 0.000000e+00 0.000000e+00))
223          	((2.415883e-03 -1.605884e-03 -9.709821e-23) (3.104344e-05 4.279153e-06 9.804654e-23) (0.000000e+00 0.000000e+00 0.000000e+00)) ((-3.547130e-23 3.335847e-22 -1.045629e-03) (-2.070970e-24 2.483626e-23 -1.280200e-06) (0.000000e+00 0.000000e+00 0.000000e+00))
224          	((2.414597e-03 -1.624266e-03 -8.649361e-23) (3.104891e-05 4.268282e-06 9.835792e-23) (0.000000e+00 0.000000e+00 0.000000e+00)) ((-3.571045e-23 3.364142e-22 -1.038668e-03) (-2.076484e-24 2.497944e-23 -1.274082e-06) (0.000000e+00 0.000000e+00 0.000000e+00))
225          	((2.411831e-03 -1.661518e-03 -7.309646e-23) (3.103984e-05 4.272834e-06 9.877835e-23) (0.000000e+00 0.000000e+00 0.000000e+00)) ((-3.603607e-23 3.402129e-22 -1.024653e-03) (-2.084856e-24 2.505176e-23 -1.276264e-06) (0.000000e+00 0.000000e+00 0.000000e+00))
226          	((2.409390e-03 -1.692333e-03 -6.171063e-23) (3.103133e-05 4.286224e-06 9.867640e-23) (0.000000e+00 0.000000e+00 0.000000e+00)) ((-3.631490e-23 3.434613e-22 -1.013074e-03) (-2.083376e-24 2.498561e-23 -1.282644e-06) (0.000000e+00 0.000000e+00 0.000000e+00))
227          	((2.408683e-03 -1.709536e-03 -5.258278e-23) (3.104034e-05 4.274204e-06 9.891621e-23) (0.000000e+00 0.000000e+00 0.000000e+00)) ((-3.653690e-23 3.460509e-22 -1.006799e-03) (-2.087647e-24 2.511352e-23 -1.275790e-06) (0.000000e+00 0.000000e+00 0.000000e+00))
228          	((2.405796e-03 -1.746411e-03 -4.260395e-23) (3.103336e-05 4.280362e-06 9.945309e-23) (0.000000e+00 0.000000e+00 0.000000e+00)) ((-3.680351e-23 3.491102e-22 -9.929047e-04) (-2.098515e-24 2.521928e-23 -1.278662e-06) (0.000000e+00 0.000000e+00 0.000000e+00))
229          	((2.404987e-03 -1.762928e-03 -3.548018e-23) (3.101509e-05 4.294716e-06 9.907211e-23) (0.000000e+00 0.000000e+00 0.000000e+00)) ((-3.699193e-23 3.512759e-22 -9.870547e-04) (-2.091406e-24 2.507674e-23 -1.285755e-06) (0.000000e+00 0.000000e+00 0.000000e+00))
230          	((2.404985e-03 -1.772576e-03 -2.953896e-23) (3.101934e-05 4.281576e-06 9.945307e-23) (0.000000e+00 0.000000e+00 0.000000e+00)) ((-3.714880e-23 3.530796e-22 -9.837488e-04) (-2.098544e-24 2.524634e-23 -1.278635e-06) (0.000000e+00 0.000000e+00 0.000000e+00))
231          	((2.403927e-03 -1.788321e-03 -2.571804e-23) (3.100280e-05 4.286430e-06 9.972264e-23) (0.000000e+00 0.000000e+00 0.000000e+00)) ((-3.727141e-23 3.544469e-22 -9.779493e-04) (-2.104250e-24 2.529011e-23 -1.281147e-06) (0.000000e+00 0.000000e+00 0.000000e+00))
