/*--------------------------------*- C++ -*----------------------------------*\
| =========                 |                                                 |
| \\      /  F ield         | OpenFOAM: The Open Source CFD Toolbox           |
|  \\    /   O peration     | Version:  5.x                                   |
|   \\  /    A nd           | Web:      www.OpenFOAM.org                      |
|    \\/     M anipulation  |                                                 |
\*---------------------------------------------------------------------------*/
FoamFile
{
    version     2.0;
    format      ascii;
    class       volScalarField;
    location    "284";
    object      nut;
}
// * * * * * * * * * * * * * * * * * * * * * * * * * * * * * * * * * * * * * //

dimensions      [0 2 -1 0 0 0 0];

internalField   nonuniform List<scalar> 
5760
(
7.95957e-05
7.84188e-05
7.74463e-05
7.6222e-05
7.53087e-05
7.4142e-05
7.34148e-05
7.24675e-05
7.20122e-05
7.14171e-05
7.12303e-05
7.10217e-05
7.1124e-05
7.11014e-05
7.16183e-05
7.16287e-05
7.30824e-05
7.09561e-05
0.000603711
0.000459049
0.000385851
0.000347115
0.000319183
0.000301095
0.00028613
0.000276225
0.000271277
0.000263731
0.00026473
0.000257091
0.000262357
0.000254172
0.00026113
0.000252024
0.00026394
0.00024273
0.000806185
0.000781875
0.000711104
0.000654938
0.000608242
0.000571615
0.000541041
0.000514572
0.000493418
0.000472309
0.000458857
0.000439204
0.00043165
0.000413532
0.000408372
0.000393883
0.000387247
0.000372452
0.00084735
0.000845907
0.000832801
0.000812777
0.000791537
0.000766809
0.000746057
0.000723146
0.000705509
0.000684706
0.000670992
0.000651783
0.000640868
0.000623517
0.000614174
0.000599046
0.000590142
0.000576248
0.000851218
0.000851813
0.000850087
0.000847728
0.000843766
0.000837666
0.000831671
0.000822446
0.000815273
0.000804971
0.00079772
0.000787174
0.000780178
0.000770005
0.000763313
0.000753701
0.000747131
0.000737491
0.000851849
0.000851603
0.000851642
0.000851079
0.000850919
0.000849876
0.000849011
0.000847306
0.000845525
0.000843247
0.000840507
0.0008379
0.000834946
0.000831855
0.000828697
0.000825479
0.000821886
0.000818325
0.000851923
0.000851614
0.000851546
0.000851254
0.000851184
0.000850908
0.000850784
0.000850444
0.000850212
0.000849725
0.000849356
0.000848664
0.000848184
0.000847294
0.000846723
0.000845643
0.000845033
0.000843752
0.000851903
0.000851652
0.000851499
0.000851271
0.000851134
0.000850927
0.000850807
0.000850612
0.000850505
0.000850307
0.000850201
0.000849989
0.000849873
0.000849639
0.000849504
0.000849248
0.000849087
0.000848812
0.000851889
0.000851667
0.000851483
0.000851281
0.000851114
0.00085093
0.000850778
0.000850611
0.000850473
0.000850321
0.000850195
0.000850055
0.000849939
0.00084981
0.000849699
0.000849578
0.00084947
0.000849357
0.000851882
0.000851672
0.000851476
0.000851284
0.000851105
0.000850931
0.000850767
0.000850609
0.000850459
0.000850314
0.000850177
0.000850045
0.000849919
0.000849798
0.000849683
0.000849572
0.000849466
0.000849365
0.000851881
0.000851672
0.000851474
0.000851283
0.000851102
0.000850928
0.000850763
0.000850604
0.000850453
0.000850308
0.000850169
0.000850036
0.00084991
0.000849787
0.000849671
0.000849559
0.000849452
0.000849349
0.000851881
0.000851672
0.000851473
0.000851282
0.0008511
0.000850926
0.00085076
0.000850601
0.000850449
0.000850303
0.000850164
0.000850031
0.000849904
0.000849781
0.000849665
0.000849552
0.000849446
0.000849342
0.000851881
0.000851672
0.000851472
0.000851281
0.000851099
0.000850925
0.000850759
0.000850599
0.000850448
0.000850302
0.000850162
0.000850029
0.000849901
0.000849778
0.000849661
0.000849547
0.00084944
0.000849336
0.000851881
0.000851672
0.000851472
0.000851281
0.000851099
0.000850924
0.000850758
0.000850599
0.000850448
0.000850303
0.000850166
0.000850034
0.000849909
0.000849787
0.000849673
0.000849562
0.000849457
0.000849354
0.00085188
0.000851673
0.000851472
0.000851284
0.000851101
0.00085093
0.000850765
0.000850611
0.00085046
0.000850318
0.000850179
0.000850049
0.00084992
0.000849798
0.000849678
0.000849564
0.000849452
0.000849344
0.000851873
0.00085168
0.00085147
0.000851298
0.000851132
0.000850994
0.000850837
0.000850686
0.000850498
0.000850311
0.000850079
0.000849853
0.000849578
0.00084932
0.000849007
0.000848727
0.000848383
0.000848089
0.000851792
0.000851617
0.000851294
0.000851046
0.000850358
0.000849384
0.000848061
0.000846474
0.000844659
0.00084265
0.000840545
0.000838288
0.000836049
0.000833664
0.000831406
0.000828967
0.000826715
0.0008245
0.00084926
0.000846874
0.000839166
0.0008302
0.000817266
0.000805535
0.000792862
0.000780858
0.000768932
0.000758074
0.000747462
0.000737871
0.000728529
0.000720177
0.000711962
0.000704709
0.000697455
0.000691163
0.000787529
0.000710411
0.000647457
0.00060462
0.000570327
0.000542857
0.000520682
0.000503111
0.000488648
0.000477471
0.000467223
0.000459079
0.000452428
0.000446542
0.000441917
0.000437509
0.000434273
0.000430831
0.000178968
0.000176892
0.000175169
0.000173465
0.000171988
0.000170437
0.000169102
0.000167699
0.000166531
0.000165302
0.000164323
0.000163264
0.000162462
0.000161576
0.000160935
0.000160205
0.000159707
0.000159117
2.62562e-05
6.40997e-05
8.57179e-05
0.000105497
0.000124938
0.000145217
0.000164916
0.000183796
0.000215088
0.000233278
3.62248e-05
0.000234637
2.16225e-05
2.77184e-05
4.80229e-05
5.42603e-05
5.87299e-05
6.34944e-05
6.83199e-05
7.31783e-05
7.79894e-05
8.27374e-05
8.73976e-05
9.1967e-05
9.64465e-05
0.000100844
0.000105167
0.000109427
0.000113632
0.000117792
0.000121913
0.000126002
0.000130062
0.000134096
0.000138105
0.000142089
0.000146047
0.000149976
0.000153873
0.000157733
0.000161551
0.000165323
0.000169041
0.000172701
0.000176295
0.000179817
0.00018326
0.000186618
0.000189882
0.000193045
0.000196099
0.000199036
0.000201844
0.000204511
0.000207027
0.000209385
0.000211617
0.000213709
0.000215654
0.000217453
0.000219101
0.000220593
0.000221926
0.000223097
0.000224102
0.00022494
0.000225609
0.000226106
0.000226431
0.000226586
0.000226569
0.000226386
0.000226036
0.000225504
0.00022477
0.000223914
0.000222956
0.000221799
0.000220499
0.000219057
0.000217481
0.000215778
0.000213957
0.000212025
0.00020999
0.000207862
0.000205645
0.000203356
0.000200994
0.000198581
0.000196112
0.000193613
0.000191082
0.000188617
0.000186909
0.000185421
0.000183981
0.000182392
0.000180959
0.000176544
5.25772e-05
0.000129563
0.000200384
0.000249244
0.000276928
0.00029368
0.000305759
0.000312243
0.000310504
0.000283852
0.000215591
0.000271004
0.000220131
0.000246424
0.00027576
0.000289685
0.000305296
0.000324377
0.00034636
0.000371965
0.000399082
0.000427858
0.000457844
0.000488707
0.000520172
0.000552044
0.000584194
0.000616548
0.000649083
0.000681816
0.000714788
0.000748047
0.000781649
0.000815646
0.000850087
0.000885009
0.000920439
0.000956393
0.000992871
0.00102986
0.00106735
0.00110528
0.00114363
0.00118234
0.00122134
0.00126056
0.00129994
0.0013394
0.00137886
0.00141824
0.00145747
0.00149648
0.00153516
0.00157335
0.00161067
0.00164621
0.00167803
0.00170872
0.00173852
0.00176731
0.00179505
0.00182165
0.00184706
0.00187121
0.00189403
0.00191546
0.00193545
0.00195395
0.00197089
0.00198626
0.00200003
0.00201224
0.00202308
0.00203241
0.00203889
0.00204371
0.00204844
0.0020511
0.00205199
0.00205135
0.00204922
0.00204567
0.00204077
0.00203459
0.0020272
0.00201868
0.0020091
0.00199858
0.00198717
0.00197502
0.00196215
0.00194875
0.0019347
0.00191935
0.00189609
0.00186982
0.0018429
0.00181527
0.00178636
0.0017269
8.10177e-05
0.000190826
0.000286342
0.000349815
0.000386368
0.000406155
0.000416122
0.000422062
0.000426422
0.000425387
0.00042561
0.000447312
0.000458817
0.000488005
0.000514852
0.000549567
0.000589336
0.000634464
0.000684289
0.000736198
0.000792965
0.000852237
0.000912962
0.000974695
0.00103708
0.00109992
0.00116312
0.00122664
0.00129049
0.00135471
0.00141942
0.00148472
0.00155068
0.0016174
0.00168492
0.0017533
0.00182257
0.00189271
0.00196372
0.00203555
0.00210814
0.00218141
0.00225528
0.00232963
0.00240434
0.00247928
0.00255431
0.00262928
0.00270404
0.00277844
0.00285229
0.00292541
0.00299755
0.00306837
0.00313733
0.00320366
0.00326685
0.00332836
0.00338802
0.00344567
0.00350118
0.0035544
0.0036052
0.00365346
0.00369904
0.00374183
0.00378171
0.00381857
0.00385231
0.00388287
0.00391019
0.00393437
0.00395557
0.00397456
0.00398749
0.00399686
0.00400585
0.00401072
0.00401219
0.00401052
0.00400585
0.0039983
0.00398799
0.00397507
0.00395968
0.00394198
0.00392213
0.00390032
0.0038767
0.0038515
0.00382484
0.00379698
0.00376789
0.00373683
0.00369799
0.00365514
0.00361097
0.00356496
0.00351503
0.00341653
0.000108922
0.000249302
0.000361311
0.000433323
0.000474798
0.000497953
0.00051273
0.00052614
0.000540961
0.000556386
0.000577216
0.000607149
0.000641147
0.000683448
0.000730644
0.000785829
0.000847658
0.000915589
0.000988704
0.00106611
0.00114588
0.00122753
0.00131079
0.00139515
0.00148021
0.00156591
0.00165223
0.00173923
0.0018271
0.00191579
0.00200524
0.00209555
0.00218681
0.00227912
0.00237251
0.00246703
0.00256268
0.00265945
0.00275729
0.00285613
0.00295588
0.00305642
0.00315763
0.00325933
0.00336138
0.00346359
0.00356576
0.00366769
0.00376917
0.00386998
0.00396987
0.00406858
0.0041658
0.00426115
0.00435417
0.00444431
0.00453158
0.00461655
0.004699
0.00477872
0.00485552
0.0049292
0.00499961
0.00506655
0.00512987
0.00518941
0.00524499
0.00529648
0.00534374
0.00538667
0.00542518
0.00545932
0.00548967
0.0055171
0.00553562
0.00555049
0.00556377
0.00557168
0.00557498
0.00557396
0.0055688
0.00555966
0.00554671
0.00553014
0.00551013
0.0054869
0.00546066
0.00543166
0.0054001
0.00536628
0.0053304
0.00529275
0.00525339
0.00521179
0.00516409
0.00511244
0.0050591
0.00500345
0.00494234
0.00483115
0.000135927
0.000300271
0.000428535
0.000509747
0.000557478
0.000586313
0.00060759
0.000628668
0.000652757
0.000680897
0.000715473
0.000757866
0.000807541
0.000864775
0.000929319
0.00100175
0.00108113
0.0011665
0.00125678
0.0013509
0.0014477
0.00154665
0.00164734
0.0017494
0.00185267
0.00195689
0.0020619
0.00216767
0.00227412
0.00238135
0.00248957
0.00259885
0.00270929
0.00282092
0.00293379
0.00304791
0.00316326
0.00327979
0.00339744
0.00351611
0.00363567
0.00375598
0.00387687
0.00399816
0.00411964
0.00424112
0.00436236
0.00448312
0.00460317
0.00472225
0.00484009
0.0049564
0.00507088
0.00518319
0.00529303
0.00540026
0.00550469
0.00560638
0.00570511
0.00580066
0.00589281
0.00598135
0.00606608
0.00614679
0.0062233
0.00629541
0.00636295
0.00642573
0.00648361
0.00653642
0.00658407
0.00662649
0.00666506
0.00669964
0.00672366
0.00674457
0.00676249
0.00677437
0.00678082
0.00678217
0.00677859
0.00677028
0.00675743
0.00674024
0.00671893
0.00669373
0.00666489
0.00663268
0.00659736
0.00655923
0.00651855
0.00647564
0.00643065
0.0063833
0.00633135
0.00627588
0.0062186
0.006159
0.00609333
0.00598398
0.000160027
0.000345381
0.000488891
0.000580132
0.000635846
0.000671797
0.000700166
0.000728785
0.00076148
0.000799953
0.000845753
0.000899761
0.000962099
0.00103245
0.00111074
0.00119667
0.00128934
0.00138769
0.00149069
0.00159735
0.00170685
0.00181863
0.00193226
0.00204742
0.00216386
0.00228138
0.00239985
0.00251922
0.00263947
0.00276067
0.00288293
0.0030063
0.00313085
0.00325661
0.00338359
0.00351178
0.00364116
0.00377168
0.00390324
0.00403575
0.00416907
0.00430305
0.00443752
0.00457228
0.00470714
0.00484188
0.00497627
0.00511006
0.005243
0.00537484
0.0055053
0.00563411
0.00576096
0.00588559
0.00600772
0.00612718
0.00624378
0.00635741
0.00646785
0.00657487
0.00667823
0.0067777
0.00687308
0.00696414
0.00705068
0.00713249
0.00720936
0.00728111
0.00734756
0.00740852
0.00746386
0.00751346
0.00755932
0.00759963
0.00762959
0.00765653
0.00767931
0.00769563
0.00770602
0.00771076
0.00771005
0.0077041
0.00769309
0.00767724
0.00765678
0.00763196
0.00760303
0.00757028
0.007534
0.00749448
0.00745204
0.00740698
0.00735954
0.00730966
0.00725616
0.00719961
0.00714131
0.00708103
0.00701488
0.00691377
0.00017829
0.000383264
0.000541162
0.000643234
0.000708512
0.000752743
0.000788592
0.000824556
0.000865138
0.000912453
0.000967761
0.00103169
0.00110431
0.00118521
0.00127401
0.0013701
0.00147257
0.0015804
0.00169266
0.00180852
0.00192725
0.00204832
0.00217132
0.00229594
0.00242192
0.00254909
0.00267736
0.00280663
0.00293684
0.00306802
0.00320021
0.00333346
0.00346781
0.00360327
0.00373984
0.00387752
0.00401627
0.00415604
0.00429675
0.0044383
0.00458058
0.00472344
0.00486672
0.00501024
0.00515382
0.00529724
0.00544029
0.00558273
0.00572432
0.00586481
0.00600393
0.00614142
0.006277
0.0064104
0.00654138
0.00666972
0.00679522
0.00691768
0.00703686
0.00715254
0.00726446
0.00737238
0.00747609
0.00757534
0.00766992
0.00775961
0.0078442
0.00792347
0.00799722
0.00806525
0.00812738
0.00818351
0.00823584
0.00828124
0.00831736
0.00835025
0.00837807
0.00839916
0.00841395
0.00842273
0.00842572
0.00842308
0.00841503
0.00840178
0.00838355
0.00836061
0.00833322
0.00830167
0.00826625
0.00822728
0.00818506
0.00813992
0.00809214
0.00804183
0.00798846
0.00793245
0.00787483
0.00781573
0.00775137
0.00766093
0.000188514
0.000419227
0.00058683
0.000699159
0.000774407
0.000827636
0.000871277
0.000914405
0.000962184
0.00101711
0.00108037
0.00115239
0.00123311
0.00132213
0.0014188
0.0015223
0.00163175
0.00174622
0.00186484
0.0019868
0.00211177
0.00223924
0.00236874
0.00249967
0.00263197
0.00276548
0.00290024
0.00303608
0.0031728
0.00331038
0.00344883
0.00358821
0.00372851
0.00386977
0.00401199
0.00415518
0.0042993
0.00444434
0.00459024
0.00473693
0.00488431
0.00503227
0.00518068
0.00532938
0.00547821
0.00562698
0.00577549
0.00592352
0.00607083
0.00621718
0.00636232
0.00650598
0.0066479
0.00678781
0.00692545
0.00706057
0.00719294
0.00732232
0.00744846
0.00757111
0.00769001
0.00780491
0.00791558
0.00802176
0.00812323
0.00821975
0.00831111
0.00839706
0.0084774
0.0085519
0.00862033
0.0086827
0.00874083
0.00879122
0.00883362
0.00887236
0.00890548
0.00893154
0.00895107
0.00896435
0.00897157
0.00897291
0.00896855
0.00895872
0.00894364
0.00892357
0.00889879
0.00886958
0.00883623
0.00879906
0.00875838
0.00871452
0.0086678
0.00861844
0.00856631
0.00851181
0.00845588
0.00839895
0.00833755
0.00825783
0.000193035
0.000471941
0.00062763
0.000749627
0.000833194
0.000895466
0.000947019
0.000997083
0.00105139
0.00111279
0.00118262
0.00126108
0.00134768
0.00144158
0.00154261
0.00165019
0.0017635
0.00188172
0.00200413
0.00213011
0.00225904
0.00239042
0.00252384
0.00265902
0.00279563
0.00293335
0.00307163
0.00321095
0.00335093
0.00349152
0.00363278
0.00377474
0.00391745
0.00406093
0.00420523
0.00435038
0.0044964
0.00464331
0.00479108
0.0049397
0.00508911
0.00523924
0.00538998
0.00554123
0.00569283
0.00584462
0.0059964
0.00614798
0.00629912
0.00644959
0.00659911
0.00674743
0.00689427
0.00703934
0.00718236
0.00732306
0.00746117
0.00759641
0.00772853
0.00785723
0.00798225
0.00810334
0.00822024
0.00833268
0.00844044
0.00854325
0.00864089
0.00873312
0.0088197
0.0089004
0.00897492
0.00904349
0.00910683
0.00916251
0.00921126
0.00925579
0.00929456
0.00932579
0.00935035
0.00936849
0.00938037
0.00938616
0.00938605
0.00938024
0.00936896
0.00935248
0.00933106
0.00930498
0.00927455
0.00924006
0.00920185
0.00916022
0.00911553
0.00906805
0.00901793
0.00896558
0.00891195
0.00885772
0.00879978
0.00872999
0.000201747
0.000483048
0.000652187
0.000788504
0.000883665
0.000955406
0.00101485
0.00107153
0.00113174
0.00119839
0.00127211
0.00135362
0.00144321
0.00154054
0.00164505
0.00175579
0.00187188
0.00199253
0.00211707
0.00224487
0.0023753
0.00250788
0.00264223
0.00277806
0.00291504
0.00305296
0.00319197
0.00333183
0.00347186
0.00361211
0.00375274
0.00389385
0.00403553
0.00417787
0.00432096
0.0044649
0.00460978
0.00475566
0.0049026
0.00505062
0.00519972
0.00534986
0.00550097
0.00565297
0.00580573
0.00595908
0.00611284
0.0062668
0.00642072
0.00657436
0.00672742
0.00687963
0.00703068
0.00718026
0.00732806
0.00747377
0.00761709
0.00775771
0.00789535
0.00802969
0.00816046
0.00828738
0.00841019
0.0085286
0.00864238
0.00875126
0.00885499
0.00895334
0.00904605
0.00913287
0.00921353
0.00928818
0.00935666
0.00941788
0.009473
0.00952344
0.0095683
0.00960488
0.00963475
0.0096581
0.00967504
0.00968572
0.00969032
0.00968904
0.00968211
0.00966978
0.00965232
0.00963001
0.00960315
0.00957204
0.009537
0.00949834
0.0094564
0.00941152
0.009364
0.00931428
0.00926337
0.00921213
0.00915779
0.00909692
0.000238935
0.000498388
0.000681734
0.000823313
0.000927021
0.00100717
0.00107404
0.00113667
0.00120054
0.00126965
0.00134634
0.00143143
0.00152412
0.00162392
0.00172986
0.00184127
0.00195751
0.00207786
0.00220168
0.00232835
0.00245729
0.0025881
0.00272039
0.00285382
0.00298816
0.00312299
0.00325914
0.00339592
0.00353276
0.00366918
0.00380568
0.00394253
0.0040799
0.00421795
0.00435687
0.00449685
0.00463808
0.00478068
0.00492477
0.00507043
0.00521768
0.00536653
0.00551691
0.00566874
0.00582188
0.00597617
0.0061314
0.00628734
0.00644371
0.00660024
0.00675663
0.00691253
0.00706763
0.00722156
0.007374
0.00752459
0.007673
0.00781888
0.00796193
0.00810181
0.00823823
0.00837088
0.00849951
0.00862382
0.00874355
0.00885844
0.00896824
0.00907269
0.00917154
0.00926455
0.00935144
0.0094321
0.00950614
0.00957297
0.00963436
0.00969117
0.00974243
0.00978461
0.00982012
0.00984904
0.00987144
0.00988745
0.00989723
0.00990097
0.00989889
0.00989124
0.0098783
0.00986034
0.00983764
0.00981051
0.00977926
0.00974419
0.00970564
0.00966397
0.00961957
0.00957292
0.00952507
0.00947704
0.0094263
0.00937337
0.000287488
0.000535784
0.000713291
0.000853754
0.000963665
0.00105025
0.00112218
0.00118842
0.00125618
0.0013294
0.0014093
0.00149588
0.00158913
0.00168847
0.0017933
0.00190295
0.00201676
0.00213406
0.00225421
0.00237662
0.00250076
0.00262627
0.00275288
0.0028801
0.00300819
0.00313786
0.00326769
0.003397
0.00352625
0.00365518
0.0037841
0.00391348
0.00404359
0.00417469
0.00430709
0.00444111
0.004577
0.00471498
0.00485519
0.00499773
0.00514263
0.00528987
0.00543939
0.00559105
0.00574469
0.0059001
0.00605703
0.0062152
0.0063743
0.006534
0.00669395
0.00685378
0.00701312
0.00717159
0.00732881
0.0074844
0.00763798
0.0077892
0.00793772
0.00808319
0.00822528
0.0083637
0.00849817
0.00862839
0.0087541
0.00887503
0.00899093
0.00910153
0.00920659
0.00930586
0.00939905
0.00948592
0.00956561
0.00963849
0.00970616
0.00976983
0.00982757
0.00987572
0.00991725
0.00995214
0.00998045
0.0100022
0.0100177
0.010027
0.0100303
0.0100278
0.01002
0.0100069
0.00998898
0.00996643
0.00993957
0.0099087
0.00987415
0.00983628
0.00979553
0.00975239
0.00970796
0.00966334
0.00961621
0.00957044
0.00031452
0.00056029
0.000736146
0.000876866
0.000988701
0.00107995
0.0011575
0.00122946
0.00130133
0.0013764
0.00145673
0.00154292
0.0016352
0.00173315
0.00183555
0.00194155
0.00205039
0.00216148
0.0022742
0.00238773
0.00250174
0.00261655
0.00273263
0.00285098
0.00296966
0.0030875
0.0032049
0.003322
0.00343931
0.00355713
0.00367552
0.00379502
0.00391592
0.00403851
0.00416328
0.00429065
0.00442093
0.00455435
0.00469102
0.00483101
0.00497429
0.00512078
0.00527034
0.00542278
0.00557785
0.00573528
0.00589474
0.0060559
0.00621841
0.00638187
0.00654591
0.00671011
0.00687406
0.00703736
0.00719959
0.00736036
0.00751926
0.00767592
0.00782999
0.00798109
0.0081289
0.00827309
0.00841341
0.00854955
0.00868125
0.00880822
0.00893026
0.00904705
0.00915837
0.00926399
0.00936359
0.00945674
0.00954208
0.00962188
0.00969565
0.0097667
0.00983094
0.00988546
0.00993343
0.00997475
0.0100094
0.0100375
0.0100591
0.0100745
0.0100837
0.0100871
0.0100849
0.0100774
0.0100648
0.0100475
0.0100257
0.00999963
0.00996971
0.00993624
0.0098997
0.00986057
0.00981996
0.00977903
0.00973558
0.00969639
0.00031016
0.000569665
0.000749009
0.000891179
0.0010067
0.00110194
0.00118448
0.00126018
0.00133444
0.00141059
0.00149047
0.00157456
0.00166259
0.00175373
0.00184744
0.001943
0.00203948
0.00213699
0.0022355
0.002336
0.00243869
0.0025418
0.00264491
0.00274756
0.00284936
0.00294964
0.00304976
0.00315049
0.00325266
0.00335736
0.0034641
0.00357345
0.00368542
0.00380014
0.00391833
0.00404049
0.0041669
0.00429767
0.00443284
0.00457232
0.004716
0.00486365
0.00501505
0.00516988
0.00532783
0.00548853
0.00565161
0.00581669
0.00598335
0.00615118
0.00631976
0.00648867
0.00665748
0.00682575
0.00699307
0.00715904
0.00732324
0.00748528
0.00764482
0.00780147
0.00795488
0.00810473
0.0082508
0.00839275
0.00853035
0.00866329
0.00879142
0.00891435
0.00903194
0.00914394
0.00925002
0.0093489
0.0094411
0.00952778
0.00960781
0.00968662
0.00975733
0.00981867
0.00987352
0.00992173
0.00996327
0.00999818
0.0100266
0.0100486
0.0100644
0.0100742
0.0100784
0.010077
0.0100705
0.010059
0.0100429
0.0100224
0.00999778
0.00996939
0.00993769
0.00990311
0.00986682
0.00982993
0.00979031
0.00975736
0.000307505
0.00057093
0.00075759
0.000901455
0.00101988
0.0011183
0.00120299
0.00127946
0.00135229
0.00142455
0.00149791
0.00157239
0.00164782
0.00172445
0.00180217
0.00188136
0.00196311
0.00204511
0.00212695
0.00220873
0.00228989
0.0023704
0.00244957
0.00252661
0.00260406
0.00268349
0.00276519
0.00284997
0.00293856
0.00303147
0.00312938
0.00323237
0.00333951
0.00345018
0.00356578
0.00368677
0.00381323
0.0039451
0.0040822
0.00422431
0.00437112
0.00452233
0.00467757
0.00483648
0.00499866
0.0051637
0.00533121
0.00550077
0.00567197
0.00584439
0.0060176
0.00619119
0.00636474
0.00653782
0.00671002
0.00688096
0.00705019
0.00721738
0.00738216
0.00754413
0.00770293
0.00785826
0.00800996
0.0081576
0.00830104
0.00843989
0.00857411
0.00870322
0.00882715
0.00894568
0.00905791
0.00916301
0.00926331
0.00935638
0.00944349
0.0095303
0.00960763
0.00967646
0.00973882
0.00979458
0.00984367
0.00988613
0.00992201
0.00995146
0.00997463
0.00999174
0.010003
0.0100087
0.010009
0.0100043
0.0099947
0.00998053
0.00996203
0.00993948
0.00991336
0.00988402
0.00985263
0.00982026
0.00978476
0.00975791
0.00028809
0.000558575
0.000748303
0.000894844
0.00101419
0.00111202
0.00119397
0.00126468
0.00132836
0.00138856
0.00144726
0.0015066
0.00156662
0.00162599
0.00168419
0.00174093
0.00179618
0.00184983
0.00190181
0.00195083
0.0019982
0.00204628
0.00209653
0.00215055
0.00220917
0.00227352
0.00234391
0.00242081
0.00250442
0.00259473
0.0026917
0.00279472
0.00290239
0.00301562
0.0031349
0.00326025
0.00339146
0.00352828
0.00367037
0.00381741
0.00396903
0.00412487
0.00428455
0.0044477
0.00461394
0.00478286
0.00495411
0.00512731
0.00530207
0.005478
0.00565471
0.00583183
0.00600896
0.00618567
0.00636164
0.00653647
0.00670971
0.00688106
0.00705019
0.00721665
0.00738008
0.00754016
0.00769689
0.00784965
0.00799846
0.00814276
0.00828277
0.00841772
0.00854776
0.0086723
0.00879008
0.00890357
0.00901037
0.00910942
0.00920455
0.00929868
0.0093828
0.00945958
0.00952994
0.00959381
0.00965111
0.00970184
0.00974604
0.00978379
0.00981525
0.00984059
0.00986002
0.00987376
0.0098819
0.00988478
0.00988266
0.00987576
0.00986429
0.00984852
0.00982886
0.00980559
0.00977988
0.0097527
0.00972184
0.00970127
0.000263307
0.000531097
0.000731737
0.000873866
0.000986316
0.00107545
0.0011463
0.00120465
0.00125539
0.0012999
0.00133997
0.00137587
0.00140764
0.00143656
0.00146207
0.00148373
0.00150027
0.00151603
0.00153329
0.00155419
0.00158015
0.00161259
0.00165265
0.00170135
0.00175892
0.00182525
0.00189972
0.00198251
0.00207288
0.00217035
0.00227395
0.00238148
0.00249402
0.00261293
0.00273768
0.00286796
0.00300347
0.00314392
0.003289
0.00343843
0.0035919
0.00374913
0.00390981
0.00407365
0.00424032
0.00440951
0.00458091
0.00475421
0.0049291
0.00510518
0.00528215
0.00545969
0.0056374
0.00581486
0.00599185
0.00616796
0.00634271
0.00651585
0.00668711
0.00685591
0.00702194
0.00718482
0.00734412
0.00749944
0.00765124
0.00779863
0.00794232
0.00808097
0.00821478
0.00834306
0.00846719
0.00858601
0.00869871
0.00880334
0.00890618
0.00900685
0.00909755
0.00918179
0.00925973
0.00933132
0.00939647
0.00945515
0.00950737
0.0095532
0.00959275
0.00962619
0.00965369
0.00967544
0.00969177
0.00970281
0.00970872
0.00970968
0.00970585
0.00969743
0.0096848
0.00966813
0.00964853
0.00962686
0.00960076
0.0095864
0.000247706
0.000509862
0.000701489
0.000831254
0.00092979
0.00100504
0.00105838
0.00109498
0.00111881
0.0011318
0.00113786
0.00113776
0.00113074
0.00111727
0.00110304
0.00109121
0.00108473
0.00108606
0.00109712
0.00111925
0.00115275
0.00119711
0.00125127
0.00131493
0.0013878
0.00146845
0.00155519
0.00164921
0.00174859
0.00185108
0.00195659
0.00206695
0.00218265
0.00230331
0.00242866
0.00255847
0.00269257
0.00283079
0.00297296
0.00311891
0.00326846
0.00342144
0.00357765
0.0037369
0.00389895
0.00406353
0.00423043
0.00439942
0.00457021
0.0047424
0.00491581
0.00509013
0.00526495
0.00543985
0.00561474
0.00578919
0.00596258
0.00613424
0.00630414
0.00647184
0.00663712
0.00680025
0.00696114
0.00711824
0.00727256
0.00742243
0.00756947
0.00771039
0.00784808
0.00798132
0.00810984
0.00823342
0.00835061
0.00845963
0.00856903
0.00867484
0.0087714
0.00886211
0.00894682
0.00902543
0.00909782
0.00916393
0.00922374
0.00927728
0.00932463
0.00936592
0.00940129
0.00943092
0.0094549
0.00947357
0.00948703
0.00949544
0.0094989
0.00949758
0.00949179
0.0094816
0.00946809
0.00945194
0.00943077
0.00942194
0.000245957
0.000481829
0.00065461
0.00076537
0.000839857
0.000883661
0.000899424
0.000896267
0.000880504
0.000851691
0.000815471
0.000776839
0.000739533
0.000711161
0.00069512
0.000693585
0.000707215
0.000735012
0.000774818
0.000826083
0.000887968
0.000957763
0.00103279
0.0011131
0.00119936
0.00128926
0.00138072
0.00147275
0.0015679
0.00166704
0.00177024
0.00187712
0.00198774
0.00210212
0.00222025
0.00234207
0.00246758
0.00259672
0.00272946
0.00286572
0.00300544
0.00314855
0.00329495
0.00344452
0.0035971
0.00375242
0.0039104
0.00407087
0.00423355
0.00439798
0.00456416
0.00473175
0.00490032
0.00506911
0.00523791
0.0054067
0.00557533
0.00574384
0.00591137
0.00607715
0.00624106
0.00640311
0.00656317
0.00671936
0.00687387
0.00702368
0.00717037
0.00731364
0.00745312
0.00758836
0.00771938
0.00784604
0.00796607
0.00807861
0.00819301
0.00830264
0.00840416
0.00850064
0.00859154
0.00867663
0.00875574
0.00882877
0.00889567
0.00895645
0.00901117
0.00905991
0.0091028
0.00913999
0.00917158
0.00919782
0.00921878
0.00923461
0.00924535
0.00925115
0.00925222
0.00924854
0.00924112
0.00923045
0.00921413
0.00921027
0.0002248
0.000459649
0.000595783
0.000654782
0.000682527
0.000676969
0.000638918
0.000593246
0.000540919
0.000483905
0.00044156
0.000417025
0.000410408
0.000423884
0.000454081
0.000499152
0.000557246
0.000623807
0.000693839
0.000768587
0.000848587
0.000929811
0.00100997
0.00108827
0.00116651
0.00124641
0.00132918
0.00141449
0.00150214
0.00159238
0.00168543
0.00178141
0.00188044
0.00198265
0.00208812
0.00219694
0.00230915
0.00242479
0.00254391
0.00266648
0.00279253
0.00292208
0.00305509
0.00319151
0.00333123
0.00347397
0.00361983
0.00376865
0.00392014
0.00407374
0.00422911
0.00438617
0.00454477
0.00470537
0.00486695
0.0050293
0.00519182
0.00535434
0.00551647
0.00567721
0.00583679
0.0059953
0.00615246
0.00630546
0.00645726
0.00660609
0.00675179
0.00689441
0.00703422
0.00717065
0.0073034
0.00743238
0.00755401
0.00767023
0.00778812
0.00790081
0.00800641
0.00810671
0.00820181
0.00829151
0.00837563
0.00845405
0.00852666
0.00859347
0.00865446
0.00870971
0.00875928
0.00880331
0.00884187
0.00887513
0.00890313
0.00892598
0.00894362
0.00895616
0.00896369
0.00896608
0.00896418
0.00895833
0.00894594
0.00894581
0.000209541
0.000448804
0.000520628
0.000466871
0.000432272
0.000387806
0.000314267
0.000264775
0.000237744
0.000229008
0.000244947
0.000280563
0.000336388
0.000403802
0.000476171
0.000552541
0.000633156
0.000712349
0.000786011
0.000855934
0.000923031
0.000989716
0.00105776
0.00112653
0.00119622
0.00126683
0.00133886
0.00141265
0.0014884
0.0015663
0.00164659
0.00172947
0.00181508
0.00190358
0.00199506
0.00208963
0.00218737
0.00228837
0.00239271
0.00250041
0.00261157
0.0027263
0.00284459
0.00296644
0.00309179
0.00322029
0.00335192
0.00348667
0.00362424
0.00376509
0.00390878
0.00405487
0.00420309
0.00435314
0.00450473
0.00465781
0.00481156
0.00496605
0.00512067
0.00527416
0.00542746
0.00558018
0.00573248
0.00588251
0.00603106
0.00617741
0.00632124
0.00646248
0.00659996
0.0067342
0.00686539
0.00699342
0.00711341
0.00723062
0.00734918
0.00746225
0.00756998
0.0076732
0.0077717
0.00786526
0.00795365
0.00803672
0.00811436
0.00818652
0.00825316
0.00831431
0.00836998
0.00842032
0.00846532
0.00850514
0.00853972
0.00856918
0.00859334
0.00861231
0.00862598
0.0086342
0.00863763
0.00863637
0.008628
0.00863058
0.000200896
0.00056395
0.000454215
0.000211413
0.000162099
0.000134157
0.000118357
0.000133867
0.000171855
0.000236347
0.000308863
0.000384993
0.000472686
0.000555331
0.000630828
0.000697436
0.000758476
0.000817875
0.000877583
0.000936702
0.000994712
0.00105214
0.00110997
0.00116745
0.00122667
0.00128674
0.00134792
0.00141065
0.00147518
0.00154169
0.00161038
0.00168143
0.00175497
0.00183111
0.00190993
0.00199152
0.002076
0.00216348
0.00225402
0.00234767
0.00244456
0.00254474
0.00264828
0.00275524
0.00286559
0.00297988
0.00309779
0.00321917
0.00334367
0.00347123
0.00360175
0.00373506
0.00387093
0.00400909
0.0041493
0.00429165
0.00443567
0.00458103
0.00472731
0.00487355
0.00501986
0.00516556
0.00531011
0.00545312
0.00559486
0.00573495
0.00587315
0.00600923
0.00614316
0.00627434
0.00640319
0.00652929
0.00664691
0.00676419
0.00688254
0.00699531
0.00710405
0.00720883
0.00730943
0.00740559
0.00749707
0.00758368
0.00766526
0.00774178
0.00781311
0.00787927
0.00794021
0.00799607
0.00804675
0.00809244
0.00813294
0.0081684
0.00819848
0.00822334
0.00824262
0.00825618
0.00826443
0.00826719
0.00826254
0.00826631
0.000197417
2.50426e-05
5.25431e-06
5.48013e-05
6.20412e-05
9.5663e-05
0.00015657
0.000232394
0.000311886
0.000407825
0.000485215
0.000554435
0.000615048
0.000670036
0.000727973
0.000779632
0.000830224
0.000880141
0.00092929
0.000977774
0.001026
0.00107422
0.00112306
0.00117215
0.00122253
0.00127387
0.00132627
0.00138027
0.00143599
0.00149352
0.00155304
0.00161466
0.00167845
0.00174445
0.00181271
0.00188331
0.00195637
0.00203199
0.00211036
0.0021918
0.00227633
0.002364
0.0024549
0.00254912
0.00264666
0.00274755
0.00285203
0.00295991
0.00307125
0.0031859
0.00330373
0.00342462
0.00354839
0.00367481
0.00380378
0.00393411
0.0040661
0.00419961
0.00433443
0.00446989
0.00460576
0.00474177
0.00487772
0.00501292
0.00514727
0.00528049
0.00541241
0.00554269
0.00567147
0.00579792
0.00592293
0.00604512
0.00615923
0.00627477
0.0063913
0.00650257
0.00661081
0.00671577
0.00681713
0.00691462
0.00700794
0.00709689
0.0071813
0.00726111
0.00733611
0.00740633
0.00747161
0.00753211
0.00758764
0.00763841
0.00768407
0.00772483
0.00776015
0.00779029
0.00781453
0.00783288
0.00784534
0.00785147
0.00785027
0.00785343
0.000237821
1.86206e-05
2.99499e-05
8.01186e-05
0.000146851
0.000235701
0.000329378
0.000403851
0.000462912
0.000523319
0.000568568
0.000616959
0.000664304
0.000708406
0.000752157
0.000794912
0.000836233
0.000877554
0.000918715
0.000959183
0.00100006
0.00104147
0.00108383
0.0011267
0.00117133
0.00121633
0.00126244
0.00131033
0.00135981
0.00141086
0.00146376
0.00151852
0.00157514
0.00163361
0.00169398
0.00175633
0.0018208
0.00188752
0.00195663
0.00202825
0.00210258
0.00217972
0.00225979
0.00234287
0.00242904
0.00251833
0.00261046
0.00270561
0.00280388
0.00290526
0.00300969
0.0031171
0.00322739
0.00334036
0.00345592
0.00357384
0.00369379
0.00381553
0.00393888
0.00406337
0.00418868
0.00431448
0.0044406
0.00456654
0.00469212
0.00481703
0.0049412
0.00506417
0.00518629
0.00530644
0.00542619
0.00554219
0.00565214
0.0057639
0.00587716
0.00598558
0.00609197
0.00619573
0.0062965
0.00639401
0.00648792
0.00657801
0.00666407
0.00674607
0.0068237
0.00689695
0.0069656
0.00702982
0.00708929
0.00714429
0.00719427
0.00723957
0.00727936
0.0073141
0.00734259
0.00736511
0.00738111
0.00738987
0.00739194
0.00739236
6.63378e-05
7.23841e-05
0.000137954
0.000220404
0.000285207
0.000348019
0.000396403
0.000430776
0.00047205
0.000513353
0.000552971
0.000590827
0.000628843
0.000666061
0.000702882
0.00073985
0.000776092
0.000811978
0.000848038
0.000884303
0.000921187
0.000958869
0.000997638
0.00103695
0.00107717
0.00111849
0.00116073
0.00120474
0.00124998
0.00129637
0.00134458
0.00139433
0.00144549
0.00149805
0.00155208
0.0016077
0.00166503
0.00172423
0.00178544
0.00184874
0.00191432
0.00198224
0.00205263
0.00212557
0.00220113
0.00227936
0.00236036
0.0024441
0.00253063
0.00261999
0.00271218
0.00280718
0.00290494
0.00300536
0.00310834
0.00321372
0.0033213
0.00343083
0.00354214
0.00365489
0.00376875
0.00388341
0.00399868
0.00411419
0.00422977
0.00434508
0.00446017
0.00457446
0.00468855
0.00480091
0.00491401
0.00502252
0.00512686
0.00523278
0.00534143
0.00544554
0.00554886
0.00565007
0.00574894
0.00584518
0.00593843
0.00602843
0.00611497
0.00619807
0.00627723
0.0063525
0.00642349
0.00649047
0.00655292
0.00661128
0.00666467
0.00671368
0.00675713
0.00679576
0.00682769
0.00685374
0.00687254
0.00688318
0.00688836
0.00688363
5.75951e-05
0.00012083
0.000159103
0.000193189
0.000226025
0.000258236
0.000292307
0.000326653
0.000361673
0.000394581
0.000428525
0.000462242
0.000496216
0.000530104
0.000563733
0.000598159
0.000630784
0.000663097
0.00069651
0.000730939
0.000766367
0.000802709
0.000839861
0.00087688
0.000914431
0.000953172
0.00099272
0.00103346
0.00107529
0.0011182
0.00116233
0.00120746
0.00125331
0.0013
0.00134771
0.00139661
0.00144684
0.00149852
0.00155177
0.00160663
0.00166325
0.0017216
0.00178185
0.00184401
0.00190815
0.00197431
0.00204261
0.00211307
0.00218576
0.00226074
0.00233809
0.00241781
0.00249993
0.00258442
0.00267123
0.00276027
0.00285141
0.00294453
0.00303942
0.00313584
0.00323353
0.00333222
0.00343175
0.00353184
0.00363242
0.00373311
0.00383414
0.00393475
0.00403594
0.0041356
0.0042374
0.0043336
0.00442788
0.00452358
0.0046232
0.00471823
0.00481554
0.00491064
0.00500436
0.00509631
0.00518608
0.00527337
0.00535801
0.00544013
0.00551892
0.00559448
0.0056662
0.00573458
0.00579869
0.00585935
0.00591509
0.00596703
0.00601331
0.00605529
0.00608985
0.00611889
0.00613953
0.00615093
0.00615924
0.0061434
0.000216008
0.000181375
0.000102909
9.11001e-05
8.35452e-05
8.30346e-05
8.80993e-05
9.72958e-05
0.000110511
0.000127177
0.000147604
0.000170545
0.000197126
0.000225554
0.000256965
0.000289235
0.000324595
0.000361723
0.000399501
0.00043792
0.000476402
0.00051506
0.000553616
0.00059201
0.000630011
0.000668208
0.000705461
0.000743968
0.000783308
0.000823517
0.000864135
0.000904096
0.000943507
0.000983875
0.00102535
0.00106794
0.00111168
0.00115651
0.00120244
0.00124937
0.00129739
0.00134633
0.00139647
0.00144761
0.00149981
0.00155321
0.00160786
0.00166384
0.00172123
0.00178012
0.00184062
0.00190274
0.00196661
0.00203223
0.00209965
0.00216879
0.00223964
0.00231217
0.00238612
0.0024613
0.00253761
0.00261487
0.00269306
0.00277196
0.0028517
0.00293183
0.00301285
0.00309382
0.00317613
0.00325725
0.00334151
0.00342069
0.00349969
0.00358004
0.00366418
0.00374391
0.00383051
0.00391569
0.00400023
0.00408402
0.0041666
0.00424754
0.00432703
0.00440549
0.00448117
0.00455449
0.00462443
0.00469217
0.00475582
0.00481725
0.00487353
0.00492744
0.00497546
0.00502023
0.0050562
0.005088
0.00510897
0.005121
0.00513175
0.00509668
0.0003616
0.000353581
0.000287173
0.000260381
0.000210469
0.000186085
0.000152822
0.000137771
0.000118704
0.000109724
9.83586e-05
9.47874e-05
9.00758e-05
8.96453e-05
9.03973e-05
9.57692e-05
0.000101976
0.000110733
0.000121665
0.000135358
0.000151214
0.000169816
0.000190615
0.000214015
0.000239458
0.000266987
0.00029643
0.000327523
0.000360324
0.000394034
0.000429452
0.00046731
0.00050776
0.000548723
0.000590064
0.000631523
0.00067309
0.000714642
0.000756187
0.000797734
0.000839323
0.000881013
0.000923384
0.000965109
0.00100715
0.00104989
0.00109304
0.00113665
0.0011808
0.00122565
0.00127115
0.00131738
0.00136467
0.00141299
0.00146234
0.00151265
0.00156411
0.00161651
0.00166924
0.0017225
0.00177655
0.00183137
0.00188717
0.00194374
0.00200143
0.00205969
0.00211929
0.0021792
0.0022408
0.00230217
0.00236577
0.00242919
0.00249245
0.00255667
0.00262195
0.00268967
0.00276017
0.00283332
0.00290711
0.00298199
0.00305618
0.00312899
0.00320242
0.00327711
0.00334855
0.00341828
0.00348501
0.00355124
0.00361307
0.00367468
0.00373032
0.00378676
0.00383632
0.00388382
0.00392046
0.00395558
0.00397585
0.00399201
0.00399826
0.00394962
0.000567168
0.000562926
0.000543296
0.000532541
0.000506862
0.000488571
0.000458868
0.000431993
0.000402068
0.00037577
0.000347458
0.000323795
0.000298807
0.000279076
0.000255426
0.000239797
0.000219418
0.000208656
0.000190875
0.00018295
0.000168206
0.000163255
0.000151463
0.000150274
0.000142082
0.000144683
0.000142623
0.000147747
0.000149648
0.000152629
0.000160965
0.000171859
0.0001838
0.000197629
0.000213387
0.000230961
0.000250223
0.000270918
0.000293012
0.000316258
0.000340624
0.000365661
0.00039158
0.000417756
0.000444269
0.000470918
0.000497783
0.000524437
0.000551722
0.000577916
0.000605426
0.000631847
0.000660451
0.00068879
0.000717178
0.000745897
0.00077499
0.000804634
0.000835965
0.000868591
0.000902721
0.000937924
0.000974654
0.00101243
0.00105173
0.00109198
0.00113437
0.00117749
0.00122297
0.00126975
0.00131894
0.00136994
0.00142353
0.00147958
0.0015392
0.00159985
0.00166061
0.00172345
0.00178626
0.0018514
0.00191559
0.00198142
0.00204557
0.00211173
0.00217447
0.00223874
0.00229902
0.00236196
0.00241859
0.00247878
0.00253307
0.00259571
0.00264466
0.0026925
0.00272791
0.00276619
0.00278641
0.00280632
0.00280992
0.00275454
0.000733006
0.000728998
0.000723544
0.000718861
0.000712295
0.000705439
0.000696555
0.000686587
0.000675082
0.000662715
0.000648905
0.00063462
0.00061911
0.00060367
0.000586898
0.000570738
0.000553304
0.000537033
0.000519283
0.000502917
0.000484781
0.000469005
0.00044902
0.000435428
0.000414547
0.000401096
0.00038366
0.000369091
0.000351205
0.000334947
0.000311956
0.00030654
0.000286551
0.0002863
0.000273026
0.00027036
0.000261799
0.000255297
0.000245985
0.000243098
0.000235624
0.000238604
0.000233074
0.000239993
0.00023773
0.000246331
0.000246699
0.000255516
0.000256888
0.000268423
0.000272848
0.000285185
0.000292022
0.000304824
0.000313826
0.000325968
0.000338148
0.000350297
0.000364521
0.000375599
0.000392306
0.000403444
0.000422114
0.000433897
0.000454155
0.000466352
0.000489351
0.000502468
0.000526119
0.000541994
0.000568078
0.000585635
0.000611445
0.000637106
0.00066761
0.000699647
0.000732122
0.000766437
0.000801042
0.000838002
0.000874218
0.00091364
0.000945933
0.000989945
0.00101779
0.00106534
0.00109519
0.00114382
0.00117862
0.00122202
0.00126359
0.00130847
0.00134707
0.00138577
0.0014184
0.00145331
0.00146962
0.00147783
0.00151737
0.00139122
0.000815969
0.000813741
0.000811567
0.000809369
0.000807131
0.000804695
0.000802155
0.000799204
0.000795944
0.000792443
0.000788397
0.00078443
0.00077925
0.000774605
0.000769049
0.000763509
0.000757371
0.00075099
0.000744281
0.000737402
0.000730158
0.000722892
0.000715123
0.000707502
0.000699168
0.000690937
0.000682049
0.000672918
0.00066282
0.000653399
0.000640198
0.00063375
0.000621264
0.000614546
0.000602656
0.000593833
0.000581451
0.00057195
0.000557017
0.000548106
0.00053139
0.000524104
0.00050789
0.000503144
0.000490591
0.000486685
0.000476604
0.000473155
0.000465292
0.000462909
0.000457842
0.000455703
0.000455692
0.000454053
0.000455938
0.000455202
0.000458286
0.000458845
0.000462349
0.00046447
0.000467375
0.000470638
0.00047455
0.000478197
0.000482846
0.000487047
0.00049296
0.000498312
0.000503996
0.000509785
0.000515718
0.000521715
0.00052753
0.000534002
0.000541389
0.000553628
0.000559083
0.00057121
0.000576181
0.000588258
0.000593847
0.000606498
0.000612683
0.000623
0.000633554
0.000633718
0.000650694
0.000653918
0.000667866
0.000687474
0.000693807
0.000715043
0.000726213
0.000745017
0.000762724
0.000785896
0.000793976
0.000809583
0.000808365
0.000799892
0.000843015
0.000842219
0.000841418
0.000840602
0.000839778
0.00083893
0.000838066
0.000837164
0.000836216
0.000835209
0.00083414
0.000833005
0.000831758
0.000830436
0.000829005
0.000827485
0.000825858
0.000824122
0.000822287
0.000820349
0.000818319
0.0008162
0.000813999
0.000811716
0.000809343
0.000806872
0.000804302
0.000801609
0.00079882
0.000795955
0.000792961
0.000790086
0.000787023
0.000784021
0.000780796
0.000777455
0.000774079
0.00077051
0.000766736
0.000763008
0.000759066
0.00075528
0.000751303
0.000747707
0.000744057
0.000740779
0.000737529
0.000734552
0.000731867
0.000729525
0.000727447
0.000725562
0.000724077
0.000722905
0.000722223
0.000721815
0.000721862
0.000722175
0.000722858
0.000723732
0.000724903
0.000726304
0.000727979
0.000729722
0.000731679
0.000733737
0.000735845
0.000738229
0.000740302
0.000742979
0.00074484
0.000747869
0.000749058
0.000751918
0.000753337
0.000755401
0.000757194
0.000759186
0.000760438
0.000762638
0.000764139
0.000765466
0.000766389
0.000767055
0.000767334
0.000767269
0.000766617
0.000766594
0.000766278
0.000765678
0.000766229
0.000766378
0.000766096
0.000766491
0.000766999
0.00076813
0.000768339
0.000765795
0.000771322
0.000748466
0.000848589
0.000848339
0.000848078
0.000847806
0.000847526
0.000847235
0.000846935
0.000846626
0.000846307
0.000845976
0.000845633
0.000845275
0.000844902
0.000844509
0.000844098
0.000843664
0.000843211
0.00084273
0.000842228
0.000841697
0.000841145
0.000840563
0.000839964
0.000839332
0.000838687
0.000838004
0.000837313
0.000836579
0.000835844
0.000835064
0.000834292
0.000833478
0.000832673
0.000831825
0.000830983
0.000830095
0.000829222
0.000828306
0.000827411
0.000826469
0.000825569
0.000824624
0.000823741
0.000822825
0.000821996
0.000821137
0.000820402
0.000819623
0.000819004
0.000818364
0.000817893
0.000817399
0.000817082
0.000816763
0.000816645
0.000816549
0.000816651
0.000816786
0.000817098
0.000817441
0.000817943
0.000818486
0.000819167
0.00081988
0.000820699
0.000821553
0.000822475
0.000823451
0.000824415
0.000825458
0.000826421
0.000827488
0.000828448
0.000829436
0.000830424
0.000831296
0.000832206
0.000832956
0.000833705
0.000834188
0.00083465
0.000834737
0.000834756
0.00083441
0.000833867
0.000832972
0.000831667
0.000830105
0.000827634
0.000825377
0.000821099
0.000817941
0.000811434
0.000806383
0.000797288
0.000788567
0.000777162
0.000760526
0.000745507
0.000709478
0.000849237
0.000849101
0.000848963
0.000848819
0.000848672
0.000848519
0.000848364
0.000848203
0.000848039
0.00084787
0.000847699
0.00084752
0.00084734
0.000847153
0.000846964
0.000846765
0.000846566
0.000846356
0.000846146
0.000845923
0.000845701
0.000845464
0.000845231
0.000844979
0.000844734
0.000844467
0.000844211
0.000843928
0.000843662
0.000843365
0.00084309
0.00084278
0.000842498
0.000842176
0.000841889
0.000841556
0.000841267
0.000840926
0.00084064
0.000840293
0.000840014
0.000839666
0.000839402
0.000839058
0.000838816
0.000838484
0.000838275
0.000837964
0.000837796
0.000837519
0.000837407
0.000837174
0.000837128
0.000836954
0.000836984
0.000836882
0.000836991
0.000836968
0.000837156
0.000837216
0.000837485
0.000837632
0.00083798
0.00083821
0.000838631
0.00083893
0.000839424
0.000839747
0.000840249
0.000840571
0.000841088
0.000841387
0.000841893
0.000842121
0.000842523
0.000842585
0.000842787
0.000842543
0.000842383
0.00084168
0.000841127
0.000840058
0.000838978
0.000837311
0.000835361
0.000832814
0.000829702
0.000825734
0.000820991
0.000815238
0.000807957
0.000800275
0.000789411
0.000778985
0.000764121
0.000749218
0.000728977
0.000705742
0.000684036
0.000622538
0.000849256
0.000849134
0.000849011
0.000848886
0.00084876
0.00084863
0.0008485
0.000848367
0.000848233
0.000848095
0.000847958
0.000847815
0.000847675
0.000847528
0.000847384
0.000847232
0.000847084
0.000846927
0.000846777
0.000846614
0.00084646
0.000846292
0.000846135
0.00084596
0.0008458
0.000845618
0.000845456
0.000845267
0.000845104
0.000844907
0.000844744
0.000844539
0.000844376
0.000844163
0.000844002
0.00084378
0.000843622
0.000843392
0.000843239
0.000843
0.000842856
0.000842608
0.000842477
0.000842221
0.000842106
0.000841848
0.000841754
0.000841498
0.000841432
0.000841186
0.000841155
0.000840926
0.000840941
0.000840733
0.0008408
0.000840615
0.000840733
0.000840581
0.000840758
0.000840643
0.000840881
0.000840805
0.000841096
0.000841056
0.000841379
0.000841363
0.000841683
0.000841669
0.000842038
0.00084202
0.000842387
0.00084229
0.000842565
0.000842271
0.000842292
0.000841672
0.000841258
0.000840118
0.000839111
0.000837154
0.00083531
0.000832065
0.000828962
0.000824066
0.000819174
0.000812633
0.000804781
0.000795549
0.000785201
0.000771404
0.000758336
0.00073896
0.000722508
0.000696675
0.00067621
0.000640954
0.000613664
0.000571115
0.000542707
0.000453655
0.000849239
0.000849117
0.000848995
0.000848869
0.000848744
0.000848615
0.000848487
0.000848355
0.000848224
0.000848088
0.000847955
0.000847815
0.000847679
0.000847535
0.000847398
0.00084725
0.00084711
0.000846958
0.000846816
0.000846659
0.000846517
0.000846354
0.000846211
0.000846042
0.000845899
0.000845724
0.000845581
0.0008454
0.000845258
0.00084507
0.000844931
0.000844734
0.000844598
0.000844391
0.00084426
0.000844043
0.000843917
0.000843688
0.000843568
0.000843327
0.000843217
0.000842962
0.000842866
0.000842596
0.000842521
0.000842236
0.000842186
0.000841892
0.000841871
0.000841571
0.000841583
0.000841285
0.00084133
0.000841041
0.000841125
0.000840855
0.000841
0.000840747
0.000840957
0.000840716
0.000840989
0.000840748
0.000841066
0.000840803
0.000841127
0.000840808
0.00084107
0.000840619
0.000840699
0.000839973
0.000839725
0.00083852
0.000837772
0.000835856
0.000834396
0.000831519
0.000828896
0.000824846
0.000820442
0.000814833
0.000808382
0.000800341
0.000791748
0.000780249
0.000769207
0.000753113
0.000738926
0.000717876
0.00070028
0.000673853
0.000651516
0.000617846
0.000593051
0.000553121
0.000526756
0.000481048
0.000452215
0.000405214
0.000357826
0.00028374
0.000849232
0.00084911
0.000848988
0.000848862
0.000848738
0.000848608
0.000848481
0.000848348
0.000848218
0.000848081
0.000847949
0.000847808
0.000847674
0.000847529
0.000847393
0.000847243
0.000847106
0.00084695
0.000846812
0.00084665
0.000846512
0.000846343
0.000846205
0.000846029
0.000845892
0.000845708
0.000845573
0.000845379
0.000845246
0.000845042
0.000844912
0.000844697
0.000844573
0.000844345
0.000844227
0.000843986
0.000843877
0.00084362
0.000843522
0.000843248
0.000843163
0.000842872
0.000842803
0.000842496
0.000842445
0.000842119
0.000842094
0.000841744
0.00084175
0.000841375
0.000841417
0.000841012
0.000841092
0.000840653
0.000840763
0.000840277
0.000840398
0.000839839
0.000839944
0.000839268
0.000839313
0.000838445
0.000838365
0.000837192
0.000836894
0.00083526
0.000834547
0.00083232
0.000830899
0.000827921
0.000825389
0.000821473
0.000817363
0.000811687
0.000806397
0.000798027
0.000791113
0.000779589
0.000770383
0.000755394
0.00074334
0.00072429
0.000709098
0.000685561
0.000665882
0.000636547
0.000614146
0.0005805
0.000555481
0.000517869
0.0004926
0.000452144
0.000426782
0.00038056
0.000355696
0.000307972
0.00028435
0.000249291
0.000218278
0.000196284
0.000849225
0.000849102
0.000848979
0.000848853
0.000848728
0.000848597
0.00084847
0.000848336
0.000848206
0.000848068
0.000847937
0.000847794
0.000847661
0.000847513
0.000847379
0.000847225
0.00084709
0.000846929
0.000846795
0.000846626
0.000846492
0.000846314
0.000846182
0.000845993
0.000845865
0.000845662
0.000845538
0.00084532
0.000845203
0.000844967
0.000844859
0.0008446
0.000844502
0.000844217
0.000844131
0.000843814
0.000843741
0.000843386
0.000843327
0.000842927
0.000842882
0.000842427
0.000842394
0.000841874
0.000841849
0.00084125
0.000841225
0.000840526
0.00084049
0.000839658
0.000839591
0.000838576
0.000838452
0.000837172
0.000836933
0.000835314
0.000834851
0.000832801
0.000831945
0.000829352
0.000827867
0.000824602
0.000822152
0.000818129
0.000814337
0.000808644
0.000804026
0.000796126
0.000790304
0.000779689
0.000772359
0.000758541
0.000749497
0.000731866
0.00072102
0.000698853
0.000685853
0.000659471
0.000644046
0.000613875
0.000595902
0.000562292
0.000542287
0.000505722
0.000485049
0.000447571
0.000425479
0.000386483
0.000364309
0.000324877
0.000305657
0.000266857
0.000252808
0.000218551
0.000209718
0.000187646
0.000181424
0.00018389
0.00017611
0.000226024
0.000849247
0.000849125
0.000849005
0.000848879
0.000848756
0.000848625
0.000848499
0.000848362
0.000848234
0.00084809
0.000847959
0.000847807
0.000847673
0.000847511
0.000847374
0.0008472
0.000847061
0.00084687
0.00084673
0.000846519
0.000846378
0.000846142
0.000846
0.000845733
0.00084559
0.000845285
0.000845142
0.00084479
0.000844645
0.000844235
0.000844088
0.000843604
0.000843453
0.000842876
0.000842718
0.00084202
0.000841851
0.000840994
0.000840807
0.000839739
0.000839512
0.000838179
0.000837862
0.000836201
0.000835712
0.000833648
0.000832859
0.000830305
0.000829031
0.000825893
0.000823882
0.000820063
0.000816991
0.000812048
0.000808168
0.00080156
0.000796829
0.000788061
0.000782366
0.00077102
0.00076415
0.000749995
0.000741727
0.000724579
0.000714764
0.000694477
0.000683029
0.000659604
0.00064649
0.000620107
0.000605331
0.000576366
0.000560016
0.000529098
0.000511566
0.000479166
0.000460759
0.000427671
0.000408935
0.000375727
0.000357355
0.000324771
0.000307614
0.000276449
0.00026161
0.000233476
0.000221026
0.000198181
0.00018904
0.00017289
0.000168299
0.000160384
0.000161744
0.000163943
0.00017235
0.000189141
0.000203907
0.000244151
0.000259624
0.000345175
0.000849227
0.000849084
0.000848946
0.000848787
0.000848634
0.000848458
0.000848286
0.000848087
0.000847893
0.000847664
0.000847443
0.000847179
0.000846927
0.000846618
0.00084633
0.000845965
0.000845637
0.000845204
0.00084483
0.000844312
0.000843886
0.000843263
0.000842776
0.000842028
0.000841466
0.000840569
0.00083991
0.000838838
0.000838051
0.000836775
0.000835819
0.0008343
0.000833118
0.000831301
0.000829811
0.00082762
0.000825694
0.00082301
0.000820477
0.000816956
0.000813924
0.00080912
0.000805514
0.000798939
0.000794598
0.00078586
0.000780606
0.000769302
0.000762973
0.000748808
0.000741307
0.000724123
0.000715372
0.000695225
0.000685205
0.000662301
0.000651109
0.00062574
0.000613462
0.000586113
0.000572862
0.000544057
0.000529983
0.00050023
0.000485515
0.000455309
0.000440166
0.000409983
0.000394765
0.000365021
0.000350139
0.000321275
0.00030723
0.000279709
0.000266988
0.00024145
0.000230385
0.000207991
0.000198389
0.00018012
0.000172108
0.000158886
0.00015281
0.000145437
0.00014164
0.000141018
0.000139963
0.000146874
0.000149706
0.000163987
0.000173274
0.000195235
0.000211287
0.000240964
0.000262563
0.000298569
0.000321708
0.000363255
0.000376272
0.000431737
0.000847683
0.000847104
0.000846557
0.000845855
0.000845189
0.000844352
0.000843551
0.000842565
0.000841613
0.000840464
0.000839346
0.000838014
0.000836716
0.000835178
0.000833688
0.000831909
0.000830214
0.000828153
0.000826214
0.000823834
0.000821608
0.000818824
0.000816349
0.000813051
0.000810293
0.000806373
0.00080325
0.000798667
0.000795089
0.000789794
0.000785624
0.000779467
0.000774437
0.000767128
0.000761031
0.000751944
0.00074427
0.00073309
0.000723277
0.000709568
0.000697271
0.000680781
0.000665913
0.000646683
0.000629486
0.000607883
0.000588757
0.000565287
0.000545298
0.000520695
0.000500606
0.000475726
0.00045597
0.000431503
0.000412459
0.000388823
0.000370747
0.000348264
0.000331322
0.000310141
0.000294377
0.000274603
0.000260046
0.000241805
0.000228533
0.000212038
0.000200021
0.000185931
0.000175244
0.000163614
0.000154363
0.000145756
0.000137945
0.000132455
0.000127025
0.000124394
0.000121688
0.00012218
0.000122547
0.000126517
0.000130376
0.000138259
0.000146024
0.000158246
0.000170169
0.000186804
0.000202558
0.000222977
0.000241349
0.000264032
0.000282924
0.000305652
0.000322704
0.000343555
0.000357429
0.000376134
0.000386535
0.000406613
0.000408209
0.000424368
0.000821775
0.000818157
0.000814922
0.000810901
0.000807415
0.000802998
0.000799255
0.00079446
0.000790427
0.000785275
0.000780919
0.000775421
0.000770692
0.000764858
0.000759619
0.00075341
0.000747659
0.00074065
0.000734392
0.000726785
0.000719875
0.000711631
0.000704103
0.000695152
0.000687089
0.000677317
0.000668873
0.000658102
0.00064963
0.000638131
0.000628437
0.000615185
0.000602834
0.000586491
0.000570578
0.000550664
0.00053098
0.000507835
0.000485127
0.000459934
0.00043569
0.000410058
0.000385953
0.000361372
0.000338764
0.000316251
0.000295947
0.00027598
0.000258269
0.000240905
0.000225609
0.000210727
0.000197825
0.000185139
0.000174298
0.000163594
0.000154203
0.000145515
0.000137676
0.000130796
0.000124647
0.000119611
0.000115213
0.000112109
0.000109557
0.000108397
0.000107766
0.000108618
0.000110024
0.00011299
0.000116578
0.000121797
0.000127704
0.000135298
0.000143594
0.000153601
0.000164224
0.000176484
0.000189105
0.000203132
0.000217071
0.000231951
0.000246214
0.000260939
0.000274149
0.000287519
0.00029853
0.00031003
0.000318662
0.000328472
0.000335136
0.000343896
0.00034907
0.000357356
0.000361472
0.000368633
0.000371353
0.000376887
0.000375259
0.00037308
0.000683983
0.000675138
0.000667519
0.000658619
0.000651408
0.000642127
0.000635632
0.000625757
0.000619951
0.000609886
0.000604424
0.000594236
0.00058905
0.000578118
0.000572287
0.000560859
0.000554476
0.000543011
0.000536556
0.000525942
0.000519567
0.000509987
0.000503517
0.000495148
0.000488407
0.000481375
0.000474079
0.000468497
0.000463854
0.000451794
0.000440415
0.000419973
0.00039891
0.000373674
0.000348939
0.000322152
0.000297182
0.00027208
0.000249628
0.000228185
0.000209562
0.000192342
0.000177677
0.000164369
0.000153196
0.000143167
0.000134872
0.000127486
0.000121525
0.000116271
0.000112248
0.000108769
0.000106431
0.000104516
0.000103742
0.000103286
0.000104065
0.000106433
0.000110018
0.000114869
0.000120734
0.00012756
0.000135278
0.000143571
0.000151935
0.000160868
0.000169789
0.000179218
0.000188484
0.000198158
0.000207507
0.000217059
0.000226043
0.000234951
0.000243142
0.000251099
0.000258118
0.000264848
0.000270465
0.000275914
0.000280108
0.000284472
0.000288187
0.000290867
0.000294097
0.000295739
0.000297791
0.00029989
0.000300926
0.000302713
0.000302849
0.000304094
0.000303417
0.000304167
0.000302785
0.000303172
0.000300753
0.000300535
0.00029502
0.000284988
0.000428269
0.000422532
0.000421173
0.000416146
0.000416414
0.000412088
0.000413859
0.000410068
0.000413073
0.00040963
0.000413573
0.000410295
0.000414873
0.000411842
0.00041711
0.000414205
0.000419862
0.000416955
0.000422561
0.000419414
0.000424598
0.000421269
0.000425804
0.000422412
0.000426204
0.00042271
0.00042687
0.000414391
0.000387796
0.000356518
0.000325003
0.000294694
0.00026745
0.00024209
0.000220536
0.00020167
0.000186176
0.00017322
0.000162865
0.000154594
0.000148188
0.000143422
0.000139956
0.000137811
0.000136571
0.000136462
0.000136988
0.00013856
0.000140564
0.000143602
0.000146914
0.000151229
0.000155688
0.000161121
0.000166522
0.000172834
0.000178887
0.000184711
0.000189871
0.000194749
0.000198818
0.000202656
0.000205603
0.000208506
0.000211111
0.000213688
0.000215969
0.000218253
0.000220236
0.000222493
0.000224091
0.000226118
0.000227252
0.000228745
0.000229954
0.000231107
0.00023191
0.00023258
0.000232814
0.000232833
0.000232376
0.000231649
0.000230515
0.000229193
0.000227461
0.000225664
0.000223405
0.000221426
0.000218858
0.000216787
0.000213989
0.000211806
0.000208763
0.000206516
0.000203219
0.000201076
0.000197519
0.000195075
0.000192443
0.000175927
0.000158396
0.000157205
0.000156251
0.0001552
0.000154381
0.00015353
0.000152886
0.0001523
0.000151881
0.000151607
0.000151444
0.000151578
0.000151679
0.000152296
0.00015267
0.000153841
0.000154501
0.000156273
0.000157247
0.000159623
0.000160953
0.000163892
0.000165664
0.000168944
0.000171785
0.00017307
0.000187034
4.77337e-05
5.35156e-05
5.91144e-05
6.47006e-05
7.02969e-05
7.57661e-05
8.11174e-05
8.62271e-05
9.10882e-05
9.55827e-05
9.97036e-05
0.000103352
0.000106547
0.000109218
0.000111423
0.000113112
0.000114384
0.000115193
0.000115678
0.000115763
0.000115662
0.000115137
0.00011467
0.000113884
0.000113048
0.000112114
0.000111143
0.000110138
0.000109141
0.000108149
0.000107188
0.000106234
0.000105306
0.000104369
0.000103437
0.000102477
0.000101498
0.000100479
9.94372e-05
9.8354e-05
9.72493e-05
9.61061e-05
9.49443e-05
9.37583e-05
9.25523e-05
9.13225e-05
9.00803e-05
8.88174e-05
8.75485e-05
8.62613e-05
8.4969e-05
8.36563e-05
8.23362e-05
8.09914e-05
7.96378e-05
7.82536e-05
7.68686e-05
7.5449e-05
7.40402e-05
7.259e-05
7.11676e-05
6.96982e-05
6.82689e-05
6.67838e-05
6.5341e-05
6.38254e-05
6.23427e-05
6.07708e-05
5.91804e-05
5.7544e-05
5.56056e-05
5.39287e-05
4.95447e-05
0.000178485
0.000179002
0.000178657
0.000177794
0.000176581
0.000175149
0.000173522
0.000171645
0.000169572
0.000167296
0.000164812
0.000162126
0.000159282
0.000156179
0.000152988
0.000149734
0.000145733
0.000143393
0.000138241
0.000137578
0.00175132
0.00175611
0.00174028
0.00171756
0.00169005
0.0016593
0.00162496
0.00158672
0.00154531
0.00150054
0.00145228
0.00140094
0.00134645
0.00128773
0.00122968
0.00116188
0.00110202
0.00103402
0.000956323
0.000899911
0.00345552
0.00347999
0.00346655
0.00343649
0.00339578
0.00334838
0.00329313
0.00322995
0.00316061
0.00308449
0.0030012
0.00291191
0.00281565
0.00271057
0.00260723
0.002481
0.00237641
0.00224366
0.00210856
0.00199771
0.00486666
0.00490396
0.00489801
0.00486981
0.0048267
0.00477457
0.00470947
0.00463469
0.00455119
0.00445806
0.00435506
0.00424372
0.00412253
0.00398803
0.00385766
0.00369004
0.00356386
0.00337361
0.00322121
0.00305062
0.00601232
0.0060532
0.00605311
0.00602798
0.00598689
0.00593236
0.00586318
0.00578301
0.00569219
0.00559039
0.00547745
0.00535432
0.00521921
0.0050686
0.00492152
0.00472892
0.00459123
0.00435872
0.00420158
0.00397643
0.00693461
0.00696952
0.00697372
0.0069533
0.00691568
0.00686197
0.00679314
0.00671257
0.00661982
0.00651433
0.00639573
0.00626578
0.00612203
0.0059629
0.00580454
0.00560171
0.00545517
0.00519825
0.00503984
0.00476729
0.00767227
0.00770048
0.00770509
0.00768812
0.00765196
0.00760063
0.00753446
0.00745532
0.00736318
0.00725776
0.00713815
0.00700639
0.00685942
0.00669719
0.00653142
0.00632355
0.00617048
0.00590212
0.00574397
0.00543528
0.00825968
0.00828116
0.00828377
0.00826634
0.00823205
0.00818311
0.00811983
0.00804313
0.00795305
0.00784949
0.00773119
0.00760029
0.00745323
0.00729137
0.00712298
0.00691534
0.00675753
0.00648432
0.00632681
0.00599491
0.00872387
0.00873763
0.00873542
0.00871699
0.00868358
0.00863651
0.00857583
0.00850187
0.00841452
0.0083138
0.00819815
0.00806982
0.00792472
0.00776546
0.00759732
0.0073929
0.00723216
0.00696115
0.00680403
0.00645748
0.00908397
0.00908935
0.00908186
0.00906128
0.0090278
0.0089819
0.00892329
0.00885198
0.0087676
0.0086702
0.00855799
0.00843326
0.00829149
0.00813632
0.00797046
0.00777133
0.00760913
0.00734443
0.00718887
0.00683419
0.00935452
0.00935168
0.00933871
0.00931523
0.00928087
0.00923545
0.00917839
0.00910947
0.00902806
0.00893418
0.00882583
0.00870537
0.00856783
0.00841776
0.00825566
0.00806322
0.00790118
0.00764526
0.00749198
0.00713498
0.0095465
0.00953603
0.00951763
0.00949086
0.00945504
0.00940952
0.00935356
0.00928676
0.00920821
0.00911791
0.00901367
0.0088979
0.00876524
0.00862097
0.00846376
0.00827894
0.00811908
0.00787277
0.0077228
0.00736841
0.00966818
0.00965086
0.00962734
0.00959717
0.00955954
0.00951356
0.00945838
0.00939345
0.00931765
0.00923096
0.00913097
0.00902021
0.0088929
0.00875497
0.00860355
0.008427
0.00827122
0.00803492
0.00788921
0.0075414
0.0097257
0.00970246
0.00967431
0.00964088
0.00960135
0.00955475
0.00950015
0.00943697
0.00936385
0.0092808
0.00918522
0.00907972
0.00895817
0.00882703
0.00868215
0.00851441
0.00836409
0.00813844
0.00799802
0.00765949
0.00972367
0.00969547
0.00966335
0.009627
0.00958571
0.00953853
0.0094845
0.00942264
0.00935167
0.00927193
0.00918057
0.00908035
0.00896477
0.00884073
0.00870305
0.00854502
0.008402
0.0081879
0.00805304
0.00772758
0.00966548
0.00963252
0.00959631
0.00955681
0.00951339
0.00946521
0.00941131
0.00935124
0.00928391
0.00920886
0.00912299
0.00902956
0.00892155
0.00880604
0.00867695
0.00852821
0.0083925
0.00819025
0.00806191
0.00775183
0.00954769
0.00951222
0.00947484
0.00943487
0.00939169
0.00934457
0.00929275
0.00923604
0.00917245
0.00910213
0.00902182
0.00893412
0.0088322
0.0087239
0.00860258
0.00846414
0.00833712
0.008148
0.00802692
0.00773461
0.00938391
0.00934758
0.00930979
0.00926983
0.00922721
0.00918137
0.00913137
0.00907603
0.00901471
0.00894784
0.00887203
0.00879061
0.00869616
0.00859647
0.00848431
0.00835684
0.00823934
0.00806434
0.00795126
0.00767897
0.009175
0.00913829
0.00909922
0.0090582
0.00901497
0.00896918
0.0089202
0.00886773
0.00881025
0.00874833
0.0086784
0.00860407
0.00851763
0.00842712
0.00832481
0.00820897
0.00810178
0.00794193
0.00783763
0.0075875
0.00891145
0.00887499
0.00883685
0.00879705
0.00875536
0.00871162
0.0086653
0.0086163
0.00856319
0.00850674
0.00844322
0.0083765
0.00829868
0.00821799
0.00812624
0.0080228
0.00792666
0.00778307
0.00768831
0.00746238
0.00859872
0.00856433
0.00852829
0.00849077
0.0084516
0.0084108
0.00836792
0.00832312
0.00827499
0.00822463
0.0081681
0.00810963
0.00804107
0.00797089
0.00789043
0.00780024
0.00771589
0.00758974
0.00750529
0.00730554
0.008238
0.00820699
0.00817427
0.00814018
0.00810459
0.00806769
0.00802914
0.00798933
0.00794691
0.00790331
0.00785445
0.0078049
0.00774632
0.00768742
0.00761902
0.00754299
0.00747115
0.00736367
0.00729026
0.00711861
0.0078298
0.00780356
0.00777544
0.00774598
0.00771509
0.00768314
0.00764987
0.00761595
0.00758004
0.00754397
0.00750351
0.00746364
0.0074158
0.00736902
0.00731345
0.00725256
0.00719394
0.00710644
0.00704477
0.0069031
0.0073747
0.00735465
0.00733246
0.00730887
0.00728387
0.00725799
0.00723102
0.00720394
0.00717542
0.00714772
0.00711644
0.00708709
0.00705079
0.00701703
0.00697508
0.00693037
0.00688568
0.00681947
0.00677019
0.00666033
0.00687342
0.00686103
0.0068461
0.00682965
0.00681177
0.00679313
0.00677353
0.00675431
0.00673408
0.00671566
0.00669441
0.00667647
0.00665257
0.00663279
0.00660524
0.00657778
0.0065477
0.00650415
0.00646783
0.00639158
0.00614516
0.00614486
0.00614141
0.00613623
0.00612953
0.00612216
0.00611388
0.00610655
0.00609868
0.00609392
0.00608725
0.00608583
0.00607961
0.00607981
0.00607243
0.00606939
0.00605968
0.006048
0.00602964
0.0060005
0.00511825
0.00513657
0.00515105
0.00516365
0.00517442
0.00518443
0.00519323
0.00520371
0.00521401
0.0052291
0.00524317
0.00526515
0.00528309
0.00531069
0.00532984
0.00535975
0.00537696
0.00540783
0.00541201
0.00544814
0.00399258
0.00403092
0.00406597
0.00409994
0.00413031
0.00415986
0.00418776
0.00421872
0.00424989
0.00428799
0.00432557
0.00437407
0.00441775
0.00447468
0.00452066
0.0045854
0.00463077
0.00470517
0.00473716
0.0048364
0.00279288
0.00285867
0.0029188
0.00297741
0.0030206
0.00306904
0.00311736
0.00317233
0.00322769
0.00329266
0.00335678
0.00343407
0.00350254
0.00358818
0.00365917
0.00375969
0.00383382
0.0039508
0.00402598
0.00416658
0.00151636
0.00159082
0.00167382
0.00176313
0.00185454
0.00194849
0.00203394
0.00212435
0.00220804
0.00230242
0.00239185
0.00249018
0.00257188
0.00267774
0.00276953
0.00290601
0.00300747
0.00316332
0.00326338
0.0034668
0.000837058
0.000868379
0.000902899
0.000945381
0.000990996
0.0010484
0.00110404
0.00117506
0.00123949
0.00132813
0.00140168
0.0015187
0.00162786
0.00178406
0.00190582
0.00207611
0.00219428
0.00237128
0.00249132
0.00274265
0.000750406
0.000748298
0.000749792
0.000749649
0.000753983
0.000759314
0.000768957
0.000783099
0.000799196
0.000827501
0.000854507
0.000904189
0.000953902
0.00104603
0.00112914
0.00127165
0.00137844
0.00160052
0.00173965
0.00202655
0.000707328
0.000703359
0.000699697
0.000692014
0.000688164
0.000678359
0.000672967
0.000661604
0.000656977
0.000649479
0.000648013
0.000648337
0.000654857
0.000672697
0.000696204
0.000751913
0.000805577
0.000929585
0.00104085
0.00130807
0.00062111
0.000617009
0.000611205
0.000603588
0.000595381
0.0005858
0.000576424
0.000564569
0.000554974
0.000540925
0.000532664
0.000517532
0.000513416
0.00050091
0.000501554
0.000499387
0.000512596
0.000533537
0.000590915
0.000709803
0.000455326
0.000452602
0.000448576
0.000441834
0.00043464
0.000424095
0.000414831
0.000401603
0.00039205
0.00037572
0.000368199
0.000349966
0.000344484
0.000326528
0.000323946
0.000310011
0.000311854
0.000307693
0.000327368
0.000360088
0.000283021
0.000279783
0.000278423
0.000275486
0.000272692
0.000267647
0.000264042
0.000258204
0.000255035
0.000250484
0.000249052
0.000249032
0.000250943
0.000258612
0.000264368
0.000281822
0.000293456
0.00031937
0.000338782
0.000375937
0.000197844
0.000199131
0.000200538
0.000203048
0.000205653
0.000212004
0.000217106
0.000227502
0.000236959
0.000253056
0.000267854
0.000290404
0.000309866
0.000337411
0.000358741
0.00038848
0.000407766
0.000438186
0.000452418
0.000484939
0.000226577
0.000231361
0.000243716
0.000257027
0.000271361
0.000289803
0.000308584
0.000330733
0.000352385
0.000376143
0.000398333
0.000420606
0.000439291
0.000458691
0.000474515
0.000491769
0.000506154
0.000523282
0.000534893
0.00055234
0.000349531
0.000359232
0.000373449
0.000388145
0.000402693
0.000419432
0.000434791
0.000451467
0.000465115
0.00048026
0.000492126
0.00050169
0.000510666
0.00052178
0.000530622
0.000540169
0.000551143
0.000557951
0.000568943
0.000571278
0.000437589
0.000446883
0.000456082
0.000466813
0.000476367
0.000487239
0.000495928
0.00050468
0.00051107
0.000515842
0.00051732
0.000518597
0.000520788
0.000527954
0.000534078
0.000540721
0.00054838
0.000551322
0.000556484
0.000549353
0.000447987
0.000459268
0.000470326
0.000478857
0.000486088
0.000489891
0.000493089
0.000491909
0.000491639
0.000487043
0.000480572
0.000479128
0.000483304
0.000489611
0.00049824
0.000504464
0.000510107
0.000509786
0.000511656
0.000495036
0.000396674
0.000414352
0.000424691
0.00043281
0.000435946
0.00043333
0.000431076
0.000422296
0.000417673
0.000403373
0.000396048
0.000402577
0.00041221
0.000426216
0.000437882
0.000443632
0.000446738
0.000442672
0.000441645
0.000420001
0.000314288
0.000328995
0.000336061
0.000337175
0.000334025
0.000325584
0.000318186
0.000304872
0.000297788
0.0002769
0.000286713
0.000309406
0.00033368
0.000351649
0.000361899
0.000364436
0.000364316
0.000357835
0.000353011
0.000333023
0.000215458
0.00021656
0.000210635
0.000201291
0.000192056
0.000181639
0.000173225
0.000162984
0.000156147
0.000146056
0.000185045
0.000228541
0.000253476
0.000265642
0.000268319
0.000267464
0.000263195
0.000255847
0.00024984
0.000237628
5.13951e-05
5.17923e-05
5.23699e-05
5.24157e-05
5.2202e-05
5.17767e-05
5.14159e-05
5.08575e-05
5.03616e-05
4.97237e-05
0.000182792
0.000156133
0.000143765
0.000135953
0.000128809
0.000121855
0.000114864
0.000108097
0.000100941
9.71459e-05
)
;

boundaryField
{
    inlet
    {
        type            calculated;
        value           uniform 0.000851986;
    }
    outlet
    {
        type            calculated;
        value           nonuniform List<scalar> 
45
(
0.000137578
0.000899911
0.00199771
0.00305062
0.00397643
0.00476729
0.00543528
0.00599491
0.00645748
0.00683419
0.00713498
0.00736841
0.0075414
0.00765949
0.00772758
0.00775183
0.00773461
0.00767897
0.0075875
0.00746238
0.00730554
0.00711861
0.0069031
0.00666033
0.00639158
0.0060005
0.00544814
0.0048364
0.00416658
0.0034668
0.00274265
0.00202655
0.00130807
0.000709803
0.000360088
0.000375937
0.000484939
0.00055234
0.000571278
0.000549353
0.000495036
0.000420001
0.000333023
0.000237628
9.71459e-05
)
;
    }
    upperWall
    {
        type            nutkWallFunction;
        Cmu             0.09;
        kappa           0.41;
        E               9.8;
        value           nonuniform List<scalar> 
138
(
0
0
0
0
0
0
0
0
0
0
0
0
0
0
0
0
0
0
0
0
0
0
0
0
0
0
0
0
0
0
0
0
0
0
0
0
0
0
0
0
0
0
0
0
0
9.40211e-08
1.00819e-06
1.92819e-06
2.82752e-06
3.71509e-06
4.57208e-06
5.40181e-06
6.18623e-06
6.92544e-06
7.60287e-06
8.21921e-06
8.76135e-06
9.23369e-06
9.62707e-06
9.95088e-06
1.01986e-05
1.03849e-05
1.05033e-05
1.05741e-05
1.05872e-05
1.05704e-05
1.05029e-05
1.0422e-05
1.03135e-05
1.01897e-05
1.00524e-05
9.90971e-06
9.76183e-06
9.61502e-06
9.46867e-06
9.32676e-06
9.18566e-06
9.0483e-06
8.90937e-06
8.77123e-06
8.62851e-06
8.48287e-06
8.33107e-06
8.17572e-06
8.01379e-06
7.84859e-06
7.67713e-06
7.50292e-06
7.32405e-06
7.14298e-06
6.9571e-06
6.76933e-06
6.57788e-06
6.38525e-06
6.18935e-06
5.99221e-06
5.79158e-06
5.58914e-06
5.38259e-06
5.17387e-06
4.96008e-06
4.74522e-06
4.52475e-06
4.30476e-06
4.07811e-06
3.85446e-06
3.62335e-06
3.39706e-06
3.16188e-06
2.93185e-06
2.69015e-06
2.45223e-06
2.19969e-06
1.94298e-06
1.67763e-06
1.36355e-06
1.08607e-06
3.68966e-07
6.57823e-07
7.40387e-07
8.35543e-07
8.42544e-07
8.06648e-07
7.36592e-07
6.77437e-07
5.86233e-07
5.05208e-07
4.01105e-07
0
0
0
0
0
0
0
0
0
0
)
;
    }
    lowerWall
    {
        type            nutkWallFunction;
        Cmu             0.09;
        kappa           0.41;
        E               9.8;
        value           nonuniform List<scalar> 
163
(
0
0
0
0
0
0
0
0
0
0
0
0
0
0
0
0
0
0
0
0
0
0
0
0
0
0
0
0
7.59937e-08
5.18572e-07
7.14956e-07
6.75933e-07
6.46645e-07
4.84581e-07
2.69379e-07
1.30443e-07
8.39548e-08
0
0
0
0
2.22675e-07
3.12055e-06
0
0
0
0
0
0
0
0
0
5.71229e-08
0
5.16239e-08
0
0
4.73471e-07
1.20381e-06
1.90444e-06
2.6573e-06
3.42007e-06
4.18208e-06
4.92921e-06
5.66009e-06
6.37154e-06
7.06395e-06
7.73806e-06
8.39552e-06
9.03808e-06
9.66759e-06
1.02858e-05
1.08941e-05
1.1494e-05
1.20863e-05
1.26719e-05
1.32513e-05
1.38248e-05
1.43924e-05
1.49541e-05
1.55097e-05
1.60588e-05
1.66009e-05
1.71353e-05
1.76616e-05
1.81788e-05
1.86864e-05
1.91835e-05
1.96693e-05
2.0143e-05
2.06037e-05
2.10506e-05
2.14828e-05
2.18992e-05
2.22988e-05
2.26802e-05
2.30419e-05
2.33824e-05
2.37012e-05
2.40024e-05
2.42843e-05
2.45462e-05
2.4788e-05
2.50092e-05
2.52092e-05
2.53876e-05
2.55441e-05
2.56783e-05
2.57898e-05
2.58786e-05
2.59443e-05
2.59871e-05
2.60069e-05
2.60041e-05
2.5979e-05
2.59318e-05
2.58603e-05
2.57619e-05
2.56474e-05
2.55191e-05
2.53644e-05
2.51904e-05
2.49974e-05
2.47863e-05
2.45582e-05
2.4314e-05
2.40546e-05
2.37811e-05
2.34945e-05
2.31959e-05
2.28865e-05
2.25674e-05
2.22398e-05
2.1905e-05
2.15643e-05
2.12196e-05
2.08817e-05
2.06491e-05
2.04444e-05
2.0247e-05
2.0027e-05
1.98294e-05
1.92176e-05
1.94844e-05
1.95533e-05
1.95033e-05
1.9381e-05
1.92095e-05
1.90093e-05
1.87786e-05
1.8516e-05
1.82245e-05
1.7905e-05
1.75571e-05
1.71811e-05
1.67832e-05
1.63493e-05
1.59023e-05
1.54476e-05
1.48843e-05
1.45577e-05
1.3827e-05
1.37346e-05
)
;
    }
    frontAndBack
    {
        type            empty;
    }
}


// ************************************************************************* //
