/*--------------------------------*- C++ -*----------------------------------*\
| =========                 |                                                 |
| \\      /  F ield         | OpenFOAM: The Open Source CFD Toolbox           |
|  \\    /   O peration     | Version:  5.x                                   |
|   \\  /    A nd           | Web:      www.OpenFOAM.org                      |
|    \\/     M anipulation  |                                                 |
\*---------------------------------------------------------------------------*/
FoamFile
{
    version     2.0;
    format      ascii;
    class       volScalarField;
    location    "284";
    object      p;
}
// * * * * * * * * * * * * * * * * * * * * * * * * * * * * * * * * * * * * * //

dimensions      [0 2 -2 0 0 0 0];

internalField   nonuniform List<scalar> 
5760
(
-21.3489
-24.3814
-26.2824
-26.8662
-27.1443
-27.4207
-27.6497
-27.8157
-27.9459
-28.061
-28.1653
-28.2606
-28.3477
-28.429
-28.5068
-28.5684
-28.6578
-28.5775
-26.7905
-28.0972
-28.3514
-28.1128
-27.9639
-27.9706
-28.0246
-28.0768
-28.1299
-28.1893
-28.2529
-28.3171
-28.381
-28.444
-28.5081
-28.5706
-28.6445
-28.7473
-27.3065
-26.9994
-26.9946
-27.1108
-27.2699
-27.4574
-27.6344
-27.7803
-27.9028
-28.0126
-28.114
-28.2073
-28.2944
-28.3761
-28.456
-28.5334
-28.6222
-28.7132
-27.1482
-26.8475
-27.097
-27.4086
-27.5865
-27.7154
-27.8375
-27.9451
-28.0374
-28.1218
-28.2024
-28.2792
-28.3527
-28.4235
-28.4936
-28.5632
-28.637
-28.7076
-27.1384
-27.0536
-27.2669
-27.484
-27.5928
-27.6817
-27.7885
-27.895
-27.9908
-28.0789
-28.163
-28.2434
-28.3201
-28.3937
-28.4653
-28.5354
-28.6052
-28.6714
-27.2071
-27.2031
-27.325
-27.4788
-27.5921
-27.695
-27.8061
-27.9135
-28.0094
-28.0964
-28.1785
-28.2568
-28.3312
-28.4024
-28.471
-28.5371
-28.6009
-28.6602
-27.2838
-27.2974
-27.3789
-27.5081
-27.6259
-27.7278
-27.8273
-27.924
-28.0136
-28.0967
-28.1757
-28.2513
-28.3236
-28.3927
-28.4588
-28.522
-28.582
-28.6374
-27.3584
-27.378
-27.445
-27.5522
-27.6586
-27.7522
-27.8425
-27.9327
-28.0193
-28.1007
-28.178
-28.2518
-28.3223
-28.3894
-28.4532
-28.5136
-28.5705
-28.6228
-27.4283
-27.4498
-27.5074
-27.5952
-27.6883
-27.7755
-27.8607
-27.9457
-28.0282
-28.1064
-28.1807
-28.2517
-28.3195
-28.3842
-28.4456
-28.5036
-28.5582
-28.6086
-27.5023
-27.5229
-27.5716
-27.6433
-27.7237
-27.8038
-27.8829
-27.9615
-28.0385
-28.1126
-28.1835
-28.2514
-28.3162
-28.378
-28.4365
-28.4917
-28.5438
-28.5924
-27.5854
-27.6031
-27.643
-27.701
-27.7685
-27.8391
-27.9103
-27.9818
-28.0529
-28.1226
-28.1904
-28.2558
-28.3187
-28.379
-28.4363
-28.4905
-28.5415
-28.5889
-27.6662
-27.6805
-27.7128
-27.76
-27.8165
-27.8775
-27.9403
-28.0031
-28.0651
-28.1255
-28.1839
-28.2403
-28.2948
-28.3473
-28.398
-28.4471
-28.4945
-28.5406
-27.7211
-27.7329
-27.7599
-27.8004
-27.8506
-27.9081
-27.9715
-28.0393
-28.109
-28.1786
-28.2463
-28.3112
-28.3727
-28.4307
-28.485
-28.5353
-28.5819
-28.6247
-27.7066
-27.7165
-27.7417
-27.7851
-27.8369
-27.8845
-27.9248
-27.9623
-28.0013
-28.0431
-28.0875
-28.134
-28.1822
-28.2318
-28.2825
-28.3341
-28.3864
-28.4393
-27.6625
-27.6692
-27.6797
-27.7207
-27.7967
-27.892
-27.9908
-28.0836
-28.1668
-28.2404
-28.3061
-28.3655
-28.4194
-28.4687
-28.5138
-28.5549
-28.592
-28.625
-27.6055
-27.6029
-27.6486
-27.696
-27.7039
-27.7034
-27.73
-27.7841
-27.8504
-27.9196
-27.9893
-28.0587
-28.1269
-28.1929
-28.2563
-28.3174
-28.3769
-28.4354
-27.5982
-27.3592
-27.484
-27.7904
-28.005
-28.1049
-28.1614
-28.2101
-28.2543
-28.2939
-28.3314
-28.3689
-28.4067
-28.4446
-28.4823
-28.5194
-28.5549
-28.5877
-27.8625
-27.2463
-26.9333
-26.9689
-27.1437
-27.3361
-27.509
-27.6566
-27.7825
-27.8923
-27.9897
-28.0766
-28.1549
-28.2263
-28.2923
-28.3548
-28.4147
-28.4731
-27.7049
-28.588
-28.721
-28.4444
-28.2295
-28.1673
-28.1714
-28.1856
-28.2049
-28.234
-28.2708
-28.3109
-28.3518
-28.3928
-28.4341
-28.4771
-28.5239
-28.5925
-22.8609
-24.9642
-26.5791
-27.1275
-27.3203
-27.5169
-27.7029
-27.8384
-27.9387
-28.0252
-28.1046
-28.1766
-28.2414
-28.2998
-28.352
-28.396
-28.4278
-28.4343
-30.3386
-30.3382
-30.3429
-30.3527
-30.3647
-30.3777
-30.3917
-30.4065
-30.4214
-30.4393
-30.4607
-30.4856
-30.5238
-30.5774
-30.6247
-30.6812
-30.7573
-30.8489
-30.9585
-31.0868
-31.2332
-31.3965
-31.5746
-31.7654
-31.9663
-32.175
-32.3893
-32.6072
-32.8269
-33.0466
-33.2647
-33.4795
-33.689
-33.8914
-34.0845
-34.2657
-34.4325
-34.5818
-34.7106
-34.8152
-34.892
-34.9371
-34.9463
-34.9154
-34.8402
-34.7164
-34.5396
-34.3056
-34.0104
-33.6499
-33.2207
-32.7192
-32.1425
-31.4883
-30.7553
-29.9422
-29.0453
-28.0623
-26.9941
-25.8418
-24.606
-23.2883
-21.8906
-20.4154
-18.8657
-17.2454
-15.5588
-13.8106
-12.0062
-10.1513
-8.25214
-6.31496
-4.346
-2.35191
-0.340292
1.68228
3.71036
5.73759
7.75734
9.76365
11.7509
13.7139
15.6478
17.5484
19.4116
21.234
23.0125
24.7446
26.428
28.0611
29.6424
31.1705
32.6448
34.0646
35.4299
36.7334
37.9855
39.1569
40.3366
41.3592
-30.3412
-30.3427
-30.3473
-30.3548
-30.3633
-30.3723
-30.3819
-30.3922
-30.404
-30.4179
-30.4348
-30.4587
-30.4879
-30.5185
-30.5626
-30.6282
-30.7034
-30.794
-30.9033
-31.0316
-31.1782
-31.3414
-31.5192
-31.7089
-31.9081
-32.1147
-32.3265
-32.5417
-32.7586
-32.9756
-33.1912
-33.4037
-33.6114
-33.8123
-34.0043
-34.1849
-34.3516
-34.5014
-34.6312
-34.7373
-34.8163
-34.8641
-34.8766
-34.8497
-34.7792
-34.6606
-34.4896
-34.2622
-33.9741
-33.6216
-33.2009
-32.7086
-32.1419
-31.4979
-30.774
-29.9674
-29.0774
-28.1042
-27.0472
-25.9063
-24.682
-23.3757
-21.9893
-20.5251
-18.9863
-17.3764
-15.6997
-13.961
-12.1654
-10.3186
-8.42681
-6.49629
-4.53323
-2.54412
-0.536695
1.48237
3.50769
5.53301
7.55164
9.55761
11.5452
13.5093
15.445
17.3478
19.2139
21.0396
22.8218
24.558
26.2459
27.8835
29.4695
31.0025
32.482
33.906
35.2737
36.5782
37.8339
39.007
40.203
41.2274
-30.3384
-30.3432
-30.3482
-30.354
-30.3598
-30.3651
-30.3701
-30.375
-30.3819
-30.3914
-30.4048
-30.4255
-30.4531
-30.4848
-30.5282
-30.5917
-30.6705
-30.7664
-30.8799
-31.0107
-31.1575
-31.319
-31.4931
-31.6779
-31.8715
-32.0719
-32.2774
-32.4865
-32.6976
-32.9092
-33.1199
-33.3281
-33.5319
-33.7295
-33.9188
-34.0974
-34.2626
-34.4116
-34.5411
-34.6478
-34.7279
-34.7777
-34.7929
-34.7695
-34.7031
-34.5896
-34.4245
-34.2037
-33.9231
-33.5788
-33.167
-32.6845
-32.1281
-31.4951
-30.7828
-29.9886
-29.1113
-28.1512
-27.1076
-25.9805
-24.7703
-23.4781
-22.1058
-20.6557
-19.1308
-17.5346
-15.8712
-14.1452
-12.3619
-10.5267
-8.64566
-6.7252
-4.7714
-2.79067
-0.790706
1.2218
3.2414
5.26182
7.2765
9.27942
11.2649
13.2276
15.1627
17.0658
18.9327
20.7599
22.5442
24.2828
25.9734
27.6141
29.2032
30.7392
32.2213
33.6478
35.0203
36.3295
37.5947
38.771
39.994
40.9974
-30.3252
-30.3343
-30.3411
-30.3468
-30.3513
-30.3545
-30.3571
-30.3597
-30.3644
-30.3727
-30.386
-30.407
-30.4371
-30.4765
-30.5281
-30.5954
-30.6788
-30.7785
-30.8943
-31.0254
-31.1707
-31.3289
-31.4985
-31.6779
-31.8655
-32.0599
-32.2594
-32.4628
-32.6686
-32.8754
-33.0818
-33.2862
-33.4868
-33.6819
-33.8691
-34.0462
-34.2104
-34.359
-34.4887
-34.5962
-34.6776
-34.7292
-34.7468
-34.7264
-34.6636
-34.5541
-34.3937
-34.1782
-33.9033
-33.5652
-33.1602
-32.6848
-32.1359
-31.5107
-30.8066
-30.0214
-29.1539
-28.2036
-27.1701
-26.0532
-24.8534
-23.5717
-22.21
-20.7704
-19.2558
-17.6698
-16.0163
-14.2999
-12.5257
-10.6992
-8.82635
-6.91348
-4.96661
-2.99232
-0.998236
1.00924
3.02454
5.04115
7.05269
9.05315
11.0368
12.9983
14.9328
16.8358
18.7032
20.5313
22.3168
24.0571
25.7496
27.3923
28.9835
30.5218
32.0063
33.4349
34.8104
36.1224
37.3941
38.57
39.8084
40.7713
-30.3011
-30.3158
-30.3267
-30.3338
-30.3385
-30.3416
-30.3441
-30.3474
-30.3533
-30.3637
-30.3804
-30.4055
-30.4405
-30.4869
-30.5462
-30.6199
-30.7082
-30.8113
-30.9288
-31.0599
-31.2038
-31.3593
-31.5251
-31.7001
-31.8829
-32.0723
-32.267
-32.4657
-32.6672
-32.8702
-33.0732
-33.2747
-33.473
-33.6661
-33.852
-34.0281
-34.1919
-34.3405
-34.4707
-34.579
-34.6616
-34.7149
-34.7345
-34.7165
-34.6564
-34.55
-34.393
-34.1811
-33.9102
-33.5764
-33.1759
-32.7053
-32.1613
-31.5413
-30.8427
-30.0635
-29.2023
-28.2584
-27.2314
-26.121
-24.9278
-23.6529
-22.2978
-20.8648
-19.3567
-17.7771
-16.1298
-14.4195
-12.651
-10.83
-8.96219
-7.05403
-5.1114
-3.14123
-1.15098
0.853386
2.86607
4.88034
6.88994
8.88888
10.8714
12.8323
14.7665
16.6696
18.5373
20.3662
22.1527
23.8942
25.588
27.2323
28.8253
30.3653
31.8516
33.2816
34.6583
35.9709
37.2457
38.4181
39.6621
40.5784
-30.2694
-30.2906
-30.3074
-30.3177
-30.3242
-30.3286
-30.3328
-30.3386
-30.3479
-30.3626
-30.3846
-30.4155
-30.4569
-30.5099
-30.5757
-30.655
-30.7477
-30.8539
-30.9729
-31.1042
-31.2469
-31.4002
-31.563
-31.7344
-31.9134
-32.0988
-32.2896
-32.4846
-32.6828
-32.8828
-33.0833
-33.2827
-33.4793
-33.6712
-33.8563
-34.0321
-34.196
-34.345
-34.4759
-34.5852
-34.6691
-34.7239
-34.7453
-34.7292
-34.6713
-34.5672
-34.4127
-34.2034
-33.9352
-33.6042
-33.2067
-32.7392
-32.1985
-31.5818
-30.8868
-30.1113
-29.254
-28.3141
-27.2911
-26.1848
-24.9957
-23.7248
-22.3738
-20.9449
-19.4408
-17.8651
-16.2217
-14.5151
-12.7503
-10.9326
-9.06809
-7.16283
-5.2229
-3.25554
-1.26796
0.734318
2.74519
4.7578
6.76596
8.76372
10.7453
12.7056
14.6394
16.5423
18.4102
20.2393
22.0264
23.7685
25.4632
27.1085
28.7024
30.2435
31.7308
33.1614
34.5388
35.8512
37.1274
38.295
39.541
40.4108
-30.2364
-30.2643
-30.2877
-30.3024
-30.3116
-30.3184
-30.3254
-30.3348
-30.3485
-30.3685
-30.3964
-30.4337
-30.4815
-30.5407
-30.6122
-30.696
-30.7924
-30.9008
-31.021
-31.1523
-31.2941
-31.4457
-31.6062
-31.7749
-31.9509
-32.1333
-32.3213
-32.5137
-32.7095
-32.9074
-33.1062
-33.3043
-33.5
-33.6914
-33.8764
-34.0524
-34.2167
-34.3665
-34.4984
-34.6089
-34.6942
-34.7504
-34.7734
-34.7589
-34.7026
-34.6001
-34.4472
-34.2396
-33.9731
-33.6438
-33.248
-32.7822
-32.2432
-31.6284
-30.9352
-30.1618
-29.3067
-28.369
-27.3482
-26.2441
-25.0572
-23.7886
-22.4399
-21.0132
-19.5116
-17.9382
-16.2971
-14.5927
-12.8301
-11.0145
-9.15203
-7.24858
-5.31046
-3.34518
-1.35955
0.641141
2.65055
4.66178
6.66865
8.66524
10.6459
12.6053
14.5384
16.4409
18.3084
20.1374
21.9245
23.6667
25.3617
27.0073
28.6016
30.1431
31.6308
33.0618
34.4395
35.7515
37.0282
38.1904
39.4369
40.2626
-30.2088
-30.2421
-30.2719
-30.2911
-30.3035
-30.313
-30.3231
-30.3365
-30.355
-30.3803
-30.4139
-30.4571
-30.5106
-30.5752
-30.6513
-30.7389
-30.838
-30.9482
-31.0693
-31.2006
-31.3417
-31.492
-31.6509
-31.8177
-31.9917
-32.1721
-32.3581
-32.5488
-32.7432
-32.94
-33.1379
-33.3355
-33.5311
-33.7226
-33.908
-34.0847
-34.25
-34.4008
-34.5339
-34.6456
-34.7323
-34.7898
-34.814
-34.8007
-34.7455
-34.644
-34.492
-34.2852
-34.0194
-33.6907
-33.2955
-32.8301
-32.2917
-31.6774
-30.9848
-30.212
-29.3576
-28.4207
-27.4006
-26.2972
-25.1112
-23.8435
-22.4958
-21.0702
-19.5696
-17.9973
-16.3573
-14.6542
-12.8928
-11.0785
-9.21718
-7.3148
-5.37793
-3.4142
-1.43002
0.569378
2.57754
4.58753
6.59314
8.58852
10.568
12.5264
14.4586
16.3603
18.2272
20.0556
21.8422
23.5842
25.2789
26.9244
28.5187
30.0601
31.5479
32.9788
34.3566
35.6679
36.9444
38.1008
39.3467
40.1315
-30.1905
-30.2265
-30.2613
-30.2843
-30.2999
-30.3124
-30.3259
-30.3432
-30.3662
-30.3965
-30.4352
-30.4833
-30.5416
-30.6104
-30.6901
-30.7805
-30.8817
-30.9933
-31.1149
-31.2463
-31.3869
-31.5364
-31.6942
-31.8598
-32.0326
-32.2119
-32.397
-32.5869
-32.7807
-32.9772
-33.1751
-33.3729
-33.569
-33.7612
-33.9475
-34.1253
-34.2918
-34.4439
-34.5782
-34.6912
-34.7789
-34.8374
-34.8625
-34.8498
-34.7951
-34.694
-34.5421
-34.3352
-34.0691
-33.7401
-33.3443
-32.8785
-32.3395
-31.7245
-31.0314
-30.2582
-29.4033
-28.466
-27.4455
-26.342
-25.1557
-23.8879
-22.5402
-21.1147
-19.6143
-18.0423
-16.4028
-14.7001
-12.9393
-11.1257
-9.2651
-7.36341
-5.42749
-3.46496
-1.48198
0.516217
2.52318
4.53192
6.53617
8.53019
10.5084
12.4655
14.3966
16.2972
18.1631
19.9906
21.7765
23.5177
25.2119
26.8569
28.4508
29.992
31.4795
32.9102
34.2877
35.5981
36.8738
38.0243
39.2685
40.0165
-30.1827
-30.2189
-30.2557
-30.2815
-30.3001
-30.3159
-30.3329
-30.3539
-30.3809
-30.4153
-30.4582
-30.5103
-30.5722
-30.6442
-30.7263
-30.8187
-30.9212
-31.0336
-31.1557
-31.2871
-31.4276
-31.5766
-31.734
-31.8991
-32.0714
-32.2505
-32.4354
-32.6253
-32.8193
-33.0162
-33.2148
-33.4135
-33.6105
-33.8039
-33.9914
-34.1705
-34.3383
-34.4916
-34.627
-34.7409
-34.8294
-34.8884
-34.9137
-34.9011
-34.8462
-34.7445
-34.5919
-34.384
-34.1169
-33.7866
-33.3894
-32.9221
-32.3816
-31.7652
-31.0706
-30.296
-29.4398
-28.5013
-27.4797
-26.3751
-25.188
-23.9195
-22.5711
-21.1452
-19.6444
-18.0723
-16.4327
-14.7302
-12.9696
-11.1565
-9.29639
-7.39533
-5.46029
-3.49879
-1.51703
0.479864
2.48551
4.49279
6.49548
8.48793
10.4646
12.4202
14.3498
16.249
18.1136
19.9399
21.7246
23.4649
25.1581
26.8023
28.3956
29.9362
31.4233
32.8536
34.2307
35.54
36.8143
37.9591
39.2004
39.916
-30.1872
-30.2183
-30.2523
-30.2815
-30.3035
-30.3225
-30.3429
-30.3673
-30.3977
-30.4354
-30.4814
-30.5363
-30.6005
-30.6744
-30.7581
-30.8516
-30.9549
-31.0678
-31.1901
-31.3217
-31.4621
-31.6112
-31.7686
-31.9338
-32.1064
-32.2857
-32.4711
-32.6617
-32.8566
-33.0546
-33.2543
-33.4542
-33.6526
-33.8472
-34.0361
-34.2163
-34.3852
-34.5394
-34.6755
-34.7898
-34.8784
-34.9372
-34.9621
-34.9486
-34.8926
-34.7896
-34.6353
-34.4257
-34.1566
-33.8241
-33.4248
-32.9552
-32.4125
-31.7939
-31.0972
-30.3206
-29.4626
-28.5223
-27.4992
-26.3931
-25.2047
-23.9351
-22.5858
-21.1592
-19.6579
-18.0855
-16.4458
-14.7433
-12.983
-11.1704
-9.31095
-7.41076
-5.4768
-3.51645
-1.53609
0.459274
2.46332
4.46874
6.46951
8.46001
10.4347
12.3884
14.3161
16.2135
18.0764
19.9012
21.6845
23.4234
25.1155
26.7587
28.3512
29.891
31.3775
32.8072
34.1837
35.4919
36.7644
37.9039
39.141
39.8293
-30.1924
-30.2232
-30.255
-30.2853
-30.3101
-30.332
-30.3552
-30.3823
-30.4152
-30.4551
-30.5029
-30.5594
-30.6249
-30.6998
-30.7842
-30.8782
-30.9818
-31.0949
-31.2173
-31.349
-31.4896
-31.639
-31.7969
-31.9627
-32.1359
-32.316
-32.5024
-32.6942
-32.8904
-33.0898
-33.2909
-33.4921
-33.6916
-33.8873
-34.0771
-34.2581
-34.4275
-34.5819
-34.7179
-34.8317
-34.9195
-34.9772
-35.0006
-34.9854
-34.9273
-34.822
-34.6653
-34.453
-34.1812
-33.846
-33.4438
-32.9714
-32.426
-31.8048
-31.1057
-30.3267
-29.4666
-28.5243
-27.4994
-26.3919
-25.2022
-23.9315
-22.5814
-21.1541
-19.6524
-18.0798
-16.4402
-14.7381
-12.9784
-11.1665
-9.30807
-7.40921
-5.47671
-3.51785
-1.53926
0.454185
2.4561
4.45907
6.45742
8.44548
10.4177
12.369
14.2945
16.1897
18.0505
19.8733
21.6547
23.3921
25.0828
26.7247
28.3161
29.8551
31.3409
32.77
34.1457
35.4528
36.7232
37.8577
39.0893
39.7552
-30.2011
-30.2344
-30.2655
-30.2949
-30.3205
-30.3441
-30.3689
-30.3976
-30.4318
-30.4728
-30.5215
-30.5785
-30.6444
-30.7194
-30.8038
-30.8977
-31.0011
-31.1141
-31.2366
-31.3685
-31.5095
-31.6594
-31.8178
-31.9843
-32.1585
-32.3397
-32.5274
-32.7205
-32.918
-33.1186
-33.3207
-33.5227
-33.7227
-33.9188
-34.1087
-34.2895
-34.4583
-34.6118
-34.7465
-34.8587
-34.9445
-35
-35.0208
-35.0029
-34.9418
-34.8335
-34.6736
-34.4581
-34.183
-33.8446
-33.4392
-32.9639
-32.4156
-31.7917
-31.09
-30.3088
-29.4467
-28.5026
-27.4762
-26.3673
-25.1766
-23.9051
-22.5545
-21.1269
-19.6253
-18.053
-16.414
-14.7126
-12.9541
-11.1435
-9.28679
-7.39001
-5.45953
-3.50278
-1.52657
0.464424
2.46346
4.46328
6.45859
8.44362
10.4129
12.3612
14.2838
16.1763
18.0346
19.855
21.6343
23.3697
25.0587
26.6992
28.2894
29.8274
31.3124
32.7409
34.116
35.422
36.6899
37.8202
39.0449
39.6937
-30.2178
-30.2514
-30.2815
-30.3087
-30.3337
-30.3574
-30.3826
-30.4117
-30.4463
-30.4874
-30.536
-30.5928
-30.6581
-30.7325
-30.8162
-30.9095
-31.0124
-31.125
-31.2473
-31.3792
-31.5204
-31.6707
-31.8296
-31.9969
-32.172
-32.3543
-32.5428
-32.7365
-32.9344
-33.1351
-33.3372
-33.5388
-33.7382
-33.9333
-34.1219
-34.3012
-34.468
-34.6192
-34.7513
-34.8606
-34.9433
-34.9954
-35.0129
-34.9914
-34.9268
-34.8148
-34.6514
-34.4324
-34.1539
-33.8121
-33.4037
-32.9254
-32.3744
-31.7481
-31.0443
-30.2611
-29.3974
-28.452
-27.4245
-26.3149
-25.1237
-23.8522
-22.5017
-21.0746
-19.5738
-18.0026
-16.3649
-14.6652
-12.9086
-11.1003
-9.24623
-7.35238
-5.42457
-3.47085
-1.49783
0.490004
2.48525
4.48114
6.47266
8.45396
10.4195
12.3643
14.2835
16.1728
18.028
19.8457
21.6225
23.3556
25.0426
26.6815
28.2703
29.8074
31.2916
32.7195
34.0938
35.3989
36.6642
37.791
39.0074
39.6443
-30.2422
-30.273
-30.3007
-30.3252
-30.3483
-30.371
-30.3957
-30.4244
-30.4584
-30.4988
-30.5465
-30.602
-30.6659
-30.7388
-30.821
-30.9128
-31.0145
-31.126
-31.2474
-31.3785
-31.5192
-31.6691
-31.828
-31.9952
-32.1703
-32.3521
-32.5399
-32.7327
-32.9292
-33.1281
-33.3281
-33.5276
-33.7247
-33.9174
-34.1031
-34.2791
-34.4424
-34.5898
-34.7179
-34.8231
-34.9017
-34.9497
-34.963
-34.9375
-34.869
-34.7533
-34.5862
-34.3638
-34.0821
-33.7374
-33.3264
-32.8458
-32.2928
-31.6647
-30.9594
-30.1752
-29.3107
-28.3649
-27.3374
-26.228
-25.0375
-23.7669
-22.4177
-20.9922
-19.4933
-17.9244
-16.2893
-14.5925
-12.839
-11.0343
-9.18429
-7.2943
-5.37022
-3.42093
-1.45214
0.531479
2.52178
4.51278
6.49959
8.47627
10.4374
12.3778
14.2929
16.1783
18.03
19.8443
21.6182
23.3488
25.0336
26.6707
28.2581
29.7942
31.2777
32.7052
34.0789
35.3833
36.6459
37.7701
38.9768
39.6068
-30.2694
-30.2968
-30.3207
-30.3415
-30.3618
-30.3828
-30.4062
-30.4336
-30.4663
-30.505
-30.5505
-30.6037
-30.6651
-30.7353
-30.8147
-30.9038
-31.0027
-31.1117
-31.2307
-31.3597
-31.4985
-31.6465
-31.8032
-31.9683
-32.1408
-32.3197
-32.5043
-32.6936
-32.8864
-33.0813
-33.2771
-33.4725
-33.6657
-33.8543
-34.0356
-34.2068
-34.3653
-34.5079
-34.6313
-34.7319
-34.806
-34.8497
-34.859
-34.8297
-34.7577
-34.6387
-34.4688
-34.2437
-33.9597
-33.6131
-33.2005
-32.7185
-32.1645
-31.5358
-30.8304
-30.0464
-29.1824
-28.2375
-27.2112
-26.1035
-24.915
-23.6468
-22.3002
-20.8777
-19.3821
-17.8168
-16.1856
-14.4931
-12.7443
-10.9446
-9.09981
-7.21468
-5.29585
-3.35231
-1.38876
0.589404
2.57365
4.55886
6.54
8.51118
10.467
12.4024
14.3127
16.1936
18.0411
19.8517
21.6223
23.3499
25.0323
26.6674
28.2534
29.7885
31.2714
32.6986
34.0719
35.3759
36.6359
37.7583
38.954
39.5826
-30.2959
-30.3196
-30.3385
-30.3553
-30.3726
-30.3916
-30.4132
-30.4387
-30.4692
-30.5053
-30.5474
-30.5968
-30.654
-30.7195
-30.7938
-30.8779
-30.9719
-31.0759
-31.1903
-31.3151
-31.4498
-31.5934
-31.7457
-31.9063
-32.0741
-32.2482
-32.4276
-32.6117
-32.7992
-32.9889
-33.1799
-33.3707
-33.5593
-33.7428
-33.919
-34.0853
-34.2389
-34.3769
-34.4958
-34.5924
-34.6627
-34.7029
-34.7091
-34.677
-34.6024
-34.4812
-34.3094
-34.0829
-33.7977
-33.4502
-33.037
-32.5549
-32.001
-31.3729
-30.6684
-29.8857
-29.0234
-28.0806
-27.0566
-25.9516
-24.7663
-23.5017
-22.1589
-20.7405
-19.2493
-17.6886
-16.0624
-14.3753
-12.6322
-10.8384
-8.99941
-7.12004
-5.20767
-3.27064
-1.31299
0.65874
2.63622
4.61502
6.58989
8.55499
10.505
12.4348
14.3399
16.2159
18.059
19.8656
21.6326
23.3572
25.0372
26.6703
28.255
29.7892
31.2717
32.699
34.0722
35.3762
36.634
37.7557
38.9392
39.5726
-30.3229
-30.3409
-30.3541
-30.367
-30.3814
-30.3986
-30.4183
-30.4409
-30.4681
-30.4998
-30.5359
-30.5786
-30.6284
-30.6856
-30.7518
-30.8283
-30.9156
-31.013
-31.1214
-31.241
-31.3706
-31.5088
-31.6552
-31.8098
-31.9717
-32.1397
-32.3127
-32.4905
-32.6725
-32.8574
-33.0438
-33.2299
-33.4132
-33.5916
-33.7628
-33.9244
-34.0737
-34.2076
-34.3229
-34.416
-34.4832
-34.5207
-34.5243
-34.4901
-34.4137
-34.2911
-34.1181
-33.8908
-33.6051
-33.2574
-32.8444
-32.3628
-31.8099
-31.1831
-30.4803
-29.6997
-28.84
-27.9001
-26.8794
-25.7779
-24.5966
-23.3363
-21.9981
-20.5846
-19.0989
-17.5437
-15.9235
-14.2427
-12.506
-10.7186
-8.88624
-7.01354
-5.10852
-3.17861
-1.22745
0.737041
2.70719
4.67906
6.64714
8.60568
10.5494
12.4733
14.3727
16.2436
18.082
19.8844
21.6477
23.3693
25.0468
26.6782
28.2617
29.7954
31.2779
32.7057
34.0793
35.3841
36.64
37.7622
38.9326
39.5775
-30.3525
-30.3573
-30.3669
-30.3767
-30.3889
-30.4051
-30.4223
-30.4401
-30.4613
-30.4847
-30.5102
-30.5423
-30.5821
-30.6298
-30.6875
-30.7576
-30.8393
-30.931
-31.0329
-31.146
-31.269
-31.4004
-31.5395
-31.6861
-31.8405
-32.0024
-32.1705
-32.3433
-32.5204
-32.7008
-32.8826
-33.0636
-33.2421
-33.4158
-33.5827
-33.7403
-33.8857
-34.016
-34.1279
-34.2178
-34.2822
-34.3172
-34.3186
-34.2823
-34.2043
-34.0803
-33.9063
-33.6781
-33.3921
-33.0444
-32.6317
-32.151
-31.5995
-30.9744
-30.2737
-29.4955
-28.6386
-27.7021
-26.685
-25.5877
-24.4108
-23.1552
-21.8222
-20.4143
-18.9345
-17.3857
-15.7722
-14.0982
-12.3683
-10.5882
-8.76319
-6.89791
-5.00095
-3.07863
-1.13457
0.8221
2.78457
4.74909
6.70999
8.6616
10.5987
12.5163
14.4099
16.2754
18.1089
19.907
21.6667
23.3853
25.0604
26.6902
28.2729
29.8065
31.2895
32.7185
34.0932
35.3995
36.6543
37.7785
38.9349
39.5981
-30.383
-30.3717
-30.3775
-30.3855
-30.3961
-30.4119
-30.4245
-30.4326
-30.4436
-30.4549
-30.4679
-30.4918
-30.5259
-30.5676
-30.6183
-30.6807
-30.7543
-30.8369
-30.9285
-31.0304
-31.1432
-31.2674
-31.4016
-31.5434
-31.6929
-31.8503
-32.0147
-32.1842
-32.3574
-32.5334
-32.7108
-32.8877
-33.0621
-33.2319
-33.3949
-33.5487
-33.6904
-33.8171
-33.9255
-34.0122
-34.0735
-34.1056
-34.1043
-34.0657
-33.9856
-33.8598
-33.6843
-33.455
-33.1682
-32.8205
-32.408
-31.9279
-31.3773
-30.7538
-30.055
-29.2792
-28.4251
-27.4918
-26.4786
-25.3856
-24.2133
-22.9627
-21.6356
-20.2337
-18.7602
-17.2183
-15.6117
-13.9448
-12.2223
-10.4499
-8.63268
-6.77543
-4.887
-2.97262
-1.0363
0.912075
2.8665
4.82331
6.77673
8.72115
10.6514
12.5625
14.4501
16.3101
18.1387
19.9325
21.6886
23.4043
25.0773
26.7058
28.288
29.822
31.3062
32.7371
34.1138
35.4227
36.6772
37.8051
38.9473
39.6349
-30.4134
-30.3882
-30.3867
-30.3939
-30.4027
-30.4165
-30.4189
-30.4132
-30.4178
-30.4256
-30.4314
-30.4473
-30.4713
-30.4984
-30.5315
-30.5743
-30.6319
-30.7052
-30.7918
-30.8889
-30.9971
-31.1182
-31.2509
-31.392
-31.5404
-31.6954
-31.8565
-32.0231
-32.1935
-32.3665
-32.5407
-32.7142
-32.8851
-33.0512
-33.2105
-33.3604
-33.4984
-33.6213
-33.7261
-33.8092
-33.867
-33.8956
-33.891
-33.8493
-33.7665
-33.6384
-33.4607
-33.2297
-32.9416
-32.5928
-32.18
-31.6999
-31.1498
-30.5271
-29.8298
-29.0561
-28.2046
-27.2745
-26.2652
-25.1766
-24.0088
-22.7631
-21.4417
-20.0461
-18.5791
-17.0441
-15.4448
-13.7856
-12.071
-10.3067
-8.49761
-6.64888
-4.76923
-2.86295
-0.934923
1.00486
2.95105
4.89988
6.84562
8.78269
10.7059
12.6105
14.492
16.3465
18.1702
19.9598
21.7124
23.4254
25.0967
26.7243
28.3065
29.8415
31.3277
32.7613
34.141
35.4538
36.7093
37.8425
38.9708
39.6883
-30.4516
-30.4051
-30.3889
-30.3945
-30.3982
-30.4136
-30.4179
-30.4084
-30.4057
-30.3984
-30.3733
-30.3536
-30.3439
-30.3512
-30.3759
-30.4127
-30.4666
-30.54
-30.6299
-30.7313
-30.8429
-30.9649
-31.0971
-31.238
-31.3862
-31.5406
-31.7008
-31.866
-32.0348
-32.2057
-32.3775
-32.5481
-32.7158
-32.8786
-33.0344
-33.1807
-33.315
-33.4341
-33.5351
-33.6145
-33.6684
-33.6931
-33.6848
-33.6395
-33.5531
-33.4218
-33.2412
-33.0076
-32.7174
-32.3669
-31.9529
-31.4722
-30.922
-30.2998
-29.6034
-28.8311
-27.9818
-27.0543
-26.0486
-24.9641
-23.8009
-22.5602
-21.2445
-19.8552
-18.3947
-16.8668
-15.275
-13.6237
-11.9173
-10.1613
-8.36057
-6.52073
-4.64996
-2.75185
-0.832499
1.09858
3.03651
4.97726
6.91519
8.8448
10.7609
12.6589
14.5343
16.3833
18.2022
19.9877
21.737
23.4477
25.1175
26.7448
28.3277
29.8645
31.3534
32.791
34.1749
35.4929
36.751
37.8914
39.0068
39.7589
-30.5102
-30.3915
-30.3612
-30.3862
-30.4101
-30.4398
-30.4204
-30.3555
-30.2863
-30.2254
-30.1696
-30.1342
-30.1169
-30.1287
-30.1674
-30.2204
-30.2849
-30.3639
-30.4577
-30.5637
-30.6804
-30.8063
-30.9413
-31.0844
-31.2336
-31.3888
-31.5492
-31.7142
-31.8822
-32.0519
-32.2218
-32.3902
-32.5553
-32.7153
-32.8681
-33.0112
-33.1421
-33.2577
-33.3548
-33.4301
-33.48
-33.5006
-33.4882
-33.4388
-33.3484
-33.213
-33.0288
-32.792
-32.4991
-32.1463
-31.7304
-31.2484
-30.6975
-30.0752
-29.3794
-28.6082
-27.7606
-26.8355
-25.8327
-24.7519
-23.5931
-22.3575
-21.0474
-19.6642
-18.2103
-16.6895
-15.1051
-13.4616
-11.7633
-10.0158
-8.22357
-6.39286
-4.53097
-2.64114
-0.730725
1.19156
3.1212
5.05379
6.98387
8.90597
10.815
12.7063
14.5757
16.4193
18.2335
20.0152
21.7615
23.4702
25.1391
26.7665
28.3508
29.8903
31.3831
32.8258
34.2154
35.5404
36.8028
37.9525
39.0567
39.847
-30.6
-30.4262
-30.3767
-30.4003
-30.3462
-30.2722
-30.1529
-30.0301
-29.9305
-29.8705
-29.8516
-29.8499
-29.8631
-29.8947
-29.947
-30.0145
-30.0906
-30.1798
-30.2825
-30.3961
-30.5189
-30.6498
-30.7885
-30.9343
-31.0858
-31.2426
-31.4039
-31.5691
-31.7367
-31.9056
-32.0741
-32.2406
-32.4036
-32.5614
-32.7117
-32.8521
-32.9799
-33.092
-33.1854
-33.2566
-33.3022
-33.3186
-33.3018
-33.248
-33.1534
-33.0139
-32.8259
-32.5856
-32.2894
-31.9338
-31.5156
-31.0318
-30.4797
-29.8567
-29.161
-28.3907
-27.5445
-26.6213
-25.621
-24.5435
-23.3887
-22.1579
-20.853
-19.4757
-18.0283
-16.5144
-14.9374
-13.3016
-11.6115
-9.87244
-8.08904
-6.26762
-4.41451
-2.5331
-0.631713
1.28179
3.20309
5.12754
7.04974
8.96436
10.8663
12.7512
14.6146
16.453
18.2627
20.0408
21.7845
23.4917
25.1602
26.7885
28.375
29.9181
31.416
32.8652
34.2622
35.596
36.865
38.0263
39.1216
39.9529
-30.8986
-30.3071
-30.1144
-30.0168
-29.8242
-29.6394
-29.5562
-29.5401
-29.5184
-29.5174
-29.5506
-29.5801
-29.6198
-29.6742
-29.7433
-29.8248
-29.9135
-30.0134
-30.125
-30.2453
-30.3732
-30.5079
-30.6495
-30.7973
-30.9505
-31.1085
-31.2699
-31.4346
-31.6015
-31.7696
-31.9367
-32.1013
-32.2624
-32.4182
-32.5663
-32.7042
-32.829
-32.9378
-33.0275
-33.0948
-33.1361
-33.1481
-33.1268
-33.0685
-32.9695
-32.826
-32.6341
-32.3901
-32.0904
-31.7318
-31.311
-30.8251
-30.2715
-29.6475
-28.9514
-28.1814
-27.3361
-26.4145
-25.4165
-24.3419
-23.1909
-21.9645
-20.6646
-19.293
-17.852
-16.3449
-14.7753
-13.1473
-11.4653
-9.73473
-7.96037
-6.14837
-4.30397
-2.43113
-0.538668
1.36618
3.27915
5.19549
7.1099
9.01714
10.9122
12.7907
14.6485
16.4819
18.2875
20.0624
21.804
23.5102
25.179
26.809
28.3987
29.9465
31.4509
32.9083
34.3145
35.6592
36.9371
38.1126
39.202
40.0756
-29.0799
-28.4694
-28.349
-28.3887
-28.5198
-28.6489
-28.8473
-29.0134
-29.0894
-29.1602
-29.2511
-29.3286
-29.4026
-29.4827
-29.5697
-29.6643
-29.7656
-29.8743
-29.9906
-30.1132
-30.2419
-30.377
-30.5183
-30.6654
-30.8178
-30.9742
-31.1335
-31.2958
-31.4605
-31.6263
-31.7909
-31.9529
-32.1112
-32.2641
-32.4089
-32.5428
-32.6632
-32.7671
-32.8515
-32.9132
-32.9487
-32.9546
-32.9273
-32.8629
-32.758
-32.6088
-32.4113
-32.1621
-31.8577
-31.4947
-31.07
-30.5808
-30.0244
-29.3985
-28.7011
-27.9305
-27.0856
-26.1652
-25.1692
-24.0976
-22.9506
-21.7292
-20.4351
-19.0702
-17.6368
-16.138
-14.5773
-12.9589
-11.2872
-9.56727
-7.80448
-6.00445
-4.17105
-2.30926
-0.427944
1.4661
3.36851
5.27461
7.17919
9.07716
10.9637
12.8343
14.6852
16.5128
18.3138
20.0853
21.8249
23.5309
25.2013
26.835
28.4305
29.9866
31.5019
32.9729
34.3944
35.7573
37.0513
38.2496
39.3384
40.265
-28.9548
-28.8552
-28.8762
-28.9482
-29.0311
-29.0573
-29.0846
-29.0912
-29.0691
-29.0704
-29.1024
-29.1417
-29.1903
-29.2548
-29.3348
-29.4292
-29.5356
-29.6517
-29.7764
-29.9091
-30.0491
-30.1954
-30.3472
-30.5032
-30.6618
-30.8226
-30.9852
-31.149
-31.313
-31.4766
-31.6391
-31.7996
-31.9552
-32.1031
-32.2413
-32.3679
-32.4804
-32.5762
-32.6523
-32.7057
-32.7331
-32.7309
-32.6956
-32.6234
-32.511
-32.3545
-32.1501
-31.8943
-31.5838
-31.2152
-30.7855
-30.2921
-29.7323
-29.1037
-28.4044
-27.6331
-26.7884
-25.8694
-24.876
-23.8082
-22.6664
-21.4513
-20.1647
-18.8082
-17.3844
-15.8961
-14.3469
-12.7407
-11.0821
-9.37582
-7.62768
-5.84278
-4.02369
-2.17609
-0.308479
1.5725
3.46212
5.35572
7.24829
9.13504
11.0112
12.8728
14.7158
16.537
18.3333
20.102
21.8408
23.5484
25.2231
26.8639
28.4698
30.04
31.5737
33.0669
34.5138
35.9062
37.2296
38.4634
39.5669
40.5514
-28.8369
-28.8723
-28.8396
-28.8261
-28.8454
-28.865
-28.903
-28.955
-29.0044
-29.0604
-29.1265
-29.1928
-29.2587
-29.3289
-29.4053
-29.488
-29.5756
-29.6693
-29.7705
-29.8796
-29.9963
-30.1203
-30.2511
-30.388
-30.5295
-30.6761
-30.8277
-30.9823
-31.1386
-31.2957
-31.4532
-31.6092
-31.7606
-31.9045
-32.039
-32.162
-32.2708
-32.3625
-32.4341
-32.4825
-32.5043
-32.4963
-32.455
-32.3767
-32.2579
-32.095
-31.8845
-31.6231
-31.3073
-30.9339
-30.5
-30.0033
-29.4411
-28.8108
-28.1108
-27.3398
-26.4968
-25.5809
-24.592
-23.5297
-22.3945
-21.1871
-19.9091
-18.5624
-17.1493
-15.6728
-14.1364
-12.5437
-10.8994
-9.20789
-7.47492
-5.70545
-3.90191
-2.0697
-0.216307
1.65161
3.52863
5.40992
7.29066
9.16638
11.0327
12.8858
14.7218
16.5376
18.3303
20.0978
21.838
23.5497
25.2315
26.8831
28.5033
30.0925
31.6497
33.1711
34.6514
36.0822
37.4462
38.7249
39.8588
40.8971
-28.7927
-28.8383
-28.8237
-28.8321
-28.8793
-28.9353
-28.992
-29.0485
-29.0947
-29.1352
-29.1798
-29.2286
-29.2814
-29.3409
-29.4096
-29.4877
-29.5746
-29.6708
-29.776
-29.8893
-30.0096
-30.1358
-30.267
-30.4023
-30.5405
-30.6812
-30.824
-30.9674
-31.1105
-31.2526
-31.3925
-31.5288
-31.6599
-31.7845
-31.9007
-32.0061
-32.0983
-32.1744
-32.2315
-32.2666
-32.2764
-32.2574
-32.2063
-32.1196
-31.9931
-31.8234
-31.6071
-31.3408
-31.0211
-30.6447
-30.2088
-29.7106
-29.1475
-28.5177
-27.8193
-27.051
-26.2114
-25.3001
-24.3166
-23.2609
-22.1334
-20.9349
-19.6669
-18.3314
-16.9307
-15.4676
-13.9454
-12.3678
-10.739
-9.06347
-7.34633
-5.59248
-3.8052
-1.98947
-0.151915
1.70104
3.56392
5.43192
7.30038
9.16495
11.0216
12.8666
14.6964
16.5079
18.2985
20.0666
21.8103
23.5285
25.2205
26.8861
28.5252
30.1379
31.723
33.2794
34.8024
36.2821
37.7001
39.035
40.2181
41.3032
-28.7437
-28.7939
-28.8113
-28.8356
-28.8791
-28.9263
-28.9703
-29.014
-29.0558
-29.0988
-29.1486
-29.2055
-29.2675
-29.3353
-29.4101
-29.4922
-29.5811
-29.6767
-29.7787
-29.8865
-29.9998
-30.118
-30.2406
-30.3671
-30.4968
-30.6292
-30.7637
-30.8995
-31.0355
-31.1706
-31.3038
-31.4337
-31.5587
-31.6769
-31.7861
-31.8837
-31.9672
-32.0338
-32.0808
-32.1051
-32.1038
-32.0734
-32.0108
-31.9125
-31.7749
-31.5946
-31.3684
-31.0929
-30.7649
-30.3814
-29.9395
-29.4362
-28.8695
-28.2376
-27.5385
-26.7708
-25.9332
-25.0251
-24.0463
-22.9967
-21.8768
-20.6875
-19.4302
-18.1067
-16.7192
-15.2704
-13.7635
-12.202
-10.5898
-8.93131
-7.23112
-5.49394
-3.72367
-1.92522
-0.104768
1.73177
3.5793
5.43318
7.28894
9.1423
10.9895
12.8268
14.6509
16.4591
18.2491
20.0192
21.7681
23.4948
25.1993
26.8819
28.5434
30.1839
31.803
33.4008
34.974
36.513
37.9987
39.4046
40.6578
41.7788
-28.721
-28.7714
-28.8041
-28.8352
-28.8759
-28.922
-28.9688
-29.0169
-29.0657
-29.1159
-29.1697
-29.2278
-29.2896
-29.3559
-29.428
-29.5064
-29.5913
-29.6823
-29.7796
-29.8828
-29.9914
-30.105
-30.2228
-30.3441
-30.4683
-30.5945
-30.7222
-30.8503
-30.9779
-31.1037
-31.2267
-31.3455
-31.4586
-31.5641
-31.6601
-31.7442
-31.8143
-31.8677
-31.9017
-31.9134
-31.8999
-31.8579
-31.7842
-31.6756
-31.5284
-31.3393
-31.1052
-30.8226
-30.4883
-30.0995
-29.6533
-29.1469
-28.5782
-27.9453
-27.2464
-26.48
-25.6451
-24.741
-23.7675
-22.7246
-21.6126
-20.4326
-19.1857
-17.8738
-16.4991
-15.0641
-13.572
-12.026
-10.4299
-8.78798
-7.10455
-5.38409
-3.6308
-1.84945
-0.0456178
1.77524
3.60818
5.44862
7.29222
9.13488
10.9729
12.8029
14.6217
16.4269
18.2165
19.9888
21.7432
23.4789
25.1967
26.8973
28.5823
30.253
31.9104
33.5549
35.1847
36.7914
38.3562
39.8474
41.1914
42.3478
-28.6945
-28.7464
-28.7881
-28.8268
-28.8701
-28.9177
-28.9665
-29.0157
-29.0655
-29.1165
-29.1704
-29.2283
-29.2904
-29.3572
-29.4294
-29.5074
-29.5911
-29.6804
-29.7751
-29.8748
-29.9792
-30.0876
-30.1996
-30.3144
-30.4315
-30.5501
-30.6695
-30.789
-30.9075
-31.0239
-31.1372
-31.246
-31.3489
-31.4439
-31.5293
-31.6028
-31.6621
-31.7047
-31.7279
-31.7288
-31.7045
-31.6519
-31.5678
-31.4489
-31.292
-31.0938
-30.8509
-30.5603
-30.2189
-29.8238
-29.3722
-28.8615
-28.2897
-27.6548
-26.9551
-26.1891
-25.3559
-24.4548
-23.4854
-22.448
-21.3428
-20.1707
-18.9331
-17.6316
-16.2684
-14.846
-13.3672
-11.8353
-10.254
-8.62717
-6.95906
-5.25394
-3.51611
-1.75018
0.0386923
1.84538
3.66508
5.49335
7.32598
9.15906
10.989
12.8126
14.6269
16.4297
18.2191
19.994
21.7539
23.4987
25.2295
26.9479
28.6562
30.3568
32.0522
33.7444
35.4333
37.1122
38.7638
40.3516
41.802
43.0208
-28.677
-28.7293
-28.7757
-28.8197
-28.8655
-28.9139
-28.9634
-29.0136
-29.0649
-29.118
-29.1739
-29.2332
-29.2964
-29.3636
-29.4353
-29.5118
-29.5932
-29.6793
-29.7701
-29.8653
-29.9645
-30.0673
-30.1732
-30.2815
-30.3916
-30.5029
-30.6146
-30.7258
-30.8356
-30.9429
-31.0467
-31.1455
-31.238
-31.3225
-31.3969
-31.4594
-31.5075
-31.5389
-31.551
-31.5409
-31.5059
-31.4429
-31.3488
-31.2205
-31.0547
-30.8483
-30.5979
-30.3006
-29.9534
-29.5533
-29.0978
-28.5843
-28.0106
-27.3748
-26.6753
-25.9108
-25.0801
-24.1827
-23.2182
-22.1868
-21.0888
-19.9251
-18.697
-17.4061
-16.0544
-14.6443
-13.1786
-11.6604
-10.0933
-8.48093
-6.82736
-5.13676
-3.41336
-1.66166
0.113501
1.90727
3.71504
5.53246
7.35548
9.18029
11.0035
12.8219
14.6329
16.4344
18.2248
20.0032
21.7695
23.5242
25.2687
27.0054
28.7373
30.4683
32.2023
33.9434
35.6936
37.4487
39.1954
40.8932
42.4715
43.7891
-28.6613
-28.7139
-28.7631
-28.8107
-28.8589
-28.9086
-28.9593
-29.011
-29.0639
-29.1186
-29.1756
-29.2356
-29.2989
-29.3657
-29.4364
-29.5113
-29.5904
-29.6737
-29.761
-29.8521
-29.9467
-30.0442
-30.1443
-30.2462
-30.3495
-30.4533
-30.5571
-30.6599
-30.761
-30.8591
-30.9534
-31.0424
-31.1248
-31.199
-31.2632
-31.3152
-31.353
-31.3742
-31.3761
-31.3562
-31.3117
-31.2394
-31.1366
-30.9999
-30.8263
-30.6126
-30.3557
-30.0526
-29.7003
-29.2961
-28.8372
-28.3213
-27.7463
-27.1101
-26.4113
-25.6484
-24.8205
-23.9269
-22.9674
-21.942
-20.8512
-19.6958
-18.4769
-17.1962
-15.8556
-14.4574
-13.0043
-11.4992
-9.94556
-8.3469
-6.70709
-5.03017
-3.32031
-1.58185
0.180591
1.96241
3.75915
5.5666
7.38079
9.19808
11.0151
12.829
14.6372
16.4377
18.2294
20.0115
21.7842
23.5485
25.3063
27.0607
28.8158
30.5766
32.3489
34.1389
35.9519
37.7875
39.6382
41.4618
43.1985
44.6512
-28.6442
-28.6972
-28.7482
-28.7984
-28.8488
-28.9
-28.952
-29.0051
-29.0594
-29.1153
-29.1733
-29.2338
-29.2972
-29.3637
-29.4334
-29.5067
-29.5834
-29.6636
-29.7471
-29.8337
-29.923
-30.0147
-30.1083
-30.2032
-30.2988
-30.3946
-30.4899
-30.5837
-30.6753
-30.7638
-30.8479
-30.9267
-30.9986
-31.0623
-31.1158
-31.1572
-31.1845
-31.1954
-31.1872
-31.1576
-31.1035
-31.0223
-30.9109
-30.7663
-30.5853
-30.365
-30.1021
-29.7939
-29.4373
-29.0296
-28.5682
-28.0508
-27.4751
-26.8394
-26.142
-25.3816
-24.5573
-23.6683
-22.7145
-21.6959
-20.6129
-19.4664
-18.2574
-16.9874
-15.6584
-14.2724
-12.8322
-11.3404
-9.8003
-8.21535
-6.58926
-4.9259
-3.22935
-1.50381
0.246289
2.01658
3.8027
5.60062
7.40643
9.21663
11.0279
12.8376
14.6432
16.4431
18.2361
20.0218
21.8007
23.5743
25.345
27.1166
28.894
30.6837
32.4935
34.332
36.2089
38.1282
40.0925
42.0586
43.9926
45.6108
-28.6389
-28.6922
-28.7448
-28.797
-28.8494
-28.9022
-28.9556
-29.01
-29.0654
-29.1223
-29.1808
-29.2413
-29.3041
-29.3692
-29.437
-29.5073
-29.5804
-29.656
-29.7342
-29.8146
-29.8969
-29.9809
-30.0662
-30.1521
-30.2382
-30.3238
-30.4084
-30.4911
-30.5711
-30.6477
-30.7198
-30.7864
-30.8462
-30.8977
-30.9392
-30.9689
-30.9847
-30.9845
-30.9658
-30.926
-30.8625
-30.7725
-30.6529
-30.5008
-30.3131
-30.0868
-29.8189
-29.5065
-29.1466
-28.7365
-28.2738
-27.756
-27.181
-26.547
-25.8524
-25.0959
-24.2765
-23.3935
-22.4468
-21.4364
-20.3627
-19.2264
-18.0286
-16.7707
-15.4545
-14.082
-12.6556
-11.1781
-9.65246
-8.08194
-6.47014
-4.82079
-3.13786
-1.42539
0.312334
2.07113
3.84676
5.6353
7.43292
9.23622
11.042
12.8476
14.6508
16.45
18.2441
20.0332
21.818
23.6002
25.3828
27.1703
28.9685
30.7852
32.6301
34.5147
36.4532
38.4553
40.5377
42.6575
44.8284
46.6199
-28.5906
-28.6429
-28.6949
-28.7476
-28.8012
-28.8556
-28.9108
-28.967
-29.0243
-29.0829
-29.1428
-29.2044
-29.2675
-29.3325
-29.3992
-29.4678
-29.5381
-29.6102
-29.6837
-29.7586
-29.8345
-29.9111
-29.988
-30.0648
-30.141
-30.216
-30.2892
-30.3601
-30.4278
-30.4916
-30.5509
-30.6048
-30.6522
-30.6916
-30.7213
-30.7395
-30.7442
-30.7334
-30.7046
-30.6554
-30.5832
-30.4852
-30.3585
-30.2001
-30.0071
-29.7763
-29.5048
-29.1897
-28.8281
-28.4173
-27.9548
-27.4383
-26.8657
-26.235
-25.5448
-24.7937
-23.9808
-23.1054
-22.1673
-21.1665
-20.1034
-18.9788
-17.7936
-16.5491
-15.2469
-13.889
-12.4776
-11.0152
-9.50467
-7.94917
-6.35211
-4.71707
-3.04792
-1.34856
0.376852
2.12429
3.88962
5.66899
7.45866
9.25525
11.0557
12.8573
14.6581
16.4565
18.2516
20.0436
21.8335
23.6232
25.4163
27.2177
29.0342
30.8744
32.7503
34.6754
36.6694
38.747
40.9413
43.2128
45.6389
47.5944
-28.6694
-28.7198
-28.7711
-28.8225
-28.8739
-28.9257
-28.9781
-29.0313
-29.0851
-29.1398
-29.1954
-29.2519
-29.3095
-29.3681
-29.4277
-29.4883
-29.5499
-29.6122
-29.6752
-29.7386
-29.8021
-29.8656
-29.9285
-29.9906
-30.0513
-30.1103
-30.1671
-30.221
-30.2715
-30.3179
-30.3597
-30.3968
-30.4284
-30.4533
-30.47
-30.4765
-30.4708
-30.4505
-30.4132
-30.3564
-30.2773
-30.1731
-30.041
-29.8779
-29.681
-29.447
-29.1731
-28.8564
-28.4941
-28.0835
-27.622
-27.1075
-26.5378
-25.9111
-25.2258
-24.4807
-23.6748
-22.8075
-21.8786
-20.8882
-19.8367
-18.7247
-17.553
-16.323
-15.036
-13.6938
-12.2983
-10.852
-9.35757
-7.8179
-6.23624
-4.61612
-2.96115
-1.27528
0.437684
2.17362
3.92871
5.69894
7.48087
9.27092
11.0663
12.8643
14.663
16.4607
18.2571
20.0519
21.8468
23.6436
25.4466
27.2607
29.0939
30.9554
32.859
34.8202
36.8628
39.0069
41.2989
43.7069
46.3706
48.4983
-28.4986
-28.5594
-28.619
-28.6793
-28.7403
-28.8016
-28.8629
-28.9243
-28.9859
-29.0477
-29.1097
-29.1718
-29.2339
-29.2962
-29.3584
-29.4204
-29.4823
-29.5437
-29.6045
-29.6644
-29.7233
-29.7808
-29.8366
-29.8904
-29.9419
-29.9906
-30.036
-30.0777
-30.1151
-30.1491
-30.1804
-30.2081
-30.2298
-30.2439
-30.2499
-30.2469
-30.2333
-30.2068
-30.1649
-30.1049
-30.0238
-29.9186
-29.7863
-29.6236
-29.4274
-29.1946
-28.9221
-28.607
-28.2464
-27.8377
-27.3785
-26.8664
-26.2995
-25.6759
-24.9942
-24.2532
-23.4521
-22.5902
-21.6676
-20.6844
-19.641
-18.538
-17.3764
-16.1572
-14.8816
-13.5514
-12.1682
-10.7343
-9.25207
-7.72454
-6.15462
-4.54585
-2.90163
-1.22586
0.47779
2.20531
3.9529
5.71668
7.49308
9.27881
11.0709
12.8669
14.6647
16.463
18.2612
20.0597
21.8596
23.6637
25.4758
27.3021
29.15
31.0304
32.9571
34.948
37.0282
39.2232
41.5877
44.1007
46.9605
49.2869
-28.6574
-28.6991
-28.744
-28.7907
-28.8391
-28.8893
-28.9405
-28.9925
-29.0452
-29.0985
-29.1524
-29.2068
-29.2615
-29.3164
-29.3716
-29.4267
-29.4815
-29.5359
-29.5896
-29.6422
-29.6933
-29.7427
-29.79
-29.8349
-29.8773
-29.9168
-29.9533
-29.9843
-30.006
-30.0219
-30.0406
-30.0637
-30.086
-30.1027
-30.1113
-30.1101
-30.0972
-30.0708
-30.0286
-29.9681
-29.8865
-29.7809
-29.6482
-29.4852
-29.2889
-29.0559
-28.7834
-28.4684
-28.108
-27.6997
-27.241
-26.7297
-26.1637
-25.5415
-24.8614
-24.1224
-23.3236
-22.4647
-21.5455
-20.5665
-19.528
-18.4307
-17.2752
-16.0628
-14.7944
-13.4715
-12.0956
-10.6691
-9.19414
-7.67359
-6.11037
-4.50789
-2.86962
-1.19927
0.499423
2.22268
3.96652
5.72731
7.50119
9.28531
11.0762
12.8723
14.6705
16.4708
18.2713
20.0739
21.8781
23.6887
25.5071
27.3421
29.1986
31.0903
33.029
35.0361
37.1364
39.3607
41.7712
44.356
47.3771
49.9205
-28.5006
-28.5634
-28.6226
-28.6821
-28.7428
-28.8039
-28.8651
-28.9265
-28.988
-29.0494
-29.1103
-29.1707
-29.2305
-29.2897
-29.348
-29.4054
-29.4616
-29.5165
-29.5698
-29.6211
-29.6701
-29.7165
-29.7599
-29.8001
-29.8373
-29.8708
-29.9022
-29.9303
-29.9465
-29.9527
-29.9565
-29.9594
-29.9627
-29.9677
-29.9721
-29.9715
-29.962
-29.9408
-29.905
-29.8515
-29.7771
-29.6786
-29.5525
-29.3957
-29.2048
-28.9767
-28.7082
-28.3965
-28.0387
-27.6324
-27.175
-26.6646
-26.0993
-25.4772
-24.7971
-24.058
-23.259
-22.3999
-21.481
-20.5027
-19.4656
-18.3703
-17.2176
-16.0084
-14.7437
-13.4247
-12.053
-10.6303
-9.1593
-7.64231
-6.08258
-4.48304
-2.84759
-1.17939
0.517341
2.23948
3.98233
5.74299
7.51663
9.30133
11.0925
12.8894
14.6878
16.4889
18.2893
20.0926
21.8963
23.7077
25.5265
27.3633
29.2223
31.1186
33.0638
35.0802
37.1944
39.4374
41.8799
44.5131
47.6638
50.4165
-28.6185
-28.6587
-28.7059
-28.7593
-28.8141
-28.8671
-28.9189
-28.9713
-29.0243
-29.0779
-29.1317
-29.1857
-29.2399
-29.294
-29.3478
-29.4011
-29.4535
-29.5047
-29.5543
-29.6018
-29.6466
-29.6882
-29.7263
-29.7609
-29.7938
-29.8242
-29.8518
-29.8517
-29.8376
-29.8626
-29.9094
-29.9393
-29.9488
-29.9499
-29.9473
-29.939
-29.9223
-29.8949
-29.8542
-29.7972
-29.7204
-29.6204
-29.4938
-29.3371
-29.1468
-28.9196
-28.6523
-28.342
-27.9858
-27.5811
-27.1254
-26.6167
-26.0529
-25.4323
-24.7535
-24.0154
-23.2175
-22.3591
-21.4407
-20.4629
-19.4264
-18.3316
-17.1797
-15.9712
-14.7074
-13.3892
-12.0184
-10.5964
-9.12622
-7.60981
-6.051
-4.45222
-2.81806
-1.15106
0.543799
2.26421
4.00447
5.76282
7.53324
9.31526
11.1029
12.8974
14.6926
16.492
18.2901
20.0929
21.8959
23.7083
25.528
27.3674
29.229
31.1293
33.0793
35.1016
37.2242
39.4771
41.9386
44.6007
47.8448
50.7921
-28.5251
-28.5562
-28.5998
-28.6636
-28.7334
-28.8008
-28.8662
-28.9306
-28.9941
-29.0561
-29.1169
-29.1765
-29.2352
-29.2929
-29.3496
-29.4051
-29.4592
-29.5118
-29.5622
-29.6101
-29.6547
-29.6952
-29.7307
-29.761
-29.7897
-29.8247
-29.9114
-29.8953
-29.743
-29.6729
-29.6945
-29.7378
-29.7747
-29.8042
-29.8264
-29.8397
-29.8422
-29.8318
-29.806
-29.7618
-29.696
-29.6052
-29.486
-29.3349
-29.1485
-28.9236
-28.6573
-28.3466
-27.9888
-27.5815
-27.1226
-26.6101
-26.042
-25.4169
-24.7335
-23.9906
-23.1883
-22.3263
-21.4052
-20.4253
-19.3877
-18.2927
-17.1414
-15.9341
-14.6719
-13.3557
-11.9874
-10.5682
-9.10097
-7.58763
-6.03196
-4.43639
-2.80544
-1.14148
0.550571
2.26853
4.00654
5.76306
7.53179
9.31266
11.0992
12.893
14.6878
16.4875
18.2856
20.089
21.8922
23.7053
25.5254
27.3657
29.228
31.1295
33.081
35.1053
37.2314
39.4891
41.9603
44.6396
47.9427
51.0676
-28.6444
-28.6654
-28.7011
-28.7503
-28.7997
-28.8481
-28.8987
-28.952
-29.0063
-29.061
-29.1155
-29.1701
-29.2243
-29.278
-29.3308
-29.3828
-29.4332
-29.4822
-29.5289
-29.5732
-29.6137
-29.6498
-29.6798
-29.7004
-29.7168
-29.7067
-29.872
-30.061
-30.0212
-29.9353
-29.8644
-29.8231
-29.8055
-29.7981
-29.7926
-29.7854
-29.7739
-29.7545
-29.7234
-29.677
-29.6114
-29.5227
-29.4071
-29.2607
-29.0798
-28.8609
-28.6006
-28.2959
-27.9441
-27.5424
-27.0886
-26.5808
-26.017
-25.3957
-24.7156
-23.9755
-23.1752
-22.3148
-21.3954
-20.4175
-19.3819
-18.289
-17.14
-15.935
-14.6751
-13.3609
-11.9942
-10.5764
-9.11047
-7.5981
-6.04286
-4.44755
-2.81676
-1.15303
0.539053
2.25718
3.99546
5.75223
7.52123
9.30225
11.0889
12.8824
14.677
16.4766
18.2746
20.0778
21.8806
23.6938
25.5139
27.3546
29.2172
31.1194
33.0716
35.0967
37.224
39.4834
41.9576
44.6446
47.9747
51.2417
-28.4419
-28.4944
-28.5971
-28.6971
-28.7756
-28.842
-28.9059
-28.9692
-29.0313
-29.0919
-29.1517
-29.2107
-29.2693
-29.3271
-29.3841
-29.4398
-29.4944
-29.5468
-29.5973
-29.6444
-29.6882
-29.7263
-29.7567
-29.7768
-29.7618
-29.736
-29.4086
-29.1739
-29.409
-29.6078
-29.6726
-29.6999
-29.7313
-29.761
-29.7828
-29.7962
-29.8008
-29.7938
-29.772
-29.732
-29.6704
-29.5838
-29.4687
-29.3214
-29.1387
-28.9173
-28.6542
-28.3466
-27.9918
-27.5873
-27.131
-26.6208
-26.0549
-25.4316
-24.7497
-24.0078
-23.2048
-22.3412
-21.4186
-20.4378
-19.3998
-18.305
-17.1546
-15.9492
-14.6894
-13.3755
-12.0091
-10.5919
-9.12649
-7.6147
-6.05969
-4.46461
-2.83402
-1.1707
0.521238
2.23923
3.97771
5.7346
7.50407
9.28541
11.0727
12.8666
14.6619
16.4619
18.2605
20.0641
21.8676
23.681
25.5016
27.3426
29.2057
31.1081
33.0605
35.0858
37.213
39.4725
41.9466
44.6361
47.97
51.3082
42.7091
43.2121
43.6633
44.1092
44.437
44.6278
44.6693
44.5257
44.1588
43.5271
42.5788
41.2715
39.5183
37.3159
34.4167
31.1354
26.322
22.3123
12.7208
11.9226
42.4899
42.952
43.4129
43.8535
44.1718
44.3557
44.3901
44.2394
43.8661
43.2286
42.2753
40.9643
39.2073
37.0036
34.0998
30.8215
25.9963
22.0002
12.3616
11.6243
42.1696
42.5645
43.0379
43.4707
43.7782
43.9556
43.9834
43.8264
43.4476
42.8059
41.8492
40.537
38.7776
36.5779
33.6672
30.4063
25.55
21.616
11.8512
11.3373
41.9047
42.2429
42.7202
43.1388
43.433
43.6017
43.6208
43.4551
43.0686
42.4203
41.4574
40.1413
38.3763
36.1783
33.256
30.0131
25.1156
21.2589
11.343
11.1231
41.7059
42.0013
42.4784
42.8819
43.1628
43.3219
43.331
43.1555
42.7598
42.103
41.1317
39.8093
38.0361
35.8365
32.9007
29.671
24.7332
20.9471
10.8976
10.9683
41.546
41.806
42.2821
42.6727
42.9414
43.091
43.09
42.9045
42.4992
41.8333
40.8531
39.5234
37.7413
35.5383
32.5895
29.3689
24.3959
20.6699
10.5141
10.8489
41.4118
41.6403
42.1157
42.4956
42.7534
42.8938
42.883
42.6876
42.2727
41.5975
40.6082
39.2707
37.4797
35.2724
32.3116
29.0976
24.0951
20.4199
10.183
10.7512
41.2983
41.4986
41.9726
42.344
42.5919
42.7234
42.7032
42.4982
42.0737
41.3892
40.3908
39.0453
37.2454
35.0331
32.0614
28.8521
23.826
20.193
9.89827
10.6668
41.2016
41.3766
41.8486
42.2132
42.4519
42.575
42.5458
42.3314
41.8975
41.2038
40.1963
38.8426
37.0342
34.8164
31.8349
28.6285
23.5843
19.9853
9.65497
10.5894
41.1185
41.271
41.7399
42.0991
42.3293
42.4444
42.4064
42.1829
41.7397
41.0368
40.0204
38.6585
36.8419
34.6184
31.6286
28.4233
23.3668
19.7934
9.44844
10.5139
41.0463
41.1792
41.6441
41.9988
42.2211
42.3283
42.2818
42.0492
41.5969
40.8849
39.8595
38.4895
36.6652
34.4357
31.439
28.2332
23.17
19.6143
9.27457
10.4359
40.983
41.0994
41.5592
41.9101
42.1248
42.2243
42.1694
41.9277
41.4662
40.7452
39.7111
38.3329
36.5012
34.2657
31.2637
28.0558
22.9912
19.4456
9.13003
10.3525
40.9276
41.0306
41.4841
41.8317
42.039
42.1306
42.0673
41.8166
41.3459
40.6156
39.5729
38.1866
36.348
34.1062
31.1003
27.8889
22.8282
19.2851
9.01185
10.2609
40.8791
40.972
41.4183
41.7626
41.9625
42.0461
41.9743
41.7143
41.2343
40.4948
39.4434
38.0489
36.2039
33.9558
30.9475
27.7312
22.6794
19.1312
8.91775
10.1597
40.8373
40.9237
41.3615
41.7024
41.8949
41.9702
41.8895
41.6201
41.1304
40.3815
39.3214
37.9187
36.0675
33.813
30.8037
27.5811
22.5432
18.9825
8.84555
10.0471
40.8011
40.8855
41.3139
41.6508
41.8357
41.9022
41.8124
41.533
41.0333
40.2746
39.2057
37.7948
35.9377
33.6766
30.6678
27.4377
22.4185
18.8379
8.79343
9.92215
40.7688
40.858
41.2758
41.6079
41.7847
41.8417
41.742
41.4522
40.9421
40.1733
39.0953
37.6761
35.8135
33.5459
30.5387
27.3001
22.304
18.6965
8.75981
9.78401
40.74
40.8412
41.2477
41.5736
41.742
41.7886
41.6783
41.3775
40.8564
40.0771
38.99
37.5623
35.6946
33.4204
30.4162
27.1678
22.1993
18.5578
8.7436
9.6324
40.7156
40.8358
41.2302
41.5483
41.7077
41.7432
41.6214
41.3088
40.7761
39.9859
38.8894
37.4531
35.5804
33.2996
30.2995
27.0405
22.1036
18.4213
8.74367
9.46683
40.6969
40.8428
41.2244
41.5328
41.6824
41.7057
41.5714
41.2462
40.701
39.8993
38.7931
37.3481
35.4706
33.1832
30.1884
26.9177
22.0163
18.2868
8.75918
9.28727
40.6849
40.8629
41.2315
41.5279
41.6665
41.6764
41.5284
41.1895
40.631
39.8172
38.7009
37.247
35.3649
33.0711
30.0824
26.7994
21.9371
18.1542
8.78928
9.09363
40.6816
40.897
41.2526
41.5344
41.6607
41.6558
41.4927
41.1389
40.5662
39.7395
38.6127
37.1498
35.2633
32.963
29.9815
26.6855
21.8654
18.0237
8.83281
8.88679
40.6894
40.946
41.2889
41.5532
41.6655
41.6444
41.4647
41.0947
40.5065
39.6662
38.5286
37.0564
35.1656
32.8589
29.8853
26.5759
21.8006
17.8955
8.88816
8.66784
40.7107
41.0109
41.3414
41.5851
41.6816
41.6424
41.4443
41.0566
40.4518
39.597
38.4479
36.9662
35.0711
32.7581
29.7934
26.4697
21.7426
17.7675
8.95745
8.43213
40.7473
41.0913
41.41
41.6299
41.7079
41.6489
41.4307
41.0236
40.4008
39.5305
38.3695
36.878
34.979
32.6593
29.7054
26.3645
21.6943
17.6313
9.05538
8.15775
40.83
41.2229
41.5287
41.7122
41.7608
41.6722
41.4239
40.9881
40.3391
39.4467
38.2691
36.7641
34.8604
32.5318
29.5948
26.228
21.644
17.4415
9.22495
7.74405
41.0128
41.4409
41.7317
41.8625
41.8635
41.731
41.4392
40.9619
40.276
39.3533
38.153
36.6311
34.7206
32.3844
29.4639
26.0784
21.5774
17.2534
9.3853
7.31401
41.2912
41.7282
41.9946
42.0659
42.0078
41.8228
41.4804
40.9553
40.2279
39.2721
38.0474
36.5084
34.5905
32.249
29.343
25.9469
21.5163
17.0983
9.52307
6.93485
41.6807
42.0959
42.3211
42.3259
42.1971
41.9491
41.5488
40.9698
40.1963
39.2046
37.9538
36.3968
34.4711
32.1256
29.2337
25.8322
21.4651
16.9685
9.65431
6.58684
42.2016
42.5616
42.7222
42.6538
42.4451
42.1221
41.6528
41.0107
40.1847
39.1533
37.8741
36.2979
34.3642
32.0159
29.1375
25.7346
21.4242
16.8624
9.78045
6.27056
42.8531
43.1226
43.1818
43.0245
42.7296
42.3249
41.7782
41.0657
40.1836
39.1108
37.8034
36.21
34.2707
31.9219
29.0562
25.6554
21.3952
16.7805
9.90043
5.99111
43.6159
43.7872
43.7069
43.4295
43.0368
42.5439
41.9107
41.121
40.1796
39.0643
37.7281
36.1187
34.1756
31.8293
28.9778
25.5853
21.3724
16.7216
10.0126
5.75569
44.4672
44.5554
44.3052
43.8765
43.3795
42.7962
42.068
41.1936
40.1892
39.0284
37.6595
36.0303
34.0799
31.7338
28.8934
25.5117
21.3405
16.6715
10.1033
5.56824
45.4405
45.442
44.9714
44.3564
43.7527
43.0781
42.2473
41.2844
40.2174
39.0111
37.6089
35.9597
34.0005
31.6519
28.8173
25.4439
21.3031
16.6255
10.1593
5.42522
46.6047
46.4739
45.6966
44.8637
44.1584
43.3886
42.4456
41.3921
40.2646
39.0132
37.5784
35.9104
33.9438
31.5913
28.7601
25.3929
21.2738
16.5926
10.1865
5.32516
47.9793
47.6135
46.4208
45.3642
44.5774
43.7077
42.6458
41.5063
40.3238
39.0299
37.5655
35.882
33.91
31.5533
28.7238
25.3613
21.2564
16.577
10.191
5.27776
49.4745
48.7404
47.0509
45.8046
44.9661
43.9963
42.8231
41.6122
40.3845
39.0533
37.5644
35.8693
33.8937
31.5323
28.703
25.3446
21.2486
16.5783
10.1839
5.2844
50.959
49.7572
47.5455
46.1612
45.2898
44.2226
42.9563
41.6928
40.4304
39.0693
37.5635
35.8625
33.8876
31.5239
28.6975
25.3453
21.2572
16.6016
10.1865
5.3328
52.3022
50.5915
47.8918
46.4281
45.5338
44.3799
43.0466
41.75
40.4656
39.084
37.5706
35.8693
33.8987
31.5339
28.7111
25.3643
21.2822
16.6413
10.203
5.40099
53.471
51.2378
48.1223
46.6303
45.7178
44.4936
43.1171
41.8005
40.5015
39.1049
37.588
35.888
33.9221
31.555
28.7359
25.3929
21.3166
16.6888
10.2319
5.4745
54.5039
51.7268
48.279
46.7896
45.857
44.579
43.1755
41.8457
40.5371
39.1299
37.6103
35.9111
33.9507
31.5816
28.766
25.4264
21.3558
16.7393
10.2706
5.54579
55.4239
52.0775
48.3844
46.914
45.9626
44.6467
43.2271
41.8878
40.5735
39.1607
37.638
35.9336
33.9778
31.6077
28.7971
25.4608
21.3964
16.7891
10.3152
5.61104
56.2457
52.3226
48.4553
47.0096
46.046
44.7065
43.2761
41.9293
40.6091
39.1954
37.6715
35.9581
33.9994
31.6314
28.828
25.4966
21.4385
16.8387
10.3649
5.6719
56.9681
52.5385
48.5321
47.0907
46.1171
44.7638
43.3247
41.9714
40.6429
39.2059
37.6826
35.9921
34.0306
31.666
28.8705
25.5449
21.4927
16.899
10.4278
5.74068
57.464
52.7635
48.6526
47.1782
46.183
44.817
43.3696
42.0095
40.6868
39.1138
37.5509
36.0116
34.0897
31.7276
28.9315
25.6077
21.5579
16.9684
10.4962
5.81298
)
;

boundaryField
{
    inlet
    {
        type            zeroGradient;
    }
    outlet
    {
        type            fixedValue;
        value           uniform 0;
    }
    upperWall
    {
        type            zeroGradient;
    }
    lowerWall
    {
        type            zeroGradient;
    }
    frontAndBack
    {
        type            empty;
    }
}


// ************************************************************************* //
