/*--------------------------------*- C++ -*----------------------------------*\ 
| =========                 |                                                 | 
| \      /  F ield         | OpenFOAM: The Open Source CFD Toolbox           | 
|  \    /   O peration     | Version:  5.x                                   | 
|   \  /    A nd           | Web:      www.OpenFOAM.org                      | 
|    \/     M anipulation  |                                                 | 
\*---------------------------------------------------------------------------*/ 
FoamFile 
{ 
    version     2.0; 
    format      ascii; 
    class       vectorField; 
    location    "constant/polyMesh"; 
    object      points; 
} 
// * * * * * * * * * * * * * * * * * * * * * * * * * * * * * * * * * * * * * // 

242 
((-1.000000 -1.000000 0.000000) 
(-0.800000 -1.000000 0.000000) 
(-0.600000 -1.000000 0.000000) 
(-0.400000 -1.000000 0.000000) 
(-0.200000 -1.000000 0.000000) 
(0.000000 -1.000000 0.000000) 
(0.200000 -1.000000 0.000000) 
(0.400000 -1.000000 0.000000) 
(0.600000 -1.000000 0.000000) 
(0.800000 -1.000000 0.000000) 
(1.000000 -1.000000 0.000000) 
(-1.000000 -0.800000 0.000000) 
(-0.794757 -0.780648 0.000000) 
(-0.560915 -0.796806 0.000000) 
(-0.389103 -0.746776 0.000000) 
(-0.250545 -0.855214 0.000000) 
(-0.035739 -0.791393 0.000000) 
(0.157965 -0.781754 0.000000) 
(0.425343 -0.749765 0.000000) 
(0.599849 -0.795844 0.000000) 
(0.799669 -0.828663 0.000000) 
(1.000000 -0.800000 0.000000) 
(-1.000000 -0.600000 0.000000) 
(-0.857834 -0.534703 0.000000) 
(-0.605280 -0.611581 0.000000) 
(-0.380859 -0.591447 0.000000) 
(-0.149944 -0.589392 0.000000) 
(0.027521 -0.610281 0.000000) 
(0.139229 -0.631902 0.000000) 
(0.461767 -0.592677 0.000000) 
(0.638445 -0.609840 0.000000) 
(0.815556 -0.589671 0.000000) 
(1.000000 -0.600000 0.000000) 
(-1.000000 -0.400000 0.000000) 
(-0.808345 -0.419907 0.000000) 
(-0.646794 -0.391881 0.000000) 
(-0.428768 -0.399685 0.000000) 
(-0.251947 -0.403352 0.000000) 
(0.044586 -0.343140 0.000000) 
(0.164385 -0.436838 0.000000) 
(0.385831 -0.442084 0.000000) 
(0.618508 -0.435254 0.000000) 
(0.742568 -0.410863 0.000000) 
(1.000000 -0.400000 0.000000) 
(-1.000000 -0.200000 0.000000) 
(-0.795251 -0.205822 0.000000) 
(-0.617414 -0.258493 0.000000) 
(-0.385246 -0.149054 0.000000) 
(-0.137204 -0.208333 0.000000) 
(0.006979 -0.222381 0.000000) 
(0.209646 -0.183844 0.000000) 
(0.362938 -0.122911 0.000000) 
(0.619049 -0.169733 0.000000) 
(0.829395 -0.224594 0.000000) 
(1.000000 -0.200000 0.000000) 
(-1.000000 0.000000 0.000000) 
(-0.772827 0.001881 0.000000) 
(-0.559331 -0.018457 0.000000) 
(-0.439600 -0.019858 0.000000) 
(-0.204070 -0.009581 0.000000) 
(-0.029378 0.000128 0.000000) 
(0.183400 -0.017836 0.000000) 
(0.413834 0.025828 0.000000) 
(0.573110 0.041311 0.000000) 
(0.766275 0.000590 0.000000) 
(1.000000 0.000000 0.000000) 
(-1.000000 0.200000 0.000000) 
(-0.773101 0.261335 0.000000) 
(-0.621924 0.212825 0.000000) 
(-0.427240 0.197418 0.000000) 
(-0.172441 0.157901 0.000000) 
(0.045474 0.267336 0.000000) 
(0.221443 0.155716 0.000000) 
(0.423030 0.196598 0.000000) 
(0.629980 0.253480 0.000000) 
(0.767337 0.178291 0.000000) 
(1.000000 0.200000 0.000000) 
(-1.000000 0.400000 0.000000) 
(-0.835853 0.385359 0.000000) 
(-0.590114 0.431782 0.000000) 
(-0.384106 0.353119 0.000000) 
(-0.216787 0.391495 0.000000) 
(0.036453 0.396254 0.000000) 
(0.252090 0.455178 0.000000) 
(0.336754 0.398751 0.000000) 
(0.626368 0.416393 0.000000) 
(0.815918 0.412851 0.000000) 
(1.000000 0.400000 0.000000) 
(-1.000000 0.600000 0.000000) 
(-0.852653 0.536075 0.000000) 
(-0.615872 0.562743 0.000000) 
(-0.425723 0.594878 0.000000) 
(-0.272411 0.584672 0.000000) 
(0.031939 0.659814 0.000000) 
(0.236840 0.632009 0.000000) 
(0.354111 0.575247 0.000000) 
(0.604894 0.540097 0.000000) 
(0.740676 0.607243 0.000000) 
(1.000000 0.600000 0.000000) 
(-1.000000 0.800000 0.000000) 
(-0.817494 0.850177 0.000000) 
(-0.586178 0.769616 0.000000) 
(-0.393345 0.779072 0.000000) 
(-0.155291 0.814136 0.000000) 
(-0.061331 0.819506 0.000000) 
(0.255882 0.780227 0.000000) 
(0.379657 0.785588 0.000000) 
(0.575221 0.793703 0.000000) 
(0.778191 0.843096 0.000000) 
(1.000000 0.800000 0.000000) 
(-1.000000 1.000000 0.000000) 
(-0.800000 1.000000 0.000000) 
(-0.600000 1.000000 0.000000) 
(-0.400000 1.000000 0.000000) 
(-0.200000 1.000000 0.000000) 
(0.000000 1.000000 0.000000) 
(0.200000 1.000000 0.000000) 
(0.400000 1.000000 0.000000) 
(0.600000 1.000000 0.000000) 
(0.800000 1.000000 0.000000) 
(1.000000 1.000000 0.000000) 
(-1.000000 -1.000000 0.100000) 
(-0.800000 -1.000000 0.100000) 
(-0.600000 -1.000000 0.100000) 
(-0.400000 -1.000000 0.100000) 
(-0.200000 -1.000000 0.100000) 
(0.000000 -1.000000 0.100000) 
(0.200000 -1.000000 0.100000) 
(0.400000 -1.000000 0.100000) 
(0.600000 -1.000000 0.100000) 
(0.800000 -1.000000 0.100000) 
(1.000000 -1.000000 0.100000) 
(-1.000000 -0.800000 0.100000) 
(-0.794757 -0.780648 0.100000) 
(-0.560915 -0.796806 0.100000) 
(-0.389103 -0.746776 0.100000) 
(-0.250545 -0.855214 0.100000) 
(-0.035739 -0.791393 0.100000) 
(0.157965 -0.781754 0.100000) 
(0.425343 -0.749765 0.100000) 
(0.599849 -0.795844 0.100000) 
(0.799669 -0.828663 0.100000) 
(1.000000 -0.800000 0.100000) 
(-1.000000 -0.600000 0.100000) 
(-0.857834 -0.534703 0.100000) 
(-0.605280 -0.611581 0.100000) 
(-0.380859 -0.591447 0.100000) 
(-0.149944 -0.589392 0.100000) 
(0.027521 -0.610281 0.100000) 
(0.139229 -0.631902 0.100000) 
(0.461767 -0.592677 0.100000) 
(0.638445 -0.609840 0.100000) 
(0.815556 -0.589671 0.100000) 
(1.000000 -0.600000 0.100000) 
(-1.000000 -0.400000 0.100000) 
(-0.808345 -0.419907 0.100000) 
(-0.646794 -0.391881 0.100000) 
(-0.428768 -0.399685 0.100000) 
(-0.251947 -0.403352 0.100000) 
(0.044586 -0.343140 0.100000) 
(0.164385 -0.436838 0.100000) 
(0.385831 -0.442084 0.100000) 
(0.618508 -0.435254 0.100000) 
(0.742568 -0.410863 0.100000) 
(1.000000 -0.400000 0.100000) 
(-1.000000 -0.200000 0.100000) 
(-0.795251 -0.205822 0.100000) 
(-0.617414 -0.258493 0.100000) 
(-0.385246 -0.149054 0.100000) 
(-0.137204 -0.208333 0.100000) 
(0.006979 -0.222381 0.100000) 
(0.209646 -0.183844 0.100000) 
(0.362938 -0.122911 0.100000) 
(0.619049 -0.169733 0.100000) 
(0.829395 -0.224594 0.100000) 
(1.000000 -0.200000 0.100000) 
(-1.000000 0.000000 0.100000) 
(-0.772827 0.001881 0.100000) 
(-0.559331 -0.018457 0.100000) 
(-0.439600 -0.019858 0.100000) 
(-0.204070 -0.009581 0.100000) 
(-0.029378 0.000128 0.100000) 
(0.183400 -0.017836 0.100000) 
(0.413834 0.025828 0.100000) 
(0.573110 0.041311 0.100000) 
(0.766275 0.000590 0.100000) 
(1.000000 0.000000 0.100000) 
(-1.000000 0.200000 0.100000) 
(-0.773101 0.261335 0.100000) 
(-0.621924 0.212825 0.100000) 
(-0.427240 0.197418 0.100000) 
(-0.172441 0.157901 0.100000) 
(0.045474 0.267336 0.100000) 
(0.221443 0.155716 0.100000) 
(0.423030 0.196598 0.100000) 
(0.629980 0.253480 0.100000) 
(0.767337 0.178291 0.100000) 
(1.000000 0.200000 0.100000) 
(-1.000000 0.400000 0.100000) 
(-0.835853 0.385359 0.100000) 
(-0.590114 0.431782 0.100000) 
(-0.384106 0.353119 0.100000) 
(-0.216787 0.391495 0.100000) 
(0.036453 0.396254 0.100000) 
(0.252090 0.455178 0.100000) 
(0.336754 0.398751 0.100000) 
(0.626368 0.416393 0.100000) 
(0.815918 0.412851 0.100000) 
(1.000000 0.400000 0.100000) 
(-1.000000 0.600000 0.100000) 
(-0.852653 0.536075 0.100000) 
(-0.615872 0.562743 0.100000) 
(-0.425723 0.594878 0.100000) 
(-0.272411 0.584672 0.100000) 
(0.031939 0.659814 0.100000) 
(0.236840 0.632009 0.100000) 
(0.354111 0.575247 0.100000) 
(0.604894 0.540097 0.100000) 
(0.740676 0.607243 0.100000) 
(1.000000 0.600000 0.100000) 
(-1.000000 0.800000 0.100000) 
(-0.817494 0.850177 0.100000) 
(-0.586178 0.769616 0.100000) 
(-0.393345 0.779072 0.100000) 
(-0.155291 0.814136 0.100000) 
(-0.061331 0.819506 0.100000) 
(0.255882 0.780227 0.100000) 
(0.379657 0.785588 0.100000) 
(0.575221 0.793703 0.100000) 
(0.778191 0.843096 0.100000) 
(1.000000 0.800000 0.100000) 
(-1.000000 1.000000 0.100000) 
(-0.800000 1.000000 0.100000) 
(-0.600000 1.000000 0.100000) 
(-0.400000 1.000000 0.100000) 
(-0.200000 1.000000 0.100000) 
(0.000000 1.000000 0.100000) 
(0.200000 1.000000 0.100000) 
(0.400000 1.000000 0.100000) 
(0.600000 1.000000 0.100000) 
(0.800000 1.000000 0.100000) 
(1.000000 1.000000 0.100000) 
)