/*--------------------------------*- C++ -*----------------------------------*\
| =========                 |                                                 |
| \\      /  F ield         | OpenFOAM: The Open Source CFD Toolbox           |
|  \\    /   O peration     | Version:  5.x                                   |
|   \\  /    A nd           | Web:      www.OpenFOAM.org                      |
|    \\/     M anipulation  |                                                 |
\*---------------------------------------------------------------------------*/
FoamFile
{
    version     2.0;
    format      ascii;
    class       volScalarField;
    location    "151";
    object      epsilon;
}
// * * * * * * * * * * * * * * * * * * * * * * * * * * * * * * * * * * * * * //

dimensions      [0 2 -3 0 0 0 0];

internalField   nonuniform List<scalar> 
5760
(
134.093
93.3555
66.6703
49.8201
39.0827
32.184
27.6472
24.5336
22.2811
20.5674
19.2106
18.0982
17.1792
16.3747
15.7415
15.086
14.7095
14.2495
41.6472
41.699
35.8852
28.3658
23.1334
19.4907
16.9272
15.0811
13.7079
12.6507
11.8126
11.1277
10.5619
10.0711
9.66165
9.27306
8.92389
8.63921
22.98
25.6552
24.178
20.92
17.8202
15.3795
13.5054
12.0665
10.947
10.0593
9.34222
8.75074
8.2571
7.83355
7.4714
7.14745
6.84885
6.59984
17.3643
18.9581
18.4622
16.9621
15.0248
13.313
11.882
10.7103
9.75383
8.96855
8.31782
7.77201
7.30981
6.91228
6.56819
6.26488
5.99065
5.75355
15.2993
15.7389
15.3832
14.4638
13.1926
11.9588
10.8518
9.8933
9.07566
8.38092
7.78964
7.28371
6.84827
6.47023
6.13983
5.84836
5.58756
5.35779
14.4921
14.1442
13.6079
12.8474
11.9226
10.9847
10.1052
9.31261
8.61268
8.00039
7.46655
7.0008
6.59342
6.23552
5.91962
5.63924
5.38855
5.16518
14.1835
13.3319
12.5914
11.8383
11.0529
10.2771
9.54384
8.87069
8.26358
7.72154
7.24008
6.81315
6.43445
6.09785
5.79785
5.52958
5.28869
5.07221
14.0736
12.9355
12.0264
11.2243
10.4775
9.77756
9.12819
8.53292
7.99251
7.50516
7.06739
6.67488
6.32303
6.00735
5.72365
5.46812
5.23738
5.02859
14.0394
12.7609
11.7404
10.8822
10.1293
9.45435
8.84425
8.29215
7.79315
7.34284
6.9369
6.57106
6.24124
5.94358
5.67455
5.43094
5.2099
5.00887
14.0285
12.6776
11.5818
10.6718
9.89661
9.22283
8.62892
8.10076
7.62848
7.20466
6.82334
6.47952
6.16892
5.88777
5.63276
5.40099
5.18991
4.99721
14.0261
12.6461
11.5096
10.5622
9.76167
9.07594
8.48147
7.96088
7.5012
7.09259
6.72739
6.39949
6.10394
5.83661
5.59407
5.3734
5.1721
4.98798
14.0258
12.6384
11.4884
10.5249
9.70954
9.01283
8.412
7.88941
7.43134
7.02701
6.6679
6.34717
6.0593
5.79978
5.56488
5.3515
5.15703
4.97927
14.0257
12.6375
11.4854
10.5189
9.70029
9.00046
8.39709
7.87277
7.41381
7.00938
6.65081
6.33115
6.04472
5.7869
5.55387
5.34243
5.14992
4.9741
14.0259
12.6427
11.4994
10.5436
9.73513
9.04345
8.44559
7.92407
7.4655
7.05951
6.69791
6.37416
6.08299
5.82003
5.5817
5.36498
5.16731
4.98654
14.0307
12.6866
11.5935
10.683
9.90662
9.23264
8.63997
8.11421
7.64496
7.22429
6.8459
6.50458
6.19592
5.91616
5.66201
5.43065
5.21959
5.02662
14.0802
12.9316
12.0047
11.1951
10.456
9.77439
9.14731
8.57363
8.05158
7.57837
7.15049
6.76407
6.41517
6.09999
5.81498
5.55687
5.32274
5.10986
14.4149
13.9001
13.2974
12.5738
11.7606
10.9401
10.1577
9.43506
8.77988
8.19201
7.66738
7.20031
6.78462
6.41436
6.08401
5.78861
5.52386
5.28555
16.0811
16.9343
16.6106
15.6812
14.3826
13.1135
11.9514
10.9206
10.0203
9.23892
8.56189
7.97472
7.46415
7.01873
6.62858
6.2855
5.98276
5.71338
23.5641
25.8546
24.6498
22.1349
19.5903
17.3574
15.4631
13.8794
12.5596
11.457
10.5316
9.75058
9.08706
8.52015
8.03223
7.61039
7.24353
6.92066
64.8978
53.7491
45.2721
38.57
33.2223
28.9353
25.4841
22.6883
20.4047
18.5233
16.9597
15.6497
14.5428
13.6018
12.7933
12.0987
11.4903
10.9649
0.00157242
0.00543798
0.0112739
0.0162357
0.0208071
0.0258414
0.0315277
0.0380743
0.045582
0.0542154
0.0643753
0.0766641
0.0917052
0.110194
0.132669
0.159226
0.189833
0.224304
0.26229
0.303334
0.347033
0.393032
0.441014
0.49069
0.541792
0.594063
0.647239
0.701048
0.755197
0.809368
0.863218
0.916384
0.968525
1.01944
1.06936
1.11733
1.16308
1.20633
1.24678
1.28415
1.31819
1.34868
1.37546
1.3984
1.41741
1.43242
1.44248
1.44858
1.45249
1.45195
1.44769
1.43995
1.42897
1.41498
1.39824
1.37898
1.35747
1.33397
1.30871
1.28195
1.25394
1.2249
1.19499
1.1644
1.13335
1.10201
1.07053
1.03905
1.00771
0.976616
0.945868
0.915559
0.88577
0.856567
0.828004
0.800128
0.77298
0.746589
0.720983
0.696178
0.672188
0.64903
0.626712
0.60522
0.584551
0.564699
0.545653
0.527393
0.509898
0.493145
0.477113
0.461771
0.447109
0.433005
0.419674
0.406442
0.394832
0.38045
0.371616
0.332579
0.008449
0.00687518
0.00884594
0.0118852
0.015748
0.02062
0.0266274
0.0338989
0.0425447
0.0526718
0.0643721
0.0777058
0.0928586
0.109715
0.127786
0.147043
0.167272
0.188051
0.209264
0.230854
0.252832
0.275237
0.298106
0.32146
0.3453
0.369599
0.394301
0.419326
0.444571
0.469911
0.495208
0.520326
0.545168
0.56976
0.59451
0.618628
0.641654
0.663415
0.683719
0.702391
0.719274
0.734234
0.747158
0.757961
0.76657
0.772901
0.776775
0.778507
0.778691
0.77666
0.772606
0.766707
0.759105
0.749945
0.739378
0.727556
0.71463
0.700752
0.686067
0.670721
0.654859
0.6386
0.622032
0.605255
0.588373
0.571477
0.554647
0.537957
0.52147
0.505237
0.489307
0.473719
0.458513
0.443717
0.429355
0.415444
0.402001
0.389034
0.376553
0.36456
0.35306
0.342052
0.331536
0.321504
0.311954
0.302877
0.294267
0.286113
0.278405
0.271129
0.264277
0.257834
0.251809
0.246149
0.240996
0.23618
0.232333
0.228528
0.227324
0.228408
0.020121
0.0127041
0.01377
0.0168783
0.0213654
0.027255
0.0345435
0.0431556
0.0529767
0.0638974
0.0758315
0.0886865
0.102227
0.116332
0.13107
0.146234
0.161571
0.17744
0.193812
0.210725
0.228215
0.2463
0.264984
0.284253
0.304075
0.324406
0.345187
0.366345
0.387794
0.409437
0.43117
0.45289
0.474514
0.495991
0.517217
0.537777
0.557414
0.575937
0.593162
0.608918
0.623053
0.635436
0.645961
0.65455
0.661142
0.665675
0.667949
0.668536
0.667445
0.664455
0.659719
0.653381
0.645579
0.636453
0.626148
0.614807
0.602574
0.589585
0.575975
0.561872
0.547397
0.532659
0.517745
0.502738
0.487718
0.472757
0.457919
0.443266
0.428844
0.414689
0.400835
0.387312
0.374146
0.361356
0.348959
0.336966
0.325384
0.31422
0.303475
0.29315
0.283246
0.273759
0.264684
0.256014
0.247745
0.23987
0.23238
0.225268
0.218524
0.212138
0.206104
0.20041
0.195064
0.190038
0.185407
0.181073
0.177381
0.174053
0.172221
0.173957
0.0355638
0.0197671
0.0199465
0.0232921
0.0284328
0.0351358
0.0432368
0.0524944
0.0626383
0.073441
0.0847498
0.096475
0.108566
0.121047
0.133986
0.147391
0.161437
0.175979
0.191193
0.207104
0.223724
0.241054
0.259083
0.277791
0.297145
0.317103
0.337611
0.3586
0.379987
0.401675
0.423552
0.445497
0.467393
0.489105
0.510398
0.530985
0.550628
0.569117
0.58625
0.601845
0.615737
0.627791
0.637897
0.645979
0.651996
0.655775
0.657345
0.657253
0.655227
0.651326
0.645677
0.638424
0.629715
0.619702
0.60854
0.596382
0.583378
0.569674
0.555406
0.540704
0.525691
0.510474
0.495147
0.47979
0.464482
0.449291
0.434275
0.419475
0.404934
0.390702
0.37681
0.363283
0.350141
0.337398
0.325066
0.313152
0.30166
0.290592
0.279947
0.269722
0.259915
0.25052
0.241527
0.232928
0.224717
0.216885
0.209422
0.20232
0.195569
0.189159
0.183082
0.177329
0.171903
0.166788
0.162026
0.157574
0.153612
0.150135
0.147518
0.148092
0.0536636
0.0275834
0.0264743
0.0297613
0.0351399
0.0420925
0.0503194
0.0594967
0.0693174
0.0795631
0.0901297
0.101008
0.112248
0.123942
0.136182
0.14904
0.162584
0.176937
0.192106
0.208096
0.22492
0.242587
0.261095
0.280434
0.300579
0.321494
0.343125
0.3654
0.388228
0.411497
0.43506
0.458757
0.482392
0.505744
0.528579
0.550625
0.571625
0.591339
0.609537
0.626014
0.640589
0.653111
0.663467
0.67158
0.677413
0.680731
0.681849
0.68099
0.678014
0.673044
0.666223
0.65771
0.647671
0.63628
0.62371
0.610133
0.595714
0.580611
0.564973
0.548941
0.532641
0.516187
0.499679
0.483203
0.466837
0.45065
0.434701
0.419042
0.40371
0.388741
0.374161
0.359993
0.346253
0.332953
0.320101
0.3077
0.295754
0.284259
0.273214
0.262612
0.252442
0.242696
0.23337
0.224454
0.215938
0.207811
0.200064
0.192685
0.185664
0.178989
0.17265
0.16664
0.160957
0.155591
0.150566
0.145871
0.141595
0.137856
0.13465
0.134139
0.0717141
0.0352601
0.032701
0.0356374
0.0408931
0.0476781
0.0556049
0.0643377
0.0736023
0.0832357
0.0931937
0.103521
0.114312
0.125675
0.137714
0.150518
0.164166
0.178734
0.194248
0.210758
0.228296
0.246879
0.266513
0.28719
0.308887
0.33156
0.355144
0.379549
0.404656
0.430315
0.456354
0.482566
0.50871
0.534519
0.559709
0.58398
0.607042
0.628615
0.64844
0.666284
0.681947
0.695268
0.706129
0.714456
0.720208
0.723155
0.723787
0.722079
0.718054
0.711864
0.703675
0.693669
0.68204
0.668982
0.654694
0.639368
0.623187
0.606328
0.588953
0.571214
0.553248
0.535177
0.517107
0.499129
0.481326
0.463767
0.446514
0.429615
0.413112
0.397037
0.381414
0.366263
0.351598
0.337429
0.323759
0.31059
0.297921
0.285748
0.274064
0.262861
0.25213
0.24186
0.232037
0.222649
0.213685
0.205133
0.196978
0.189206
0.181805
0.174766
0.168079
0.161735
0.15573
0.150055
0.144725
0.139744
0.135155
0.131117
0.1275
0.126013
0.0880278
0.0421958
0.0381505
0.0405382
0.0454346
0.0518159
0.0592458
0.0674128
0.0760977
0.0851927
0.0946974
0.104683
0.115257
0.126531
0.138612
0.151595
0.165572
0.180621
0.196805
0.214182
0.232798
0.252688
0.273869
0.296338
0.320073
0.345024
0.371111
0.39822
0.4262
0.454863
0.483987
0.513307
0.54253
0.571334
0.599379
0.626324
0.651832
0.675585
0.697291
0.716691
0.733571
0.747761
0.759146
0.767666
0.773243
0.775777
0.775751
0.773043
0.767804
0.760211
0.750458
0.738756
0.725325
0.710388
0.694165
0.676872
0.658713
0.63988
0.620552
0.600892
0.581047
0.561148
0.541307
0.521623
0.50218
0.483051
0.464299
0.445972
0.428112
0.410749
0.393907
0.377605
0.361852
0.346656
0.332019
0.317938
0.304411
0.291429
0.278984
0.267065
0.255661
0.244755
0.234334
0.224383
0.214887
0.205831
0.1972
0.18898
0.181156
0.173716
0.166648
0.159941
0.153585
0.147578
0.141927
0.136644
0.131746
0.127399
0.123449
0.121157
0.10148
0.0479836
0.0425328
0.0442779
0.0486964
0.0545782
0.0614604
0.0690663
0.0772299
0.0858808
0.0950548
0.104839
0.115342
0.126678
0.138956
0.152266
0.166732
0.182456
0.199527
0.218023
0.238012
0.259544
0.282649
0.307329
0.333558
0.361273
0.390371
0.420703
0.452075
0.484247
0.516934
0.549808
0.58251
0.614654
0.645844
0.675681
0.703786
0.7298
0.753404
0.774319
0.792322
0.807245
0.818982
0.827489
0.832683
0.83465
0.833675
0.829752
0.823083
0.81388
0.802363
0.788776
0.773368
0.756386
0.738078
0.718677
0.698407
0.677477
0.656078
0.634385
0.612556
0.590727
0.569018
0.547532
0.526357
0.505568
0.485227
0.465386
0.446083
0.42735
0.40921
0.391676
0.374759
0.358463
0.342787
0.327727
0.313276
0.299424
0.28616
0.27347
0.261338
0.249749
0.238685
0.228127
0.21806
0.208465
0.199327
0.190629
0.182354
0.174489
0.167019
0.159933
0.153222
0.146881
0.140909
0.135321
0.130123
0.125468
0.121219
0.11827
0.111488
0.0524112
0.0457276
0.046823
0.0507315
0.0561057
0.0624691
0.0695697
0.0773096
0.0856885
0.0946973
0.104408
0.114934
0.1264
0.138943
0.152705
0.167822
0.184422
0.202619
0.222518
0.244208
0.267756
0.293201
0.320545
0.349752
0.380733
0.413349
0.447403
0.482641
0.518755
0.555384
0.592125
0.628545
0.664188
0.698594
0.731315
0.761925
0.790037
0.815311
0.837464
0.856274
0.871586
0.883314
0.89144
0.895938
0.89698
0.894745
0.889318
0.88096
0.869917
0.856438
0.840797
0.823269
0.804127
0.783638
0.762054
0.739615
0.716543
0.69304
0.669291
0.645458
0.621687
0.5981
0.574804
0.551889
0.529433
0.507497
0.486133
0.465379
0.445265
0.425813
0.407036
0.388941
0.37153
0.354801
0.338745
0.323355
0.308618
0.294518
0.281042
0.26817
0.255883
0.244161
0.232985
0.222336
0.212194
0.202541
0.193357
0.184626
0.176332
0.168459
0.160994
0.153927
0.14725
0.140962
0.135076
0.129591
0.124638
0.120109
0.116619
0.117971
0.055446
0.0477527
0.048248
0.0516681
0.0565694
0.0624979
0.0692838
0.0767661
0.0848957
0.093751
0.103444
0.114103
0.125873
0.138905
0.153302
0.169285
0.187037
0.206692
0.22838
0.25221
0.278262
0.306577
0.337145
0.369903
0.40472
0.441401
0.479678
0.519218
0.559626
0.600451
0.641206
0.681375
0.720434
0.757865
0.793173
0.825906
0.85566
0.882095
0.904937
0.923988
0.939122
0.950288
0.957505
0.96084
0.960476
0.956623
0.949327
0.938996
0.925876
0.910248
0.892411
0.872663
0.851297
0.828594
0.804823
0.780231
0.755051
0.729492
0.703743
0.677971
0.652325
0.62693
0.601894
0.577309
0.553251
0.529783
0.506955
0.484804
0.463361
0.442644
0.422665
0.403429
0.384937
0.367184
0.350161
0.333855
0.318254
0.303339
0.289092
0.275495
0.262524
0.250157
0.238375
0.227154
0.216475
0.206316
0.196658
0.187481
0.178768
0.170501
0.162668
0.155254
0.148254
0.14166
0.135486
0.129726
0.12449
0.119697
0.115756
0.121086
0.0571721
0.048711
0.0486859
0.0516874
0.0562883
0.0619358
0.0683821
0.0755967
0.0836093
0.0924939
0.102365
0.113367
0.125668
0.139368
0.154718
0.171948
0.191295
0.212924
0.236986
0.263603
0.292856
0.324768
0.359297
0.396323
0.435646
0.476984
0.51997
0.564168
0.609076
0.654145
0.698796
0.742439
0.784488
0.824383
0.86161
0.895709
0.926289
0.953034
0.975708
0.994156
1.00831
1.01815
1.02378
1.02532
1.02307
1.01705
1.00753
0.994935
0.979513
0.961577
0.941444
0.91943
0.895839
0.870962
0.845073
0.818425
0.791253
0.763766
0.736156
0.708591
0.681217
0.65416
0.627528
0.601412
0.575887
0.551014
0.526842
0.503408
0.48074
0.458855
0.437765
0.417472
0.397976
0.37927
0.361342
0.34418
0.327768
0.312086
0.297115
0.282832
0.269214
0.256238
0.24388
0.232117
0.220928
0.210289
0.20018
0.19058
0.181469
0.17283
0.164647
0.156906
0.149599
0.142716
0.13627
0.130252
0.124752
0.119709
0.115388
0.12077
0.0576086
0.0487115
0.0484323
0.0511645
0.0554196
0.0607619
0.0670375
0.0742058
0.0823103
0.0914475
0.101778
0.113421
0.126482
0.1413
0.15816
0.177305
0.198997
0.223441
0.250804
0.281199
0.314678
0.351211
0.390678
0.43286
0.477443
0.524017
0.572088
0.621091
0.67041
0.719395
0.76739
0.813751
0.857862
0.899157
0.937135
0.971372
1.00153
1.02734
1.04864
1.06535
1.07747
1.08505
1.08823
1.08733
1.08254
1.07381
1.06172
1.04658
1.02866
1.00831
0.985843
0.961588
0.935851
0.908921
0.881069
0.852546
0.823581
0.79438
0.76513
0.735995
0.707117
0.678619
0.650605
0.623164
0.596369
0.570279
0.54494
0.520389
0.496652
0.473745
0.451678
0.430453
0.410067
0.390514
0.37178
0.353851
0.33671
0.320337
0.30471
0.289805
0.275598
0.262065
0.249181
0.236923
0.225266
0.214187
0.203663
0.193673
0.184197
0.175215
0.16671
0.158668
0.151077
0.143929
0.137232
0.130975
0.125233
0.119956
0.115314
0.118997
0.0573625
0.0482396
0.0476511
0.0500681
0.0541299
0.0593909
0.0657139
0.073093
0.0816286
0.0913999
0.102476
0.115152
0.129751
0.146576
0.165939
0.188137
0.213456
0.242116
0.274265
0.309961
0.349159
0.391706
0.437334
0.485661
0.536201
0.588379
0.64155
0.695019
0.748067
0.799976
0.850054
0.897653
0.942187
0.983138
1.02007
1.05265
1.08064
1.10385
1.12224
1.1358
1.14463
1.14884
1.14869
1.14468
1.13646
1.12466
1.10964
1.09173
1.07121
1.04841
1.02366
0.99728
0.969566
0.940796
0.911228
0.8811
0.850629
0.820012
0.789423
0.759017
0.728931
0.69928
0.670164
0.641667
0.613858
0.586792
0.560514
0.535061
0.510456
0.486714
0.463845
0.441849
0.420723
0.40046
0.381047
0.362469
0.344708
0.327742
0.31155
0.296107
0.281388
0.267369
0.254025
0.241331
0.229262
0.217794
0.206904
0.196569
0.186768
0.177481
0.16869
0.160378
0.152535
0.14515
0.138227
0.131755
0.125794
0.120305
0.11539
0.115196
0.0564735
0.0472018
0.0464551
0.048775
0.0528569
0.0583057
0.0650595
0.0730977
0.0824091
0.0932868
0.106046
0.120993
0.138504
0.158938
0.182646
0.209942
0.241082
0.27627
0.315548
0.358789
0.405729
0.455975
0.509014
0.564231
0.620931
0.678367
0.735764
0.792348
0.847362
0.900099
0.949916
0.996252
1.03863
1.07666
1.11004
1.13857
1.16216
1.18072
1.19437
1.20317
1.20735
1.20701
1.20288
1.19451
1.18253
1.16726
1.14905
1.12827
1.10512
1.07995
1.05308
1.0248
0.995388
0.965093
0.93415
0.902778
0.871173
0.839514
0.807961
0.776656
0.745722
0.715269
0.685387
0.656154
0.627636
0.599885
0.57294
0.546841
0.521608
0.497255
0.473791
0.451218
0.429532
0.408725
0.388786
0.369699
0.351447
0.334009
0.317362
0.301483
0.286346
0.271928
0.258203
0.245147
0.232734
0.22094
0.209742
0.199115
0.189038
0.179492
0.170456
0.161914
0.153854
0.146263
0.139144
0.132484
0.126333
0.120654
0.115511
0.109723
0.054776
0.0457816
0.04512
0.0476292
0.0521657
0.058332
0.0659624
0.0753036
0.0866706
0.100395
0.116914
0.136658
0.160069
0.187549
0.219421
0.255898
0.297006
0.342717
0.392898
0.446926
0.504106
0.563674
0.624803
0.686639
0.748327
0.809038
0.867994
0.92448
0.977851
1.02755
1.07313
1.11422
1.15058
1.182
1.20837
1.22969
1.24606
1.25744
1.26419
1.26634
1.26443
1.25854
1.24876
1.23563
1.21934
1.20023
1.17863
1.15473
1.12887
1.10141
1.07261
1.04271
1.01195
0.980522
0.948638
0.916477
0.884205
0.851973
0.819921
0.78817
0.756829
0.725995
0.695749
0.666163
0.637295
0.609195
0.581897
0.555433
0.529831
0.505108
0.481274
0.45833
0.436276
0.415104
0.394803
0.37536
0.356757
0.338974
0.321991
0.305785
0.290331
0.275607
0.261588
0.248249
0.235566
0.223513
0.212068
0.201208
0.190909
0.181151
0.171916
0.163186
0.154946
0.147186
0.139904
0.133085
0.126772
0.120929
0.115599
0.103687
0.052747
0.0443883
0.0442657
0.0475934
0.0530949
0.0607613
0.0708875
0.0838731
0.100306
0.120777
0.1459
0.176208
0.212088
0.253738
0.301092
0.353891
0.411575
0.473533
0.538328
0.604943
0.672339
0.739507
0.805515
0.869531
0.930827
0.988781
1.0429
1.09278
1.13807
1.17855
1.21406
1.24454
1.27007
1.2906
1.3062
1.31709
1.32361
1.3255
1.32367
1.31808
1.30876
1.29624
1.28067
1.26215
1.24117
1.2181
1.19318
1.16663
1.13879
1.10976
1.07973
1.04888
1.0174
0.985455
0.953209
0.920811
0.888401
0.856107
0.824044
0.792318
0.761022
0.730242
0.70005
0.670509
0.641674
0.613595
0.586316
0.559852
0.534225
0.509451
0.485543
0.462504
0.440334
0.41903
0.398583
0.378981
0.360208
0.342249
0.325084
0.308693
0.293053
0.278142
0.263939
0.250419
0.237558
0.225333
0.213721
0.202699
0.192246
0.182339
0.172961
0.164093
0.155722
0.147834
0.140427
0.133486
0.127044
0.121068
0.115589
0.0982449
0.0508413
0.0435418
0.0445945
0.0493647
0.0574161
0.0690783
0.0851915
0.106746
0.134809
0.170275
0.213722
0.265262
0.324427
0.390365
0.4617
0.537305
0.615007
0.692635
0.768884
0.84265
0.913075
0.979466
1.0413
1.09824
1.15006
1.1966
1.23792
1.27402
1.30489
1.33067
1.35149
1.3675
1.37919
1.38641
1.38936
1.3885
1.38449
1.37652
1.36571
1.35203
1.33541
1.31631
1.29513
1.27225
1.24784
1.22197
1.1948
1.16645
1.13712
1.10699
1.07619
1.04486
1.01314
0.98116
0.949032
0.916873
0.88479
0.852884
0.821248
0.789968
0.759124
0.728786
0.699018
0.669876
0.64141
0.613663
0.586667
0.560452
0.535041
0.510451
0.486694
0.463775
0.441698
0.420459
0.400052
0.380469
0.361696
0.34372
0.326524
0.31009
0.294398
0.279428
0.265157
0.251564
0.238626
0.226321
0.214626
0.203521
0.192984
0.182994
0.173532
0.164582
0.15613
0.14816
0.140671
0.133645
0.127111
0.121033
0.11544
0.0937021
0.0492559
0.0438576
0.0470788
0.0557051
0.0701158
0.0918577
0.123088
0.165859
0.221528
0.290178
0.370507
0.460211
0.555806
0.654751
0.75319
0.847577
0.936228
1.01801
1.09237
1.1591
1.21846
1.27059
1.31577
1.35441
1.38692
1.41359
1.43509
1.45167
1.46348
1.47096
1.47436
1.47391
1.47068
1.46377
1.45389
1.44139
1.42664
1.40945
1.38988
1.3685
1.34567
1.32167
1.29643
1.27001
1.24261
1.21435
1.18534
1.15566
1.12542
1.09473
1.06367
1.03235
1.00085
0.969254
0.937641
0.906097
0.874698
0.843521
0.812639
0.782119
0.752025
0.722419
0.693354
0.664879
0.63704
0.609874
0.583415
0.55769
0.532723
0.508532
0.485129
0.462523
0.440719
0.419716
0.399511
0.380098
0.361469
0.34361
0.326508
0.310147
0.29451
0.27958
0.265336
0.251759
0.238827
0.22652
0.214816
0.203695
0.193137
0.183123
0.173633
0.16465
0.156161
0.148152
0.140617
0.13354
0.126945
0.120796
0.115122
0.0900975
0.0486506
0.0464111
0.0553521
0.0741213
0.106111
0.156011
0.22816
0.32384
0.440234
0.571351
0.708866
0.84735
0.978491
1.09698
1.20126
1.29125
1.3674
1.4306
1.48216
1.52312
1.55554
1.58001
1.59745
1.60892
1.61519
1.61658
1.61458
1.60906
1.60003
1.5883
1.5741
1.55766
1.53948
1.51949
1.49785
1.47475
1.45014
1.42442
1.3981
1.37115
1.34348
1.31521
1.28643
1.25719
1.22756
1.19762
1.16739
1.13692
1.10626
1.07545
1.04454
1.01358
0.982614
0.95169
0.920861
0.890179
0.859698
0.829471
0.799552
0.769995
0.74085
0.712167
0.683991
0.656366
0.62933
0.60292
0.577167
0.552098
0.527736
0.504098
0.4812
0.459052
0.437661
0.417029
0.397155
0.378037
0.359668
0.342039
0.325138
0.308953
0.293469
0.27867
0.264539
0.251057
0.238206
0.225967
0.214319
0.203243
0.192721
0.182734
0.173264
0.164294
0.15581
0.147798
0.140253
0.133158
0.126532
0.12034
0.114612
0.087207
0.0499988
0.0558998
0.0812397
0.131697
0.219284
0.351285
0.52513
0.726883
0.936232
1.13985
1.32082
1.47212
1.59476
1.69043
1.76187
1.81417
1.84979
1.87137
1.88191
1.88272
1.87824
1.86746
1.85182
1.83277
1.81094
1.78676
1.76098
1.73388
1.70552
1.67624
1.64625
1.61571
1.58478
1.55333
1.52137
1.48924
1.45745
1.42573
1.394
1.36233
1.33074
1.29925
1.26787
1.23661
1.20546
1.17443
1.14352
1.1127
1.08199
1.05138
1.02088
0.990504
0.960268
0.930191
0.900297
0.870614
0.841176
0.812018
0.783178
0.754694
0.726606
0.698954
0.671777
0.64511
0.618988
0.593444
0.568508
0.544203
0.520554
0.497579
0.475294
0.453709
0.432835
0.412675
0.393232
0.374505
0.356489
0.339179
0.322566
0.306639
0.291386
0.276793
0.262846
0.249527
0.236821
0.224709
0.213173
0.202196
0.19176
0.181846
0.172439
0.163522
0.155081
0.147102
0.139579
0.132495
0.125866
0.119659
0.113902
0.0869856
0.0578194
0.0903748
0.175303
0.338733
0.593363
0.911847
1.24496
1.55692
1.81416
2.00886
2.14817
2.24224
2.29984
2.32784
2.33198
2.32326
2.30153
2.26996
2.23257
2.19064
2.1466
2.10083
2.054
2.00687
1.95983
1.91312
1.86705
1.82183
1.77738
1.73373
1.69093
1.64876
1.60747
1.5671
1.52797
1.48974
1.45232
1.41573
1.37989
1.3448
1.31039
1.27663
1.24348
1.21088
1.17879
1.14716
1.11594
1.08509
1.05457
1.02436
0.994432
0.964767
0.935358
0.9062
0.877299
0.848664
0.820311
0.792258
0.764532
0.737158
0.710167
0.683589
0.657455
0.631796
0.606642
0.582021
0.557962
0.534486
0.511617
0.489374
0.467771
0.446822
0.426537
0.406922
0.387981
0.369716
0.352124
0.335202
0.318943
0.303339
0.28838
0.274054
0.260349
0.247249
0.23474
0.222806
0.21143
0.200597
0.190289
0.18049
0.171183
0.162354
0.153989
0.146074
0.138601
0.131556
0.124949
0.118753
0.112987
0.0904957
0.0946953
0.240166
0.562914
1.05623
1.60986
2.11846
2.49947
2.74897
2.90317
2.97985
2.99765
2.98289
2.94282
2.88279
2.81194
2.73623
2.65733
2.57686
2.49674
2.41774
2.3409
2.26648
2.19458
2.12532
2.05872
1.99473
1.93333
1.87437
1.81764
1.76313
1.71077
1.6606
1.61255
1.56633
1.52179
1.47888
1.43748
1.3975
1.35884
1.32142
1.28513
1.24989
1.21561
1.18221
1.1496
1.11771
1.08646
1.05578
1.02561
0.995903
0.966607
0.937689
0.909121
0.880883
0.852963
0.825356
0.798063
0.771094
0.744459
0.718177
0.692268
0.666754
0.641661
0.617013
0.592837
0.569156
0.545994
0.523375
0.501318
0.479842
0.458962
0.438692
0.419042
0.40002
0.381631
0.363877
0.34676
0.330276
0.314421
0.29919
0.284573
0.270561
0.257143
0.244307
0.232039
0.220324
0.209149
0.198497
0.188353
0.178703
0.16953
0.160819
0.152559
0.144734
0.137338
0.130356
0.123793
0.117631
0.111875
0.125563
0.294538
0.931312
1.89269
2.7987
3.41792
3.76201
3.91591
3.93019
3.88948
3.79613
3.67458
3.54399
3.41006
3.27524
3.14278
3.01515
2.8929
2.77618
2.66524
2.55995
2.46031
2.36604
2.27681
2.19234
2.11234
2.03656
1.96475
1.89661
1.83211
1.77092
1.71274
1.65733
1.60454
1.55419
1.50611
1.46015
1.41616
1.374
1.33354
1.29465
1.2572
1.22107
1.18615
1.15233
1.11951
1.08759
1.05647
1.02607
0.996313
0.967132
0.93847
0.910275
0.882509
0.855137
0.828138
0.801493
0.775195
0.749242
0.723637
0.698389
0.67351
0.649017
0.624927
0.60126
0.578038
0.555281
0.533011
0.511246
0.490006
0.469308
0.449166
0.429594
0.410603
0.3922
0.374392
0.357182
0.340572
0.324561
0.309146
0.294322
0.280084
0.266422
0.253328
0.24079
0.228796
0.217334
0.206391
0.195951
0.186002
0.176528
0.167516
0.158951
0.15082
0.14311
0.135812
0.128914
0.122416
0.116309
0.110579
0.399237
1.3409
3.21545
4.5221
5.09979
5.22643
5.15776
4.98449
4.75401
4.52301
4.2947
4.074
3.86603
3.67171
3.49001
3.32027
3.16211
3.01466
2.87703
2.74846
2.62817
2.51557
2.41004
2.31099
2.21803
2.13068
2.04846
1.97096
1.89783
1.82873
1.7634
1.70157
1.64295
1.58736
1.53457
1.48439
1.43662
1.39111
1.34767
1.30616
1.26643
1.22834
1.19174
1.15651
1.12253
1.08969
1.05786
1.02696
0.996879
0.967542
0.938869
0.910796
0.883263
0.856222
0.829632
0.803462
0.777687
0.752291
0.727263
0.702601
0.678304
0.65438
0.630838
0.60769
0.584951
0.562638
0.540768
0.519358
0.498425
0.477986
0.458055
0.438648
0.419775
0.401448
0.383674
0.36646
0.34981
0.333727
0.31821
0.303257
0.288866
0.275031
0.261745
0.249
0.236786
0.225093
0.213909
0.203223
0.193021
0.18329
0.174017
0.165187
0.156788
0.148808
0.141232
0.134053
0.127258
0.120842
0.11481
0.10912
1.54145
4.59858
6.36956
6.6799
6.53344
6.18454
5.79469
5.426
5.07854
4.76305
4.4766
4.21531
3.97709
3.75961
3.56014
3.37647
3.20698
3.05014
2.90465
2.76938
2.64332
2.52566
2.41565
2.31262
2.21601
2.12531
2.04004
1.95979
1.88417
1.81285
1.74551
1.68188
1.62168
1.56468
1.51066
1.4594
1.41072
1.36443
1.32035
1.27833
1.23819
1.1998
1.16301
1.12769
1.0937
1.06094
1.02927
0.99861
0.968847
0.939897
0.91168
0.884124
0.857168
0.830759
0.804849
0.779403
0.75439
0.729789
0.705582
0.68176
0.65832
0.63526
0.612586
0.590304
0.568425
0.546961
0.525924
0.505329
0.48519
0.46552
0.446333
0.427641
0.409454
0.391783
0.374635
0.358016
0.34193
0.32638
0.311367
0.296889
0.282945
0.269528
0.256634
0.244256
0.232385
0.221012
0.210125
0.199715
0.189769
0.180276
0.171221
0.162593
0.154378
0.146565
0.139141
0.132096
0.12542
0.119103
0.113162
0.107524
9.85457
8.25087
7.64841
7.14175
6.66919
6.21205
5.78295
5.39438
5.04284
4.72628
4.44079
4.18185
3.94604
3.73067
3.53307
3.35099
3.1827
3.02671
2.88176
2.74675
2.62073
2.50288
2.39253
2.28902
2.19182
2.10045
2.01445
1.93344
1.85706
1.78498
1.71691
1.65257
1.5917
1.53409
1.4795
1.42774
1.3786
1.33192
1.28751
1.24521
1.20486
1.16632
1.12944
1.09408
1.06013
1.02746
0.995959
0.96552
0.936048
0.907455
0.87966
0.852591
0.826184
0.800384
0.775141
0.750414
0.72617
0.70238
0.679025
0.656088
0.633559
0.611433
0.589706
0.568382
0.547464
0.526958
0.506874
0.48722
0.468007
0.449244
0.430941
0.413107
0.395752
0.378883
0.362506
0.346626
0.331247
0.316371
0.302
0.288131
0.274762
0.261891
0.249512
0.237618
0.226202
0.215256
0.20477
0.194734
0.185138
0.175969
0.167217
0.158869
0.150913
0.143336
0.136128
0.129276
0.122775
0.116604
0.110804
0.105248
7.79094
7.04962
6.55803
6.18269
5.85815
5.55016
5.25064
4.96375
4.69222
4.43748
4.20003
3.97905
3.77358
3.58246
3.40447
3.23841
3.08326
2.93807
2.80202
2.67438
2.55445
2.44165
2.33545
2.23539
2.14102
2.05196
1.96786
1.88839
1.81326
1.74219
1.67493
1.61124
1.55089
1.49369
1.43944
1.38794
1.33901
1.2925
1.24823
1.20606
1.16583
1.1274
1.09063
1.05541
1.02161
0.989123
0.957833
0.927647
0.898472
0.870225
0.842829
0.816215
0.79032
0.765089
0.740475
0.716433
0.692929
0.669932
0.647417
0.625365
0.603759
0.582589
0.561847
0.541528
0.521632
0.502159
0.483112
0.464494
0.44631
0.428566
0.411267
0.394419
0.378027
0.362096
0.34663
0.331632
0.317103
0.303046
0.28946
0.276343
0.263693
0.251506
0.239778
0.228503
0.217673
0.207281
0.197319
0.187776
0.178645
0.169913
0.16157
0.153604
0.146005
0.13876
0.131858
0.125287
0.119044
0.113098
0.107519
0.102111
6.22118
5.83071
5.51102
5.24869
5.02495
4.82018
4.62184
4.42665
4.23495
4.04769
3.86661
3.69253
3.52605
3.36738
3.21649
3.07318
2.93718
2.80818
2.68585
2.56986
2.45986
2.35554
2.25659
2.16272
2.07365
1.98914
1.90893
1.83279
1.76052
1.69189
1.62672
1.56483
1.50602
1.45013
1.39699
1.34644
1.29833
1.25251
1.20883
1.16716
1.12736
1.08931
1.05288
1.01795
0.984433
0.95221
0.921189
0.89128
0.8624
0.834473
0.807429
0.781203
0.755738
0.730982
0.70689
0.683419
0.660535
0.638206
0.616406
0.595112
0.574305
0.553971
0.534097
0.514674
0.495697
0.477161
0.459062
0.441401
0.424178
0.407391
0.391044
0.375138
0.359673
0.344652
0.330076
0.315945
0.302259
0.289018
0.276221
0.263864
0.251945
0.240458
0.229401
0.218765
0.208546
0.198735
0.189324
0.180305
0.171668
0.163404
0.155503
0.147954
0.140745
0.133867
0.127308
0.121056
0.11511
0.109435
0.104117
0.0989124
5.4767
5.18801
4.92832
4.69928
4.49859
4.31951
4.15421
3.99723
3.8457
3.69792
3.55393
3.4138
3.2778
3.1462
3.01917
2.8968
2.77916
2.66622
2.55795
2.45426
2.35502
2.26012
2.1694
2.08274
1.99998
1.92098
1.84558
1.77364
1.70503
1.6396
1.57721
1.51772
1.46101
1.40693
1.35535
1.30614
1.25917
1.21433
1.17148
1.13051
1.0913
1.05375
1.01774
0.983185
0.949981
0.91804
0.887279
0.857619
0.828986
0.801315
0.774542
0.748611
0.72347
0.699073
0.675378
0.652347
0.629947
0.608146
0.586919
0.566242
0.546094
0.526457
0.507317
0.488662
0.470481
0.452766
0.435509
0.418705
0.402349
0.386438
0.370968
0.355937
0.341343
0.327182
0.313454
0.300156
0.287286
0.27484
0.262816
0.25121
0.240016
0.229229
0.218845
0.208856
0.199256
0.190037
0.181192
0.172712
0.164588
0.156812
0.149373
0.142262
0.135468
0.128982
0.122792
0.11689
0.111271
0.105909
0.100883
0.0959452
5.11233
4.85981
4.62548
4.41048
4.21534
4.03855
3.87684
3.72681
3.5857
3.45156
3.32302
3.19921
3.07962
2.96399
2.85211
2.74393
2.63942
2.53856
2.44131
2.34762
2.25743
2.17067
2.08728
2.00718
1.93028
1.8565
1.78574
1.71793
1.65296
1.59074
1.53118
1.47418
1.41963
1.36743
1.31748
1.26967
1.2239
1.18007
1.13807
1.09782
1.05921
1.02215
0.986543
0.952316
0.919385
0.887671
0.857105
0.827619
0.799151
0.771641
0.745037
0.719291
0.694356
0.670194
0.646767
0.624041
0.601985
0.580571
0.559774
0.539569
0.519934
0.500853
0.482308
0.464284
0.446769
0.42975
0.413216
0.397157
0.381565
0.366431
0.351749
0.337512
0.323713
0.310347
0.297408
0.284891
0.272792
0.261104
0.249821
0.238937
0.228447
0.218343
0.208619
0.199267
0.19028
0.181651
0.173371
0.165432
0.157825
0.150542
0.143573
0.136911
0.130543
0.124463
0.118659
0.113129
0.107859
0.102847
0.0981296
0.0935375
4.93384
4.69731
4.47574
4.26899
4.0772
3.90004
3.73633
3.58446
3.4427
3.3095
3.18354
3.06377
2.94936
2.83972
2.73445
2.6332
2.53569
2.44174
2.35117
2.26386
2.1797
2.09858
2.02043
1.94517
1.87269
1.80293
1.73583
1.67131
1.60931
1.54975
1.49255
1.43763
1.38491
1.3343
1.28572
1.23909
1.19432
1.15133
1.11003
1.07034
1.03219
0.99549
0.96017
0.926158
0.893388
0.861794
0.831316
0.801898
0.773486
0.74603
0.719485
0.69381
0.668968
0.644923
0.621643
0.599099
0.577262
0.556107
0.535609
0.515744
0.496491
0.477834
0.459753
0.442234
0.42526
0.408815
0.392886
0.37746
0.362524
0.348066
0.334076
0.320544
0.307457
0.294808
0.282589
0.27079
0.259404
0.248421
0.237833
0.227631
0.217808
0.208355
0.199263
0.190523
0.182129
0.174071
0.166341
0.158931
0.151831
0.145033
0.138531
0.132313
0.126371
0.120702
0.115288
0.110143
0.105233
0.100632
0.0962445
0.0921543
4.85033
4.62344
4.4099
4.20913
4.02073
3.84436
3.67947
3.52527
3.38084
3.24518
3.11735
2.99647
2.88178
2.77261
2.66846
2.56885
2.47345
2.38192
2.29399
2.20944
2.12809
2.04977
1.97437
1.90174
1.83182
1.76449
1.69966
1.63724
1.57716
1.51935
1.46371
1.41018
1.35867
1.30912
1.26144
1.21557
1.17143
1.12896
1.08807
1.04869
1.01076
0.974221
0.938997
0.905034
0.872274
0.840662
0.810146
0.780678
0.752211
0.724703
0.698115
0.672413
0.647566
0.623543
0.600316
0.577857
0.556142
0.535148
0.514848
0.495219
0.476244
0.457905
0.440185
0.423065
0.406527
0.390553
0.375128
0.360233
0.345856
0.33198
0.31859
0.305676
0.293218
0.281208
0.269634
0.258485
0.247747
0.237409
0.22746
0.217888
0.208684
0.199836
0.191335
0.18317
0.175333
0.167815
0.160608
0.1537
0.147085
0.140752
0.134699
0.128929
0.123421
0.118175
0.113168
0.108439
0.103896
0.0997008
0.0956018
0.0920468
4.81502
4.59599
4.38894
4.19309
4.00802
3.83336
3.6687
3.51355
3.36737
3.22953
3.0994
2.97633
2.85973
2.74902
2.6437
2.54333
2.44743
2.35568
2.26781
2.18355
2.10268
2.025
1.95032
1.8785
1.80939
1.74288
1.67884
1.61719
1.55783
1.50066
1.4456
1.39255
1.34145
1.29225
1.2449
1.19929
1.15535
1.113
1.07216
1.03279
0.99482
0.958196
0.922863
0.888769
0.855863
0.824095
0.79342
0.763795
0.735179
0.707533
0.680826
0.65503
0.630116
0.606057
0.582827
0.5604
0.538751
0.517861
0.4977
0.478244
0.459483
0.4414
0.423975
0.407186
0.391014
0.375438
0.360441
0.346004
0.332108
0.318738
0.305874
0.293502
0.281597
0.270154
0.259158
0.248591
0.238436
0.22868
0.219308
0.210308
0.201666
0.193371
0.185409
0.177789
0.170489
0.163491
0.156787
0.150366
0.14422
0.138344
0.132721
0.127339
0.1222
0.117315
0.112659
0.108289
0.104096
0.100359
0.0965589
0.0937723
4.80294
4.5909
4.38949
4.19826
4.01677
3.84458
3.68131
3.52657
3.37995
3.24102
3.10932
2.98441
2.86581
2.75311
2.64586
2.54369
2.44624
2.35317
2.26418
2.17899
2.09735
2.01905
1.94389
1.87168
1.80228
1.73554
1.67132
1.60953
1.54997
1.49259
1.4373
1.38404
1.33271
1.28328
1.23566
1.18977
1.14555
1.10292
1.06181
1.02215
0.983893
0.946979
0.911358
0.876982
0.843803
0.811775
0.780852
0.751
0.722175
0.694346
0.667487
0.641574
0.616579
0.592474
0.569232
0.546829
0.525241
0.504446
0.484403
0.465099
0.446538
0.428694
0.41154
0.395053
0.37921
0.363992
0.349378
0.335347
0.321881
0.308959
0.296562
0.284668
0.273274
0.262366
0.251908
0.241879
0.232263
0.223043
0.214203
0.205728
0.197604
0.189817
0.182357
0.175188
0.16831
0.161721
0.155412
0.149377
0.143607
0.138096
0.132837
0.127832
0.123066
0.118555
0.11427
0.11029
0.106478
0.103229
0.0997598
0.0979884
4.79934
4.59468
4.3995
4.21341
4.03606
3.86705
3.70605
3.55271
3.4067
3.26767
3.1353
3.00924
2.88915
2.77471
2.66558
2.56146
2.46204
2.36705
2.27621
2.18927
2.10599
2.02616
1.94958
1.87606
1.80545
1.7376
1.67235
1.6096
1.54922
1.49112
1.43516
1.38129
1.32938
1.27932
1.23105
1.18452
1.13967
1.09643
1.05478
1.01462
0.97589
0.938532
0.902498
0.867746
0.834225
0.801883
0.770682
0.74059
0.711557
0.683562
0.656593
0.630619
0.605608
0.581528
0.55835
0.536048
0.514598
0.493971
0.474164
0.455152
0.436924
0.419432
0.40265
0.386555
0.371124
0.356336
0.342169
0.328602
0.315611
0.303176
0.291274
0.279883
0.268981
0.258516
0.248489
0.23889
0.2297
0.220905
0.212485
0.204425
0.196709
0.189323
0.182253
0.175492
0.169025
0.162839
0.156926
0.151277
0.145884
0.140745
0.13585
0.131208
0.126803
0.122665
0.118757
0.115182
0.111803
0.109053
0.1061
0.105619
4.79854
4.60193
4.41374
4.23362
4.06125
3.89631
3.73851
3.58755
3.44315
3.30504
3.17293
3.04657
2.9257
2.81006
2.69941
2.59352
2.49213
2.39504
2.30203
2.21288
2.12738
2.04535
1.96661
1.89101
1.81839
1.74862
1.68156
1.61709
1.55508
1.49543
1.43804
1.38278
1.32961
1.27845
1.22919
1.18176
1.13609
1.09209
1.04974
1.00892
0.96957
0.931658
0.895149
0.860006
0.826144
0.793509
0.762085
0.731836
0.702744
0.674843
0.648042
0.622286
0.597535
0.573754
0.550913
0.528982
0.507935
0.487742
0.468379
0.449826
0.431992
0.414883
0.398489
0.382792
0.367769
0.353398
0.339655
0.326516
0.313957
0.301954
0.290483
0.279521
0.269044
0.259039
0.249477
0.240333
0.231588
0.223223
0.215219
0.207561
0.200232
0.19322
0.186512
0.180097
0.173966
0.168109
0.162519
0.15719
0.152116
0.147296
0.142723
0.138412
0.134344
0.130566
0.127032
0.123872
0.120983
0.118684
0.116773
0.117512
4.79636
4.60614
4.42363
4.24852
4.08048
3.91921
3.76443
3.61587
3.47326
3.33638
3.20496
3.07881
2.95769
2.8414
2.72974
2.62253
2.51957
2.42069
2.32572
2.2345
2.14691
2.0628
1.98202
1.90444
1.8299
1.75829
1.68948
1.62335
1.55979
1.49868
1.43993
1.38344
1.3291
1.27684
1.22658
1.17825
1.13179
1.08711
1.04419
1.00278
0.962885
0.924647
0.887976
0.852786
0.819046
0.786707
0.755699
0.725957
0.697443
0.670001
0.643625
0.618297
0.59399
0.570675
0.548321
0.526898
0.506374
0.486718
0.467899
0.449888
0.432672
0.416213
0.400474
0.385424
0.371034
0.357276
0.344121
0.331543
0.319515
0.308012
0.297009
0.286482
0.276408
0.266767
0.257539
0.248704
0.240242
0.232137
0.224374
0.216939
0.209819
0.203004
0.196484
0.190251
0.184299
0.178623
0.173216
0.168077
0.163202
0.158596
0.154249
0.150188
0.146383
0.14291
0.139696
0.136926
0.134486
0.132649
0.131937
0.133945
4.79338
4.60537
4.42485
4.25148
4.08491
3.92484
3.77099
3.62308
3.48088
3.34414
3.21266
3.08621
2.96461
2.84768
2.73522
2.62709
2.52311
2.42314
2.32703
2.23464
2.14582
2.06046
1.97843
1.89961
1.82389
1.75116
1.68131
1.61425
1.54982
1.48792
1.42846
1.37136
1.31665
1.26424
1.21401
1.16588
1.11978
1.07562
1.03329
0.992881
0.954298
0.917253
0.881711
0.847631
0.814967
0.783676
0.753708
0.725016
0.697543
0.671276
0.646155
0.622125
0.599136
0.577137
0.556083
0.535928
0.516631
0.498149
0.480443
0.463477
0.447215
0.431625
0.416672
0.402327
0.388559
0.37534
0.362643
0.350443
0.338717
0.327444
0.316602
0.306175
0.296145
0.286497
0.277219
0.268298
0.259723
0.251484
0.243575
0.235986
0.228711
0.221746
0.215085
0.208724
0.202661
0.196891
0.191413
0.186227
0.181328
0.176726
0.172406
0.168407
0.164681
0.161342
0.15826
0.155726
0.153494
0.152112
0.152146
0.155575
4.80063
4.60705
4.42103
4.24225
4.07043
3.90536
3.74686
3.59465
3.44849
3.30817
3.17347
3.0442
2.92018
2.80119
2.68706
2.57761
2.47268
2.3721
2.2757
2.18337
2.095
2.01042
1.9295
1.85207
1.77801
1.70717
1.63944
1.57468
1.51285
1.45386
1.39757
1.34387
1.29245
1.24324
1.19618
1.15119
1.10819
1.06711
1.02785
0.990367
0.954569
0.920438
0.887877
0.856799
0.827121
0.798765
0.771659
0.745729
0.720908
0.697132
0.67434
0.652473
0.631471
0.611282
0.591853
0.573134
0.555081
0.537652
0.520808
0.504514
0.488739
0.473456
0.458641
0.444272
0.430332
0.416806
0.403683
0.390952
0.378607
0.366642
0.355054
0.343838
0.332996
0.322524
0.312423
0.30269
0.293327
0.28433
0.2757
0.267433
0.259527
0.251977
0.244783
0.237936
0.231437
0.225276
0.219454
0.213963
0.208798
0.203968
0.199448
0.195287
0.191407
0.187971
0.184762
0.182215
0.179872
0.178684
0.178931
0.183731
4.82854
4.62266
4.42527
4.23619
4.05519
3.88198
3.71623
3.55772
3.40628
3.26166
3.1236
2.99187
2.86621
2.74641
2.63224
2.52346
2.41984
2.32116
2.2272
2.13773
2.05245
1.97119
1.89379
1.82006
1.74986
1.68301
1.61937
1.55879
1.50113
1.44626
1.39405
1.34437
1.29716
1.25226
1.20955
1.1689
1.13021
1.09336
1.05825
1.02479
0.99287
0.962408
0.933314
0.905496
0.878867
0.85334
0.82883
0.805255
0.782538
0.760604
0.739383
0.718811
0.698828
0.679379
0.660415
0.641894
0.62378
0.606042
0.588658
0.57161
0.554888
0.538486
0.522404
0.506646
0.491221
0.476138
0.461412
0.447056
0.433087
0.419516
0.406361
0.393631
0.381341
0.369495
0.358105
0.34717
0.336697
0.326679
0.317122
0.308013
0.299354
0.291129
0.283339
0.275964
0.269005
0.26244
0.256269
0.250474
0.245049
0.239991
0.235274
0.230945
0.226901
0.223348
0.219971
0.217356
0.214828
0.213633
0.213922
0.219846
4.89294
4.66921
4.45638
4.25412
4.06204
3.87979
3.70697
3.54316
3.38793
3.24089
3.10164
2.96979
2.84495
2.72678
2.61493
2.50906
2.40886
2.31402
2.22426
2.1393
2.0589
1.9828
1.91076
1.84254
1.77794
1.71675
1.65879
1.60386
1.55181
1.50247
1.45569
1.41132
1.36922
1.32926
1.2913
1.25522
1.22089
1.18817
1.15695
1.12712
1.09854
1.07111
1.04472
1.01926
0.994621
0.97071
0.947429
0.924687
0.902402
0.880498
0.85891
0.83758
0.816463
0.795523
0.774733
0.754083
0.733568
0.713197
0.692983
0.672954
0.65314
0.633576
0.614305
0.595367
0.576808
0.558666
0.540984
0.523797
0.50714
0.491037
0.475517
0.46059
0.446276
0.432575
0.419498
0.407033
0.395186
0.383933
0.373279
0.36319
0.35367
0.34468
0.336222
0.328253
0.320777
0.313748
0.307173
0.301008
0.295254
0.289885
0.284876
0.280265
0.275923
0.272088
0.268348
0.265414
0.262418
0.26063
0.260501
0.266311
5.04593
4.80198
4.57275
4.35745
4.15534
3.96565
3.78766
3.62065
3.46395
3.31691
3.17891
3.04936
2.92773
2.8135
2.70618
2.60534
2.51054
2.4214
2.33755
2.25865
2.18438
2.11445
2.04857
1.98649
1.92795
1.87273
1.82062
1.77139
1.72487
1.68085
1.63917
1.59965
1.56213
1.52643
1.49241
1.45991
1.42876
1.39882
1.36994
1.34197
1.31475
1.28816
1.26205
1.2363
1.21079
1.18541
1.16007
1.1347
1.10921
1.08358
1.05776
1.03174
1.00554
0.979182
0.952694
0.926147
0.899595
0.873125
0.846812
0.820751
0.795025
0.769725
0.744932
0.720724
0.697173
0.674336
0.652271
0.631012
0.610601
0.591048
0.572383
0.554591
0.537692
0.52165
0.506481
0.492129
0.478608
0.465848
0.453864
0.442575
0.432
0.422048
0.412744
0.403988
0.395815
0.388119
0.380941
0.374176
0.367862
0.36191
0.35633
0.351102
0.34611
0.34157
0.336995
0.333161
0.329016
0.325753
0.323812
0.326417
5.44752
5.1811
4.93427
4.70547
4.4933
4.29647
4.11375
3.94404
3.78631
3.63964
3.50315
3.37606
3.25764
3.14722
3.0442
2.948
2.85811
2.77407
2.69542
2.62176
2.55274
2.48799
2.4272
2.37007
2.31631
2.26567
2.21787
2.17269
2.12988
2.08922
2.05048
2.01344
1.9779
1.94362
1.91042
1.87807
1.84637
1.81511
1.78411
1.75318
1.72214
1.69083
1.65911
1.62686
1.59399
1.56042
1.52611
1.49106
1.45528
1.41883
1.38178
1.34424
1.30632
1.26817
1.22995
1.19182
1.15394
1.11648
1.07959
1.04343
1.00812
0.973791
0.94054
0.908455
0.877603
0.848031
0.819779
0.792856
0.767279
0.743023
0.72009
0.698426
0.678027
0.658814
0.640782
0.623831
0.607961
0.593055
0.579124
0.566036
0.553816
0.542315
0.531574
0.521434
0.511952
0.502958
0.494523
0.486471
0.478877
0.471578
0.464618
0.4579
0.45132
0.445036
0.438479
0.432417
0.425624
0.418655
0.413403
0.403507
6.61094
6.30557
6.02583
5.76902
5.53303
5.31595
5.11608
4.93185
4.76187
4.60487
4.45971
4.32532
4.20076
4.08516
3.97774
3.87778
3.78464
3.69771
3.61647
3.5404
3.46905
3.40199
3.33882
3.27915
3.22261
3.16888
3.11759
3.06844
3.02109
2.97524
2.93056
2.88675
2.84352
2.80056
2.75758
2.71432
2.67051
2.6259
2.58029
2.53349
2.48533
2.43572
2.38458
2.33188
2.27767
2.222
2.16501
2.10686
2.04776
1.98793
1.92765
1.8672
1.80686
1.74692
1.68767
1.62938
1.57229
1.51663
1.46258
1.41033
1.35999
1.31168
1.26545
1.22137
1.17945
1.13967
1.10203
1.06647
1.03295
1.00139
0.971721
0.943849
0.91771
0.893174
0.870191
0.84861
0.828395
0.809381
0.791552
0.774729
0.758914
0.743913
0.729755
0.716232
0.703395
0.691027
0.6792
0.667681
0.656553
0.645597
0.63486
0.624171
0.613406
0.602655
0.591196
0.579752
0.566821
0.55138
0.539371
0.495011
10.4604
9.96895
9.51325
9.09159
8.7018
8.34141
8.00791
7.69885
7.41192
7.14501
6.89617
6.66368
6.44595
6.24157
6.04929
5.86797
5.6966
5.53427
5.38017
5.23356
5.09379
4.96024
4.83238
4.70972
4.59178
4.47816
4.36848
4.26239
4.15955
4.05967
3.96248
3.8677
3.77512
3.6845
3.59565
3.50839
3.42255
3.33798
3.25457
3.1722
3.09081
3.01034
2.93077
2.85209
2.77432
2.69749
2.62165
2.54689
2.47327
2.40089
2.32986
2.26026
2.1922
2.12577
2.06107
1.99819
1.93718
1.87812
1.82104
1.76599
1.71297
1.66202
1.61311
1.56624
1.52138
1.4785
1.43754
1.39848
1.36124
1.32577
1.29199
1.25985
1.22926
1.20016
1.17247
1.14612
1.12103
1.09711
1.07432
1.05255
1.03177
1.01186
0.9928
0.974459
0.956859
0.939835
0.923445
0.907489
0.892033
0.876937
0.862208
0.847712
0.833276
0.819119
0.804188
0.789876
0.77319
0.754863
0.740751
0.657399
0.398731
0.407222
0.410309
0.410387
0.407876
0.407132
0.408564
0.411849
0.417225
0.424895
0.435002
0.446748
0.461059
0.479065
0.500088
0.528634
0.556787
0.607501
0.643
0.753616
0.235515
0.23711
0.236373
0.236208
0.237349
0.240033
0.244399
0.250603
0.258909
0.269408
0.282561
0.29828
0.317721
0.340899
0.370354
0.404357
0.449817
0.500581
0.567622
0.674288
0.175241
0.175237
0.174338
0.17305
0.172639
0.172906
0.174168
0.176496
0.180093
0.185002
0.191515
0.199543
0.209837
0.222017
0.238183
0.256095
0.282274
0.307632
0.348699
0.397013
0.147807
0.147246
0.146062
0.144584
0.143461
0.142659
0.142459
0.142772
0.143932
0.145925
0.148941
0.152906
0.15832
0.164767
0.173809
0.183387
0.198786
0.211865
0.236733
0.260478
0.133116
0.132137
0.130759
0.129184
0.127726
0.126399
0.125392
0.12471
0.124634
0.124986
0.126097
0.127864
0.130606
0.134009
0.139182
0.144465
0.153887
0.161081
0.176661
0.189359
0.124523
0.123232
0.121668
0.119969
0.118295
0.11666
0.115193
0.113932
0.113062
0.112529
0.112547
0.112974
0.114129
0.115791
0.118684
0.121624
0.127493
0.131748
0.141743
0.149002
0.119285
0.117731
0.115978
0.114132
0.112277
0.110422
0.108653
0.107018
0.105645
0.104527
0.10381
0.103453
0.1036
0.104166
0.105595
0.107185
0.110776
0.113384
0.119987
0.124222
0.116053
0.11426
0.112318
0.11031
0.108285
0.106245
0.104252
0.102349
0.100631
0.0991103
0.0978961
0.0969672
0.0964561
0.0963155
0.0967578
0.0974961
0.099546
0.101143
0.105584
0.107981
0.114083
0.112063
0.109934
0.107758
0.105565
0.103359
0.101181
0.0990704
0.0970974
0.095282
0.0937124
0.0923743
0.0913984
0.090691
0.0905575
0.0906463
0.0916619
0.0925721
0.0955517
0.0967656
0.112923
0.110688
0.108374
0.106028
0.103672
0.101309
0.0989702
0.0966869
0.0945142
0.0924732
0.0906382
0.0889954
0.0876775
0.0865586
0.0859834
0.0855603
0.0859534
0.0863221
0.0882614
0.088693
0.112279
0.10984
0.107347
0.104835
0.102322
0.0998103
0.0973256
0.0948936
0.0925576
0.0903372
0.0882971
0.0864208
0.0848437
0.0834163
0.0825143
0.0816648
0.0816677
0.0815821
0.0827796
0.0826894
0.111951
0.109321
0.106656
0.103986
0.101323
0.0986725
0.0960547
0.0934916
0.0910183
0.0886514
0.0864488
0.0843901
0.0826124
0.080949
0.0797988
0.0786199
0.0783335
0.0778397
0.0785488
0.0781012
0.111797
0.10899
0.106165
0.103346
0.100543
0.0977635
0.0950249
0.0923457
0.0897552
0.087267
0.0849337
0.0827308
0.0807959
0.0789501
0.0776083
0.0761792
0.0756688
0.0748301
0.0751961
0.0744922
0.111712
0.108744
0.105771
0.102815
0.0998855
0.0969889
0.0941419
0.0913607
0.0886703
0.0860814
0.0836423
0.081325
0.0792665
0.0772792
0.0757886
0.0741678
0.0734838
0.0723639
0.0724797
0.0715793
0.111618
0.108505
0.105401
0.102323
0.0992798
0.0962797
0.0933376
0.0904682
0.0876935
0.0850217
0.0824978
0.0800903
0.0779354
0.0758389
0.0742329
0.0724659
0.0716466
0.0703074
0.0702367
0.0691699
0.111455
0.108218
0.104999
0.101815
0.0986739
0.0955848
0.0925619
0.0896186
0.0867746
0.0840361
0.0814454
0.0789684
0.0767394
0.0745603
0.0728659
0.0709888
0.0700642
0.0685627
0.0683534
0.0671329
0.11118
0.10784
0.104525
0.101252
0.0980293
0.0948669
0.0917782
0.0887755
0.0858769
0.0830871
0.080446
0.0779174
0.0756337
0.0733942
0.0716339
0.0696761
0.0686705
0.0670501
0.0667374
0.0653886
0.110763
0.107339
0.103948
0.100605
0.0973185
0.0940993
0.0909605
0.0879133
0.0849748
0.0821483
0.079472
0.076908
0.0745866
0.0723058
0.0704985
0.0684846
0.0674182
0.065713
0.065324
0.0638755
0.110181
0.106697
0.103249
0.0998553
0.0965233
0.0932642
0.0900911
0.0870145
0.0840508
0.0812017
0.0785045
0.0759199
0.0735758
0.0712705
0.0694326
0.0673833
0.066273
0.0645108
0.0640668
0.0625464
0.109425
0.105901
0.102418
0.0989924
0.0956328
0.092351
0.0891597
0.0860689
0.0830941
0.0802364
0.0775317
0.07494
0.072587
0.070272
0.0684175
0.0663509
0.0652109
0.0634147
0.0629327
0.0613661
0.10849
0.104949
0.101451
0.0980125
0.0946435
0.0913559
0.0881621
0.0850719
0.0820999
0.0792468
0.0765474
0.0739613
0.0716118
0.0693001
0.0674415
0.065373
0.0642153
0.0624048
0.0618985
0.0603083
0.107382
0.103844
0.100351
0.0969186
0.0935578
0.0902808
0.0870999
0.0840245
0.0810688
0.0782328
0.0755506
0.0729816
0.0706467
0.0683501
0.0664981
0.0644411
0.0632755
0.0614678
0.060948
0.0593539
0.106113
0.102598
0.0991288
0.0957201
0.0923841
0.0891333
0.0859799
0.0829327
0.0800058
0.0771986
0.0745446
0.0720032
0.0696928
0.0674216
0.0655852
0.0635517
0.0623858
0.0605964
0.0600707
0.0584903
0.104702
0.101229
0.0978004
0.0944322
0.0911366
0.0879265
0.0848139
0.0818073
0.0789206
0.0761527
0.0735367
0.0710322
0.068755
0.0665182
0.0647049
0.0627052
0.0615445
0.059788
0.0592601
0.0577103
0.103175
0.0997606
0.0963888
0.0930759
0.0898348
0.0866783
0.0836185
0.0806636
0.0778271
0.0751078
0.0725383
0.0700786
0.0678419
0.0656467
0.0638627
0.0619053
0.0607536
0.0590432
0.0585137
0.057011
0.101014
0.0976978
0.0944209
0.0912
0.0880485
0.0849793
0.0820045
0.0791317
0.0763745
0.073731
0.0712337
0.0688433
0.0666692
0.064538
0.0628004
0.0609084
0.0597744
0.0581381
0.0576101
0.0561852
0.0980652
0.0949091
0.0917882
0.0887183
0.0857129
0.082785
0.0799462
0.077204
0.0745719
0.0720477
0.0696637
0.0673811
0.0653059
0.0632741
0.0616145
0.0598229
0.0587342
0.0572088
0.0567103
0.0554047
0.095092
0.0921219
0.0891822
0.0862867
0.0834495
0.0806832
0.0779994
0.0754053
0.0729144
0.0705241
0.0682674
0.0661052
0.0641415
0.0622197
0.0606526
0.0589703
0.0579487
0.0565401
0.0560987
0.0549257
0.0923746
0.089602
0.086853
0.0841404
0.0814789
0.078881
0.0763582
0.073917
0.0715716
0.0693187
0.0671922
0.0651527
0.0633047
0.0614957
0.0600278
0.0584575
0.0575165
0.0562266
0.055857
0.0548301
0.0902321
0.0876505
0.0850836
0.0825471
0.0800559
0.0776214
0.0752543
0.07296
0.0707535
0.0686291
0.0666223
0.0646936
0.062951
0.0612446
0.0598722
0.058409
0.0575551
0.0563916
0.0561047
0.0552424
0.0890382
0.0866098
0.0841977
0.081813
0.0794689
0.0771742
0.0749387
0.0727665
0.0706741
0.0686545
0.0667483
0.0649128
0.0632626
0.0616469
0.0603654
0.0590065
0.0582453
0.0572189
0.057028
0.0563507
0.0891438
0.0868427
0.0845497
0.0822808
0.0800498
0.0778617
0.0757244
0.0736403
0.0716283
0.0696799
0.0678431
0.0660726
0.064494
0.0629533
0.0617574
0.0605035
0.0598454
0.0589801
0.0589124
0.0584497
0.0910177
0.0888017
0.0865864
0.084393
0.0822338
0.0801056
0.0780172
0.0759699
0.0739891
0.0720653
0.0702595
0.0685228
0.0669977
0.065523
0.0644188
0.0632873
0.0627611
0.0621132
0.0622414
0.0620109
0.0953335
0.0931456
0.0909445
0.0887644
0.0866143
0.084479
0.0823698
0.0802899
0.0782782
0.0763266
0.0745164
0.0727936
0.071323
0.0699321
0.0689584
0.0680075
0.0676875
0.0673744
0.0678134
0.0679363
0.103017
0.100802
0.0985447
0.0963038
0.0940779
0.091838
0.0896123
0.0874127
0.0853078
0.0832906
0.0814732
0.07979
0.0784327
0.0772131
0.0764867
0.0758683
0.0759347
0.0760938
0.0771524
0.0780175
0.115017
0.112754
0.110371
0.10797
0.105541
0.103058
0.100607
0.0982195
0.0960161
0.0939776
0.0922581
0.0907625
0.0897116
0.0889032
0.0886987
0.0887432
0.0895834
0.0905261
0.0928748
0.0952306
0.13166
0.129312
0.126682
0.123948
0.121138
0.118285
0.11559
0.113081
0.110956
0.10913
0.107819
0.10686
0.106515
0.106584
0.107379
0.108495
0.11111
0.113575
0.117986
0.123326
0.153486
0.150914
0.147777
0.144434
0.141097
0.137903
0.135198
0.132901
0.131326
0.130207
0.129888
0.13007
0.131034
0.132643
0.135499
0.138591
0.144057
0.149431
0.157447
0.168276
0.181734
0.178696
0.174585
0.170367
0.166652
0.163548
0.161523
0.160161
0.160019
0.16044
0.161887
0.164254
0.167731
0.172031
0.178231
0.184917
0.195117
0.205563
0.219904
0.240488
0.217941
0.214256
0.208583
0.203682
0.200511
0.198619
0.198636
0.199418
0.201813
0.205275
0.209984
0.215937
0.223482
0.23232
0.243865
0.256564
0.274405
0.293167
0.317952
0.355203
0.26463
0.259859
0.252752
0.248769
0.24839
0.24968
0.253448
0.258669
0.265477
0.273715
0.283562
0.295132
0.308882
0.324739
0.344369
0.366393
0.395635
0.427406
0.467774
0.531817
0.325817
0.320128
0.314353
0.315378
0.32064
0.329028
0.339238
0.350998
0.364425
0.37953
0.396654
0.416089
0.438451
0.464102
0.494854
0.530068
0.574442
0.625389
0.685914
0.790683
0.410048
0.4069
0.410041
0.422199
0.439098
0.456969
0.475846
0.495826
0.517317
0.540576
0.566246
0.594848
0.627273
0.664527
0.708166
0.759428
0.820675
0.89689
0.977917
1.14056
0.538474
0.549268
0.572435
0.601105
0.628542
0.65407
0.678995
0.704054
0.730212
0.758089
0.788631
0.822623
0.861006
0.905569
0.957178
1.01967
1.09071
1.18836
1.2779
1.49983
0.846016
0.832415
0.835598
0.852004
0.869228
0.884885
0.900838
0.9186
0.938974
0.962385
0.989649
1.02145
1.05885
1.10356
1.15735
1.22185
1.30109
1.39804
1.51436
1.7279
)
;

boundaryField
{
    inlet
    {
        type            fixedValue;
        value           uniform 14.855;
    }
    outlet
    {
        type            zeroGradient;
    }
    upperWall
    {
        Cmu             0.09;
        kappa           0.41;
        E               9.8;
        type            epsilonWallFunction;
        value           nonuniform List<scalar> 
138
(
64.8978
53.7491
45.2721
38.57
33.2223
28.9353
25.4841
22.6883
20.4047
18.5233
16.9597
15.6497
14.5428
13.6018
12.7933
12.0987
11.4903
10.9649
10.4604
9.96895
9.51325
9.09159
8.7018
8.34141
8.00791
7.69885
7.41192
7.14501
6.89617
6.66368
6.44595
6.24157
6.04929
5.86797
5.6966
5.53427
5.38017
5.23356
5.09379
4.96024
4.83238
4.70972
4.59178
4.47816
4.36848
4.26239
4.15955
4.05967
3.96248
3.8677
3.77512
3.6845
3.59565
3.50839
3.42255
3.33798
3.25457
3.1722
3.09081
3.01034
2.93077
2.85209
2.77432
2.69749
2.62165
2.54689
2.47327
2.40089
2.32986
2.26026
2.1922
2.12577
2.06107
1.99819
1.93718
1.87812
1.82104
1.76599
1.71297
1.66202
1.61311
1.56624
1.52138
1.4785
1.43754
1.39848
1.36124
1.32577
1.29199
1.25985
1.22926
1.20016
1.17247
1.14612
1.12103
1.09711
1.07432
1.05255
1.03177
1.01186
0.9928
0.974459
0.956859
0.939835
0.923445
0.907489
0.892033
0.876937
0.862208
0.847712
0.833276
0.819119
0.804188
0.789876
0.77319
0.754863
0.740751
0.657399
0.846016
0.832415
0.835598
0.852004
0.869228
0.884885
0.900838
0.9186
0.938974
0.962385
0.989649
1.02145
1.05885
1.10356
1.15735
1.22185
1.30109
1.39804
1.51436
1.7279
)
;
    }
    lowerWall
    {
        Cmu             0.09;
        kappa           0.41;
        E               9.8;
        type            epsilonWallFunction;
        value           nonuniform List<scalar> 
163
(
134.093
93.3555
66.6703
49.8201
39.0827
32.184
27.6472
24.5336
22.2811
20.5674
19.2106
18.0982
17.1792
16.3747
15.7415
15.086
14.7095
14.2495
0.00157242
0.008449
0.020121
0.0355638
0.0536636
0.0717141
0.0880278
0.10148
0.111488
0.117971
0.121086
0.12077
0.118997
0.115196
0.109723
0.103687
0.0982449
0.0937021
0.0900975
0.087207
0.0869856
0.0904957
0.125563
0.399237
1.54145
0.00157242
0.00543798
0.0112739
0.0162357
0.0208071
0.0258414
0.0315277
0.0380743
0.045582
0.0542154
0.0643753
0.0766641
0.0917052
0.110194
0.132669
0.159226
0.189833
0.224304
0.26229
0.303334
0.347033
0.393032
0.441014
0.49069
0.541792
0.594063
0.647239
0.701048
0.755197
0.809368
0.863218
0.916384
0.968525
1.01944
1.06936
1.11733
1.16308
1.20633
1.24678
1.28415
1.31819
1.34868
1.37546
1.3984
1.41741
1.43242
1.44248
1.44858
1.45249
1.45195
1.44769
1.43995
1.42897
1.41498
1.39824
1.37898
1.35747
1.33397
1.30871
1.28195
1.25394
1.2249
1.19499
1.1644
1.13335
1.10201
1.07053
1.03905
1.00771
0.976616
0.945868
0.915559
0.88577
0.856567
0.828004
0.800128
0.77298
0.746589
0.720983
0.696178
0.672188
0.64903
0.626712
0.60522
0.584551
0.564699
0.545653
0.527393
0.509898
0.493145
0.477113
0.461771
0.447109
0.433005
0.419674
0.406442
0.394832
0.38045
0.371616
0.332579
0.398731
0.407222
0.410309
0.410387
0.407876
0.407132
0.408564
0.411849
0.417225
0.424895
0.435002
0.446748
0.461059
0.479065
0.500088
0.528634
0.556787
0.607501
0.643
0.753616
)
;
    }
    frontAndBack
    {
        type            empty;
    }
}


// ************************************************************************* //
