/*--------------------------------*- C++ -*----------------------------------*\
| =========                 |                                                 |
| \\      /  F ield         | OpenFOAM: The Open Source CFD Toolbox           |
|  \\    /   O peration     | Version:  5.x                                   |
|   \\  /    A nd           | Web:      www.OpenFOAM.org                      |
|    \\/     M anipulation  |                                                 |
\*---------------------------------------------------------------------------*/
FoamFile
{
    version     2.0;
    format      ascii;
    class       volScalarField;
    location    "151";
    object      nut;
}
// * * * * * * * * * * * * * * * * * * * * * * * * * * * * * * * * * * * * * //

dimensions      [0 2 -1 0 0 0 0];

internalField   nonuniform List<scalar> 
5760
(
6.91871e-05
4.81682e-05
3.43995e-05
2.57054e-05
2.01653e-05
1.66058e-05
1.4265e-05
1.26585e-05
1.14962e-05
1.0612e-05
9.91194e-06
9.33798e-06
8.86383e-06
8.44873e-06
8.12201e-06
7.7838e-06
7.58945e-06
7.35209e-06
0.000279429
0.000182131
0.000135603
0.00011868
0.000108665
0.000102516
9.83574e-05
9.51624e-05
9.24648e-05
9.00848e-05
8.79443e-05
8.60266e-05
8.42921e-05
8.27673e-05
8.14657e-05
8.01982e-05
7.99782e-05
7.733e-05
0.000514051
0.000349562
0.000273533
0.00023842
0.000219485
0.000207066
0.000198281
0.000191544
0.000186013
0.000181267
0.000177076
0.000173344
0.000169975
0.000166974
0.000164332
0.000161851
0.000160526
0.000157417
0.000683887
0.000511993
0.00041879
0.000364412
0.000335141
0.000315152
0.000300701
0.000289663
0.000280808
0.000273424
0.000267087
0.000261554
0.00025665
0.000252301
0.00024846
0.000244973
0.000242425
0.000238916
0.000778125
0.000643595
0.000549733
0.00048716
0.000448872
0.000421778
0.000401721
0.000386258
0.0003739
0.00036372
0.000355121
0.000347727
0.000341273
0.0003356
0.000330604
0.000326156
0.000322481
0.00031836
0.000822392
0.000733688
0.000656224
0.000596474
0.000553804
0.000522117
0.000497843
0.000478717
0.00046326
0.000450485
0.000439722
0.00043051
0.000422525
0.000415542
0.000409405
0.000403978
0.000399268
0.00039443
0.000840638
0.00078926
0.000733483
0.000683712
0.000643344
0.000611061
0.000585088
0.000563925
0.00054643
0.000531759
0.000519291
0.000508569
0.000499257
0.000491104
0.000483924
0.000477569
0.000471932
0.000466389
0.000847289
0.000819789
0.00078389
0.000747082
0.000713572
0.00068449
0.000659681
0.000638588
0.000620596
0.000605155
0.000591809
0.000580188
0.000570001
0.000561015
0.00055305
0.000545954
0.00053958
0.000533456
0.000849345
0.00083431
0.000812388
0.000787254
0.000762009
0.000738336
0.000716898
0.000697807
0.000680925
0.000666021
0.000652846
0.000641166
0.000630774
0.000621496
0.000613181
0.0006057
0.000598908
0.00059245
0.000849978
0.000841672
0.00082958
0.000814555
0.000798015
0.000781172
0.000764827
0.000749422
0.000735153
0.000722068
0.000710132
0.000699272
0.000689395
0.00068041
0.000672224
0.00066475
0.000657875
0.000651365
0.000850095
0.000844649
0.000838123
0.000830271
0.000821269
0.000811488
0.000801323
0.000791106
0.000781078
0.000771401
0.000762171
0.00075344
0.000745224
0.000737521
0.000730313
0.000723573
0.000717252
0.000711255
0.000850099
0.000845401
0.000840833
0.000836155
0.000831222
0.000825984
0.000820461
0.000814717
0.000808828
0.000802872
0.000796921
0.000791032
0.000785254
0.000779621
0.000774158
0.00076888
0.000763784
0.000758837
0.000850096
0.000845467
0.000841156
0.000837001
0.000832875
0.000828693
0.000824411
0.000820015
0.000815514
0.00081093
0.000806291
0.00080163
0.000796976
0.000792355
0.000787792
0.000783306
0.000778915
0.000774635
0.000850086
0.000844931
0.000839294
0.000832974
0.00082599
0.000818485
0.000810641
0.000802635
0.000794614
0.000786694
0.000778957
0.000771459
0.000764237
0.000757311
0.00075069
0.000744379
0.000738382
0.000732734
0.000849827
0.000840967
0.000828674
0.000813929
0.000797976
0.000781801
0.000766044
0.000751072
0.000737057
0.000724053
0.000712045
0.000700982
0.000690797
0.000681415
0.000672763
0.000664775
0.000657402
0.000650658
0.000846897
0.000821019
0.000788383
0.000754857
0.000723741
0.000696049
0.000671824
0.00065074
0.000632374
0.000616314
0.000602195
0.000589712
0.000578609
0.000568677
0.000559744
0.000551669
0.000544347
0.000537794
0.000827212
0.00075288
0.000685657
0.000630912
0.000588827
0.000555874
0.000529579
0.000508195
0.000490496
0.000475612
0.000462919
0.000451961
0.000442397
0.000433968
0.000426476
0.000419767
0.000413712
0.000408382
0.000741431
0.000596871
0.000507154
0.000447741
0.00041057
0.000383321
0.000362564
0.000346221
0.000332989
0.000322031
0.000312786
0.000304864
0.000297985
0.000291942
0.00028658
0.000281789
0.000277429
0.000273664
0.000505477
0.000359988
0.000291051
0.000253598
0.000229326
0.000211805
0.000198558
0.000188132
0.000179673
0.000172662
0.000166758
0.000161717
0.000157365
0.000153568
0.000150221
0.000147264
0.000144554
0.000142299
0.000166665
0.000138033
0.000116264
9.90519e-05
8.53186e-05
7.4309e-05
6.54461e-05
5.8266e-05
5.24015e-05
4.757e-05
4.35544e-05
4.01904e-05
3.73475e-05
3.4931e-05
3.28547e-05
3.1071e-05
2.95084e-05
2.81594e-05
1.78738e-08
1.61618e-07
3.34296e-07
4.80239e-07
6.13491e-07
7.59619e-07
9.23927e-07
1.11236e-06
1.32757e-06
1.57392e-06
1.86249e-06
2.21017e-06
2.63416e-06
3.15364e-06
3.78346e-06
4.52521e-06
5.37669e-06
6.33143e-06
7.37817e-06
8.50297e-06
9.6932e-06
1.09379e-05
1.22273e-05
1.35524e-05
1.4905e-05
1.62774e-05
1.76618e-05
1.90501e-05
2.04342e-05
2.1805e-05
2.31531e-05
2.44688e-05
2.57429e-05
2.69702e-05
2.81566e-05
2.92787e-05
3.03288e-05
3.13006e-05
3.21871e-05
3.2982e-05
3.368e-05
3.42767e-05
3.47693e-05
3.51557e-05
3.54354e-05
3.56081e-05
3.56526e-05
3.55935e-05
3.54761e-05
3.52485e-05
3.49282e-05
3.45235e-05
3.40415e-05
3.34891e-05
3.2874e-05
3.22031e-05
3.14839e-05
3.07233e-05
2.99284e-05
2.91053e-05
2.8261e-05
2.74011e-05
2.65299e-05
2.56522e-05
2.47732e-05
2.38971e-05
2.30276e-05
2.21679e-05
2.13207e-05
2.04887e-05
1.9674e-05
1.88782e-05
1.81031e-05
1.73497e-05
1.6619e-05
1.59115e-05
1.5228e-05
1.45686e-05
1.39334e-05
1.33225e-05
1.27357e-05
1.2173e-05
1.1634e-05
1.1118e-05
1.06247e-05
1.01535e-05
9.70369e-06
9.2746e-06
8.86547e-06
8.47545e-06
8.10379e-06
7.74958e-06
7.41223e-06
7.08943e-06
6.7844e-06
6.48579e-06
6.21766e-06
5.91071e-06
5.69484e-06
5.02642e-06
9.60472e-08
5.16438e-06
1.32625e-05
1.80019e-05
2.06275e-05
2.22707e-05
2.37278e-05
2.51762e-05
2.66205e-05
2.80797e-05
2.96593e-05
3.14929e-05
3.36009e-05
3.60817e-05
3.90741e-05
4.24902e-05
4.63081e-05
5.05607e-05
5.52062e-05
6.01987e-05
6.54872e-05
7.1021e-05
7.67519e-05
8.26356e-05
8.86322e-05
9.47058e-05
0.000100824
0.000106957
0.000113073
0.000119143
0.00012513
0.000130988
0.000136645
0.000141979
0.000146744
0.000151175
0.000155371
0.000159302
0.000162948
0.000166288
0.000169304
0.000171981
0.000174308
0.000176281
0.000177901
0.000179184
0.000180065
0.000180498
0.000180681
0.000180585
0.000180144
0.000179399
0.000178372
0.000177084
0.000175557
0.000173813
0.000171872
0.000169756
0.000167485
0.000165078
0.000162554
0.00015993
0.000157222
0.000154444
0.000151613
0.000148743
0.000145844
0.000142927
0.000140001
0.000137076
0.00013416
0.000131258
0.000128378
0.000125523
0.000122698
0.000119906
0.000117151
0.000114436
0.000111762
0.000109132
0.000106547
0.000104005
0.000101509
9.90603e-05
9.66608e-05
9.43104e-05
9.20086e-05
8.97545e-05
8.75468e-05
8.5385e-05
8.32676e-05
8.11947e-05
7.91615e-05
7.7172e-05
7.52037e-05
7.31765e-05
7.11724e-05
6.87923e-05
6.6854e-05
6.02911e-05
2.28713e-07
1.15826e-05
2.78812e-05
3.81572e-05
4.42909e-05
4.82884e-05
5.14411e-05
5.43549e-05
5.72748e-05
6.0336e-05
6.36739e-05
6.74492e-05
7.19023e-05
7.71156e-05
8.30187e-05
8.97233e-05
9.73157e-05
0.000105497
0.000114221
0.000123391
0.000132908
0.000142683
0.000152636
0.000162701
0.000172822
0.000182951
0.000193047
0.000203072
0.000212987
0.00022275
0.000232312
0.000241612
0.000250569
0.000259081
0.000267085
0.000274695
0.000281924
0.000288734
0.000295093
0.00030097
0.000306338
0.000311175
0.000315463
0.000319195
0.00032237
0.000325014
0.000327124
0.000328372
0.000329268
0.000329704
0.000329591
0.000328974
0.000327887
0.000326359
0.000324419
0.0003221
0.00031943
0.000316441
0.000313163
0.000309624
0.000305849
0.000301867
0.000297701
0.000293379
0.000288923
0.000284355
0.000279694
0.000274955
0.000270155
0.000265311
0.000260435
0.00025554
0.000250636
0.00024573
0.000240832
0.000235949
0.000231087
0.000226251
0.000221446
0.000216678
0.000211948
0.000207259
0.000202614
0.000198019
0.000193474
0.000188981
0.000184541
0.000180152
0.000175813
0.000171525
0.000167287
0.000163102
0.00015896
0.000154871
0.000150812
0.00014671
0.000142666
0.000137969
0.000134516
0.000123864
4.04264e-07
1.7546e-05
3.96482e-05
5.36047e-05
6.20904e-05
6.78091e-05
7.24307e-05
7.68221e-05
8.13942e-05
8.63717e-05
9.1931e-05
9.82368e-05
0.00010543
0.000113559
0.000122602
0.00013255
0.000143195
0.000154606
0.000166532
0.000178856
0.000191472
0.000204282
0.000217206
0.000230176
0.000243138
0.000256044
0.000268854
0.000281528
0.000294026
0.000306305
0.00031832
0.000330013
0.000341314
0.000352153
0.000362528
0.000372458
0.000381922
0.000390878
0.000399288
0.000407112
0.000414318
0.000420876
0.000426764
0.000431967
0.000436475
0.0004404
0.00044363
0.000445729
0.000447469
0.00044858
0.000449011
0.000448802
0.000447987
0.000446602
0.000444679
0.000442255
0.000439363
0.000436039
0.000432319
0.000428235
0.000423821
0.000419106
0.000414123
0.000408903
0.000403474
0.000397865
0.000392099
0.000386212
0.000380223
0.00037414
0.000367979
0.000361755
0.000355483
0.000349174
0.000342842
0.000336497
0.000330147
0.000323803
0.000317471
0.000311159
0.00030487
0.000298612
0.000292392
0.000286214
0.000280081
0.000273997
0.000267961
0.000261972
0.000256028
0.000250134
0.000244287
0.00023849
0.000232737
0.000227034
0.000221362
0.000215655
0.000210049
0.000203625
0.000199023
0.000186176
6.10383e-07
2.25567e-05
4.96492e-05
6.6846e-05
7.74882e-05
8.48475e-05
9.09262e-05
9.68056e-05
0.000103026
0.000109872
0.000117522
0.000126104
0.00013569
0.000146281
0.000157825
0.000170239
0.000183396
0.000197085
0.000211213
0.000225682
0.000240382
0.000255215
0.000270099
0.000284968
0.000299766
0.000314446
0.000328969
0.000343297
0.000357392
0.000371216
0.000384736
0.000397912
0.000410711
0.000423102
0.000435046
0.000446523
0.0004575
0.000467934
0.000477783
0.000487005
0.000495564
0.000503426
0.000510564
0.000516958
0.000522595
0.000527653
0.000531819
0.000534862
0.000537483
0.000539371
0.000540501
0.000540906
0.00054062
0.000539677
0.000538109
0.000535953
0.000533243
0.000530016
0.000526309
0.000522157
0.000517595
0.000512656
0.000507375
0.000501785
0.000495919
0.000489807
0.000483476
0.000476952
0.000470262
0.000463429
0.000456474
0.000449415
0.00044227
0.000435055
0.000427785
0.000420474
0.000413133
0.000405774
0.000398407
0.000391041
0.000383694
0.000376372
0.000369077
0.000361813
0.000354584
0.000347395
0.000340245
0.000333132
0.000326057
0.000319024
0.000312033
0.000305088
0.000298183
0.000291324
0.000284498
0.00027764
0.000270918
0.000263331
0.000257923
0.000243662
8.16235e-07
2.68591e-05
5.81596e-05
7.84025e-05
9.11735e-05
0.000100178
0.000107701
0.00011501
0.000122759
0.000131273
0.000140722
0.000151186
0.000162683
0.000175167
0.000188549
0.000202712
0.000217508
0.000232783
0.000248432
0.000264319
0.000280335
0.000296394
0.000312425
0.000328373
0.000344193
0.000359851
0.000375317
0.000390567
0.000405576
0.00042032
0.000434764
0.000448879
0.000462633
0.000475997
0.000488936
0.000501418
0.000513404
0.000524851
0.000535715
0.000545952
0.000555522
0.000564387
0.000572516
0.000579884
0.000586483
0.000592499
0.000597499
0.000601479
0.000604957
0.000607645
0.000609529
0.00061064
0.000611006
0.00061066
0.000609633
0.000607956
0.000605666
0.000602796
0.000599384
0.000595463
0.000591071
0.000586242
0.000581009
0.000575407
0.00056947
0.00056323
0.000556718
0.00054996
0.000542985
0.000535819
0.000528485
0.000521005
0.000513398
0.000505685
0.000497881
0.000490004
0.000482068
0.000474086
0.000466073
0.000458037
0.000449992
0.00044195
0.000433921
0.000425913
0.000417932
0.000409981
0.000402059
0.000394173
0.000386324
0.000378508
0.000370727
0.000362986
0.000355281
0.000347618
0.000339994
0.000332343
0.000324848
0.000316541
0.000310429
0.000295863
1.00254e-06
3.03721e-05
6.52064e-05
8.8325e-05
0.000103232
0.000113915
0.000122871
0.000131532
0.000140646
0.00015058
0.000161488
0.000173416
0.00018634
0.000200182
0.000214834
0.000230164
0.00024602
0.000262259
0.000278763
0.000295413
0.000312115
0.000328792
0.000345384
0.000361846
0.000378145
0.000394258
0.000410165
0.000425853
0.000441304
0.000456504
0.000471429
0.000486057
0.000500362
0.000514314
0.000527879
0.00054102
0.000553696
0.000565863
0.000577473
0.000588482
0.000598847
0.000608524
0.000617477
0.000625671
0.000633132
0.000639953
0.000645741
0.000650638
0.000654937
0.000658432
0.000661092
0.00066295
0.000664034
0.000664371
0.000663988
0.000662917
0.000661187
0.000658833
0.000655888
0.000652388
0.000648366
0.000643858
0.000638896
0.000633516
0.000627751
0.000621633
0.000615195
0.000608466
0.000601474
0.000594246
0.000586808
0.000579183
0.000571394
0.000563461
0.000555405
0.000547242
0.000538991
0.000530667
0.000522285
0.000513859
0.000505401
0.000496927
0.000488451
0.000479983
0.000471529
0.000463092
0.00045467
0.000446267
0.000437884
0.000429526
0.000421199
0.000412909
0.000404664
0.000396461
0.000388303
0.000380128
0.000372118
0.000363408
0.00035671
0.000342563
1.15639e-06
3.30642e-05
7.08028e-05
9.65825e-05
0.000113606
0.000125985
0.000136361
0.000146288
0.000156599
0.000167711
0.000179761
0.000192764
0.000206673
0.000221399
0.000236826
0.000252848
0.000269283
0.000285993
0.000302861
0.000319787
0.000336688
0.000353504
0.000370188
0.000386712
0.000403055
0.000419209
0.000435167
0.000450926
0.000466481
0.000481823
0.000496939
0.000511809
0.00052641
0.000540712
0.00055468
0.000568274
0.00058145
0.000594161
0.000606359
0.000617996
0.000629023
0.000639396
0.000649072
0.000658009
0.000666251
0.000673753
0.000680331
0.000686101
0.000691198
0.000695506
0.000698943
0.000701567
0.000703401
0.000704469
0.000704793
0.000704399
0.000703316
0.000701573
0.000699204
0.000696241
0.000692718
0.000688667
0.000684122
0.000679115
0.000673682
0.000667854
0.000661663
0.000655139
0.000648312
0.00064121
0.000633858
0.000626283
0.000618507
0.000610553
0.000602443
0.000594196
0.000585832
0.000577367
0.00056882
0.000560204
0.000551536
0.000542833
0.00053411
0.000525382
0.000516656
0.000507933
0.000499209
0.000490488
0.000481776
0.000473081
0.000464407
0.000455766
0.000447159
0.000438596
0.000430085
0.000421583
0.000413251
0.000404357
0.000397207
0.000383796
1.27104e-06
3.4962e-05
7.50018e-05
0.000103172
0.000122239
0.000136301
0.000148063
0.000159183
0.000170503
0.000182409
0.000195187
0.000208888
0.000223448
0.000238752
0.000254653
0.000270984
0.000287592
0.000304349
0.000321157
0.000337936
0.000354624
0.000371178
0.000387573
0.000403799
0.000419856
0.000435748
0.000451485
0.000467074
0.000482517
0.000497812
0.000512948
0.000527908
0.000542666
0.00055719
0.000571443
0.00058538
0.000598954
0.000612116
0.000624814
0.000636995
0.00064861
0.000659609
0.000669945
0.000679577
0.000688518
0.000696679
0.000704012
0.000710598
0.000716494
0.000721623
0.000725826
0.000729222
0.000731824
0.000733649
0.000734714
0.000735042
0.000734658
0.000733589
0.000731865
0.000729515
0.000726573
0.000723069
0.000719037
0.000714507
0.000709513
0.000704088
0.000698262
0.000692068
0.000685533
0.000678687
0.000671556
0.000664168
0.000656545
0.000648713
0.000640693
0.000632508
0.000624177
0.000615721
0.000607156
0.000598501
0.000589773
0.00058099
0.000572172
0.000563332
0.000554481
0.000545622
0.000536743
0.000527852
0.000518958
0.00051007
0.000501196
0.000492348
0.000483533
0.000474761
0.000466047
0.000457356
0.000448834
0.0004399
0.00043243
0.000419855
1.34546e-06
3.61283e-05
7.78954e-05
0.000108138
0.000129122
0.000144823
0.00015787
0.000169838
0.000181871
0.000194543
0.00020798
0.000222172
0.00023705
0.000252496
0.000268378
0.000284659
0.000301079
0.000317494
0.000333849
0.000350096
0.000366203
0.000382154
0.000397951
0.000413608
0.000429144
0.00044458
0.000459936
0.000475226
0.000490455
0.000505622
0.000520714
0.000535708
0.000550575
0.000565278
0.000579772
0.00059401
0.00060794
0.000621509
0.000634663
0.000647346
0.000659505
0.000671087
0.000682043
0.00069233
0.000701919
0.000710746
0.000718775
0.00072614
0.000732854
0.000738774
0.000743739
0.000747909
0.000751287
0.000753884
0.000755712
0.00075679
0.000757139
0.000756783
0.000755749
0.000754065
0.00075176
0.000748866
0.000745412
0.00074143
0.000736952
0.00073201
0.000726635
0.000720857
0.000714707
0.000708211
0.000701399
0.000694297
0.000686931
0.000679325
0.000671503
0.000663488
0.000655301
0.000646964
0.000638495
0.000629913
0.000621239
0.000612492
0.000603692
0.000594854
0.000585991
0.000577108
0.000568186
0.000559237
0.000550273
0.000541303
0.000532341
0.000523397
0.000514485
0.000505615
0.000496808
0.000488039
0.000479438
0.000470552
0.000462883
0.000451133
1.38151e-06
3.6653e-05
7.95999e-05
0.000111576
0.000134255
0.000151212
0.000165295
0.000178335
0.000191209
0.00020439
0.000218093
0.00023236
0.000247145
0.000262339
0.000277976
0.000293794
0.000309614
0.000325287
0.000340805
0.000356164
0.000371371
0.00038645
0.000401431
0.000416352
0.000431251
0.000446159
0.000461098
0.000476082
0.00049111
0.000506173
0.000521249
0.000536307
0.000551308
0.000566206
0.000580952
0.000595493
0.000609773
0.000623737
0.000637328
0.000650488
0.000663164
0.000675297
0.000686841
0.000697745
0.000707965
0.000717389
0.000726153
0.00073424
0.000741779
0.000748443
0.000754165
0.000759106
0.000763264
0.000766639
0.000769242
0.000771087
0.00077219
0.000772573
0.00077226
0.000771277
0.000769651
0.00076741
0.000764584
0.000761201
0.000757295
0.000752895
0.000748033
0.000742738
0.00073704
0.000730967
0.000724548
0.000717809
0.000710778
0.000703478
0.000695935
0.000688174
0.000680217
0.000672085
0.0006638
0.000655381
0.00064685
0.000638229
0.000629537
0.00062079
0.000612002
0.000603179
0.000594302
0.000585382
0.000576434
0.00056747
0.000558506
0.000549555
0.000540631
0.00053175
0.000522933
0.000514169
0.000505572
0.000496798
0.000489028
0.000478049
1.37824e-06
3.65908e-05
8.01925e-05
0.000113226
0.000137189
0.000155618
0.000170957
0.000184797
0.000198117
0.000211447
0.000225049
0.000238952
0.000253264
0.000268085
0.000283024
0.000297892
0.000312624
0.000327143
0.000341467
0.000355646
0.000369734
0.000383794
0.000397888
0.000412069
0.000426379
0.000440845
0.000455481
0.000470285
0.00048524
0.000500322
0.000515492
0.000530707
0.000545917
0.000561068
0.000576105
0.000590972
0.000605611
0.000619966
0.000633981
0.000647598
0.000660766
0.00067342
0.000685517
0.000697006
0.000707778
0.000717813
0.000727306
0.000736078
0.000744424
0.00075177
0.000758241
0.000763947
0.000768878
0.000773031
0.000776412
0.00077903
0.0007809
0.000782039
0.000782467
0.000782209
0.000781289
0.000779734
0.000777571
0.000774826
0.000771534
0.000767723
0.000763421
0.000758661
0.00075347
0.000747875
0.000741906
0.000735592
0.000728957
0.000722027
0.00071483
0.000707391
0.000699731
0.000691875
0.000683844
0.000675659
0.000667344
0.000658921
0.000650409
0.000641825
0.000633183
0.000624488
0.000615723
0.000606901
0.00059804
0.000589153
0.000580257
0.000571367
0.000562501
0.000553676
0.000544917
0.000536222
0.000527691
0.000519072
0.000511284
0.000501004
1.35831e-06
3.62469e-05
7.99935e-05
0.000113933
0.000139131
0.000158522
0.000174495
0.000188668
0.000202065
0.000215015
0.000228027
0.000241473
0.000255131
0.000268785
0.000282337
0.000295719
0.000308925
0.000321949
0.000334858
0.000347743
0.000360708
0.000373845
0.000387225
0.000400894
0.000414877
0.000429177
0.000443779
0.000458653
0.00047376
0.00048905
0.000504471
0.000519967
0.000535479
0.000550946
0.000566313
0.000581525
0.000596524
0.000611256
0.000625675
0.000639716
0.000653341
0.00066647
0.000679078
0.000691085
0.000702304
0.000713074
0.000723164
0.000732644
0.000741703
0.00074968
0.000756887
0.000763341
0.000769031
0.000773951
0.000778102
0.000781491
0.000784128
0.000786027
0.000787208
0.000787689
0.000787493
0.000786645
0.000785171
0.00078309
0.000780445
0.000777257
0.000773554
0.00076937
0.000764727
0.000759656
0.000754185
0.000748344
0.000742157
0.00073565
0.000728853
0.000721791
0.000714487
0.000706965
0.000699247
0.000691357
0.00068332
0.000675156
0.000666883
0.000658521
0.000650082
0.00064157
0.000632972
0.000624307
0.00061559
0.000606838
0.000598068
0.000589298
0.000580546
0.000571833
0.000563185
0.000554609
0.000546194
0.00053776
0.000530018
0.00052037
1.31527e-06
3.55282e-05
7.91928e-05
0.000113683
0.000139581
0.000159481
0.0001756
0.000189395
0.000202052
0.000214465
0.000226681
0.000238696
0.00025058
0.000262282
0.000273837
0.000285307
0.000296778
0.000308324
0.000319978
0.000331852
0.000344083
0.00035676
0.000369923
0.00038358
0.000397708
0.000412269
0.000427207
0.000442461
0.000457965
0.000473655
0.000489468
0.000505341
0.000521213
0.000537022
0.00055272
0.000568261
0.00058359
0.000598653
0.000613429
0.000627829
0.000641861
0.000655393
0.00066845
0.000680728
0.000692517
0.000703696
0.000714242
0.000724413
0.000733943
0.00074253
0.000750423
0.000757594
0.000764027
0.000769712
0.000774645
0.000778827
0.000782263
0.000784963
0.000786941
0.000788211
0.000788794
0.000788711
0.000787984
0.000786626
0.000784652
0.000782111
0.000779036
0.00077546
0.000771399
0.000766887
0.000761953
0.000756626
0.000750931
0.000744889
0.00073854
0.000731904
0.000725005
0.000717866
0.000710514
0.000702972
0.000695263
0.000687409
0.000679426
0.000671335
0.000663147
0.000654864
0.000646483
0.000638023
0.000629501
0.000620934
0.00061234
0.000603738
0.000595149
0.000586594
0.000578102
0.000569686
0.000561427
0.0005532
0.000545554
0.000536473
1.25277e-06
3.45273e-05
7.74967e-05
0.000111843
0.000137614
0.000156946
0.00017223
0.000185474
0.000197134
0.00020764
0.000217512
0.000226945
0.000236159
0.000245332
0.000254656
0.000264306
0.00027445
0.000285181
0.00029644
0.000308166
0.00032054
0.000333597
0.000347305
0.000361605
0.000376419
0.000391667
0.000407266
0.000423129
0.000439182
0.000455359
0.000471599
0.000487848
0.000504051
0.000520146
0.000536108
0.000551904
0.000567478
0.000582777
0.000597839
0.000612492
0.000626679
0.000640236
0.000653318
0.000666018
0.000678263
0.00069001
0.000701178
0.000712115
0.000722254
0.000731611
0.00074026
0.000748172
0.000755336
0.000761743
0.000767392
0.000772284
0.000776425
0.000779825
0.000782497
0.000784457
0.000785723
0.000786315
0.000786258
0.000785603
0.000784357
0.000782529
0.000780146
0.000777243
0.000773846
0.000769977
0.00076566
0.000760924
0.000755794
0.000750287
0.000744434
0.00073827
0.000731822
0.000725115
0.000718176
0.000711027
0.000703692
0.000696193
0.000688542
0.000680763
0.000672865
0.000664848
0.000656724
0.00064851
0.000640222
0.000631878
0.000623498
0.0006151
0.000606709
0.000598344
0.000590037
0.000581808
0.000573728
0.000565715
0.000558196
0.000549616
1.18447e-06
3.33559e-05
7.50359e-05
0.0001081
0.000132202
0.000150256
0.000163991
0.00017429
0.000182381
0.000189333
0.000195793
0.000202266
0.000209146
0.000216731
0.000225205
0.000234671
0.000245029
0.000256184
0.000268035
0.000280834
0.000294456
0.000308777
0.000323686
0.000339081
0.000354866
0.00037095
0.000387256
0.000403697
0.000420208
0.000436748
0.00045327
0.000469738
0.000486112
0.000502318
0.000518376
0.000534274
0.000549941
0.000565294
0.000580377
0.00059484
0.000608977
0.000622966
0.000636536
0.000649696
0.000662472
0.000674735
0.00068661
0.000697978
0.000708529
0.000718325
0.000727432
0.000735847
0.000743558
0.000750552
0.000756823
0.000762367
0.000767183
0.000771276
0.000774654
0.000777327
0.000779309
0.000780616
0.000781269
0.00078129
0.000780693
0.000779506
0.000777748
0.000775434
0.000772609
0.000769302
0.000765539
0.000761345
0.000756749
0.000751797
0.00074649
0.000740852
0.000734911
0.000728693
0.000722222
0.000715522
0.000708615
0.000701525
0.00069426
0.000686837
0.00067927
0.00067157
0.000663752
0.000655832
0.000647827
0.000639756
0.000631638
0.000623494
0.000615346
0.000607218
0.000599141
0.000591139
0.000583278
0.000575507
0.000568154
0.000560041
1.12289e-06
3.21818e-05
7.19627e-05
0.000102446
0.000124002
0.000138388
0.000147132
0.000152485
0.000156401
0.000160176
0.000164665
0.000170401
0.000177582
0.000186276
0.000196372
0.000207585
0.000219447
0.000232152
0.000245812
0.000260233
0.000275263
0.000290748
0.00030659
0.000322711
0.000339037
0.000355505
0.000372068
0.00038864
0.000405183
0.000421693
0.000438134
0.000454489
0.000470736
0.000486745
0.000502641
0.000518417
0.000533952
0.000548838
0.00056372
0.000578349
0.000592671
0.000606797
0.000620629
0.000634041
0.000646885
0.000659221
0.000671227
0.000682523
0.000693254
0.000703381
0.000712871
0.000721706
0.00072987
0.000737348
0.000744131
0.000750212
0.000755586
0.000760256
0.000764226
0.000767502
0.000770097
0.000772023
0.000773298
0.000773939
0.000773963
0.000773394
0.000772251
0.000770563
0.000768352
0.000765645
0.000762467
0.000758845
0.000754803
0.00075037
0.00074557
0.000740429
0.000734972
0.000729225
0.000723211
0.000716952
0.000710471
0.000703785
0.000696917
0.000689875
0.000682675
0.000675329
0.000667855
0.000660269
0.000652587
0.000644829
0.000637015
0.000629165
0.000621303
0.000613451
0.000605639
0.000597899
0.000590289
0.000582783
0.000575639
0.000567976
1.07153e-06
3.09958e-05
6.7797e-05
9.42996e-05
0.000110123
0.000117355
0.000120205
0.000121735
0.00012405
0.000128256
0.000134644
0.000143218
0.000153526
0.000165335
0.000177748
0.000190848
0.000204752
0.000219272
0.000234291
0.000249697
0.00026542
0.00028131
0.000297345
0.000313497
0.000329723
0.000345986
0.000362286
0.0003785
0.000394638
0.000410742
0.000426763
0.0004427
0.000458561
0.00047407
0.000489597
0.000504938
0.000519885
0.000534669
0.000549349
0.000563939
0.000578269
0.00059222
0.000605736
0.000618853
0.000631567
0.000644025
0.000655905
0.000667274
0.00067812
0.000688408
0.000698107
0.000707193
0.000715647
0.000723451
0.000730593
0.000737064
0.000742858
0.000747972
0.000752407
0.000756169
0.000759266
0.000761707
0.000763506
0.00076468
0.000765244
0.000765217
0.00076462
0.000763475
0.000761805
0.000759636
0.00075699
0.000753894
0.000750371
0.000746448
0.00074215
0.000737502
0.000732527
0.00072725
0.000721694
0.00071588
0.000709832
0.000703564
0.000697084
0.000690419
0.000683586
0.000676599
0.000669475
0.00066223
0.000654883
0.000647452
0.000639956
0.000632418
0.000624859
0.000617307
0.000609788
0.000602334
0.000595001
0.000587777
0.000580868
0.000573627
1.03085e-06
2.94829e-05
6.19885e-05
8.08271e-05
8.75348e-05
8.86863e-05
8.93403e-05
9.22791e-05
9.82761e-05
0.00010722
0.000118271
0.000131135
0.000144368
0.000158033
0.000172348
0.000187125
0.000202121
0.000217286
0.000232613
0.000248058
0.00026365
0.000279178
0.000294747
0.000310368
0.000325999
0.000341621
0.000357298
0.000372789
0.000388215
0.000403669
0.000419033
0.000434313
0.000449512
0.00046454
0.000479407
0.00049402
0.000508658
0.000523225
0.000537628
0.000551723
0.000565493
0.000578982
0.000592209
0.000605087
0.000617686
0.000629847
0.000641595
0.000652884
0.000663689
0.00067398
0.000683727
0.000692905
0.000701493
0.000709472
0.000716827
0.000723546
0.000729621
0.000735047
0.000739823
0.000743951
0.000747435
0.000750284
0.000752509
0.000754121
0.000755136
0.000755571
0.000755443
0.000754773
0.000753582
0.000751892
0.000749727
0.00074711
0.000744064
0.000740615
0.000736785
0.000732599
0.000728079
0.000723248
0.000718129
0.00071274
0.000707102
0.000701232
0.000695143
0.000688858
0.000682395
0.000675771
0.000669002
0.000662105
0.000655099
0.000648001
0.000640831
0.000633612
0.000626363
0.000619112
0.000611888
0.000604721
0.000597662
0.000590713
0.00058404
0.000577177
9.98281e-07
2.73573e-05
5.20915e-05
5.99899e-05
6.09616e-05
6.28042e-05
6.82868e-05
7.77757e-05
8.99492e-05
0.000104074
0.00011827
0.000132721
0.000147589
0.000162524
0.000177531
0.000192649
0.000207592
0.000222481
0.000237392
0.000252283
0.000267289
0.000281996
0.000296776
0.000311604
0.000326403
0.000341181
0.000355962
0.000370669
0.000385307
0.000399927
0.000414503
0.000429022
0.000443471
0.000457778
0.000471944
0.000486204
0.000500357
0.000514222
0.000527879
0.00054141
0.000554692
0.000567708
0.000580582
0.000593062
0.00060527
0.000617125
0.000628603
0.000639668
0.00065029
0.000660441
0.000670094
0.000679221
0.000687802
0.000695815
0.000703246
0.000710079
0.000716305
0.000721918
0.000726913
0.00073129
0.000735052
0.000738203
0.000740751
0.000742708
0.000744086
0.000744898
0.000745161
0.000744892
0.000744111
0.000742839
0.000741097
0.000738906
0.000736288
0.000733266
0.000729863
0.0007261
0.000722
0.000717583
0.000712869
0.000707877
0.000702626
0.000697135
0.000691421
0.000685504
0.000679401
0.00067313
0.000666708
0.000660152
0.00065348
0.00064671
0.000639863
0.000632958
0.000626018
0.000619066
0.000612134
0.000605247
0.000598456
0.000591769
0.000585322
0.000578789
9.96283e-07
2.39167e-05
3.63744e-05
3.8944e-05
4.34305e-05
5.30324e-05
6.59443e-05
8.14587e-05
9.69965e-05
0.000112193
0.00012764
0.000143089
0.000158254
0.000173149
0.000187938
0.00020276
0.000217089
0.000231339
0.000245603
0.000259756
0.000273885
0.000287874
0.000301818
0.000315742
0.000329662
0.000343561
0.00035745
0.000371305
0.000385104
0.000398885
0.000412649
0.000426398
0.000440117
0.000453731
0.000467357
0.000480782
0.000494089
0.000507278
0.000520301
0.000533259
0.000545964
0.000558443
0.000570754
0.000582772
0.00059452
0.000605956
0.00061705
0.000627771
0.00063809
0.000647979
0.000657411
0.000666363
0.00067481
0.000682733
0.000690115
0.000696941
0.0007032
0.000708883
0.000713984
0.0007185
0.000722433
0.000725785
0.000728561
0.00073077
0.000732422
0.000733528
0.000734103
0.000734162
0.000733723
0.000732803
0.000731422
0.000729599
0.000727356
0.000724711
0.000721688
0.000718304
0.000714581
0.000710537
0.000706192
0.000701565
0.000696676
0.000691542
0.00068618
0.000680611
0.00067485
0.000668916
0.000662826
0.000656597
0.000650247
0.000643793
0.000637255
0.000630654
0.000624011
0.000617347
0.000610693
0.000604074
0.000597536
0.000591092
0.000584857
0.0005786
1.03726e-06
1.6956e-05
2.27571e-05
3.07754e-05
4.36916e-05
6.06182e-05
7.73795e-05
9.34447e-05
0.000109982
0.000125742
0.000141216
0.000156648
0.000171443
0.00018588
0.000200253
0.000214433
0.000228304
0.000241952
0.000255494
0.000268927
0.000282274
0.000295514
0.000308677
0.000321776
0.000334885
0.000347962
0.000361018
0.000374051
0.000387074
0.000400118
0.000413167
0.000426171
0.00043901
0.000451861
0.000464635
0.000477321
0.00048992
0.000502418
0.000514781
0.000527049
0.000539132
0.000551015
0.00056272
0.000574183
0.000585393
0.000596322
0.000606941
0.000617222
0.000627138
0.000636663
0.000645772
0.00065444
0.000662647
0.000670372
0.000677597
0.000684308
0.000690492
0.000696139
0.000701243
0.000705799
0.000709805
0.000713263
0.000716175
0.000718548
0.00072039
0.00072171
0.00072252
0.000722834
0.000722666
0.000722032
0.000720949
0.000719436
0.00071751
0.00071519
0.000712495
0.000709441
0.000706051
0.00070234
0.000698328
0.000694034
0.000689474
0.000684669
0.000679634
0.000674387
0.000668946
0.000663328
0.00065755
0.000651629
0.000645581
0.000639426
0.000633181
0.000626866
0.000620502
0.000614109
0.000607715
0.000601345
0.00059504
0.000588816
0.000582774
0.000576737
1.44158e-06
1.08116e-05
2.16276e-05
3.83108e-05
5.6539e-05
7.42702e-05
9.16473e-05
0.000108185
0.000124896
0.00014033
0.000155589
0.000170644
0.000185193
0.00019933
0.000213196
0.000226833
0.000240207
0.000253301
0.000266245
0.000279056
0.000291728
0.000304289
0.000316765
0.000329154
0.000341583
0.000353947
0.000366279
0.000378593
0.000390896
0.000403152
0.00041536
0.000427466
0.000439592
0.000451687
0.000463724
0.000475687
0.000487571
0.000499362
0.000511035
0.000522604
0.000534019
0.000545256
0.000556318
0.000567166
0.000577781
0.000588138
0.000598214
0.000607981
0.000617416
0.000626495
0.000635195
0.000643493
0.000651369
0.000658804
0.00066578
0.000672282
0.000678299
0.000683818
0.000688832
0.000693336
0.000697327
0.000700803
0.000703766
0.000706221
0.000708173
0.000709629
0.0007106
0.000711097
0.000711132
0.000710718
0.000709871
0.000708607
0.000706941
0.00070489
0.000702472
0.000699702
0.000696599
0.00069318
0.000689464
0.000685465
0.000681203
0.000676695
0.000671956
0.000667005
0.000661857
0.00065653
0.00065104
0.000645404
0.000639638
0.000633759
0.000627786
0.000621736
0.00061563
0.000609486
0.000603331
0.000597186
0.000591089
0.000585057
0.000579185
0.000573311
4.59524e-06
1.32769e-05
3.15979e-05
5.19066e-05
7.07329e-05
8.91992e-05
0.000106555
0.000123143
0.000139664
0.000155295
0.000170381
0.000185064
0.000199293
0.000213118
0.000226579
0.000239767
0.000252685
0.000265266
0.000277703
0.000289979
0.000302058
0.000314024
0.000325891
0.000337665
0.0003494
0.000361061
0.000372671
0.000384244
0.000395789
0.000407326
0.000418779
0.000430218
0.000441625
0.000452997
0.000464315
0.000475567
0.00048674
0.000497825
0.000508801
0.000519668
0.000530395
0.00054096
0.000551355
0.000561552
0.000571533
0.000581276
0.000590759
0.00059996
0.000608857
0.000617428
0.000625653
0.000633511
0.000640983
0.000648053
0.000654702
0.000660917
0.000666685
0.000671996
0.00067684
0.000681211
0.000685105
0.00068852
0.000691456
0.000693916
0.000695903
0.000697424
0.000698485
0.000699096
0.000699267
0.00069901
0.000698337
0.000697263
0.000695801
0.000693966
0.000691774
0.000689241
0.000686381
0.000683213
0.000679751
0.000676012
0.000672012
0.000667767
0.000663294
0.000658608
0.000653725
0.000648662
0.000643433
0.000638056
0.000632546
0.000626919
0.000621193
0.000615384
0.000609511
0.000603592
0.000597649
0.000591703
0.00058579
0.000579919
0.000574193
0.000568421
1.77703e-05
2.36896e-05
4.40389e-05
6.6179e-05
8.59668e-05
0.00010477
0.000122681
0.00013942
0.00015559
0.000171008
0.000185813
0.000200108
0.000213939
0.000227386
0.000240413
0.000253155
0.000265604
0.000277695
0.000289597
0.00030132
0.000312855
0.000324247
0.000335522
0.00034669
0.000357796
0.000368835
0.000379816
0.000390748
0.00040164
0.000412506
0.000423296
0.000434065
0.000444792
0.000455474
0.000466101
0.000476661
0.000487142
0.000497533
0.000507817
0.000517988
0.000528027
0.000537911
0.000547628
0.000557159
0.000566484
0.000575587
0.000584447
0.000593045
0.000601362
0.000609381
0.000617082
0.000624448
0.00063146
0.000638104
0.000644364
0.000650226
0.000655678
0.000660711
0.000665314
0.000669481
0.000673208
0.000676491
0.00067933
0.000681724
0.000683678
0.000685194
0.000686279
0.000686939
0.000687183
0.000687021
0.000686464
0.000685523
0.000684211
0.000682541
0.000680527
0.000678183
0.000675523
0.000672563
0.000669316
0.000665798
0.000662024
0.000658009
0.000653767
0.000649315
0.000644667
0.000639837
0.000634842
0.000629697
0.000624415
0.000619014
0.000613507
0.000607912
0.000602246
0.000596523
0.000590767
0.000584991
0.000579232
0.000573489
0.000567884
0.000562151
1.58621e-05
3.80033e-05
6.31113e-05
8.64012e-05
0.000106901
0.000125541
0.000143001
0.000159398
0.000175062
0.000189989
0.000204323
0.000218091
0.000231404
0.000244374
0.000256937
0.000269086
0.000280964
0.000292535
0.000303873
0.000315012
0.000325964
0.000336757
0.000347415
0.000357955
0.000368407
0.000378778
0.000389077
0.000399314
0.000409495
0.000419609
0.000429682
0.000439697
0.000449659
0.000459561
0.000469396
0.000479158
0.00048883
0.000498405
0.000507868
0.00051721
0.000526415
0.000535467
0.000544352
0.000553053
0.000561556
0.000569846
0.000577906
0.000585722
0.000593279
0.00060056
0.000607552
0.000614238
0.000620606
0.000626641
0.000632331
0.000637664
0.000642628
0.000647215
0.000651417
0.000655226
0.000658638
0.00066165
0.000664259
0.000666465
0.00066827
0.000669675
0.000670685
0.000671306
0.000671543
0.000671404
0.000670898
0.000670035
0.000668826
0.00066728
0.00066541
0.000663229
0.000660748
0.00065798
0.000654939
0.000651637
0.000648089
0.000644306
0.000640304
0.000636095
0.000631694
0.000627114
0.000622369
0.000617472
0.000612438
0.000607279
0.000602012
0.000596648
0.000591203
0.000585691
0.00058013
0.000574529
0.000568926
0.000563297
0.000557809
0.000552039
8.46458e-05
9.61547e-05
0.000110698
0.000127017
0.000143263
0.000159085
0.000174387
0.000189097
0.000203304
0.000216928
0.000230156
0.000242861
0.000255368
0.000267381
0.000279053
0.000290401
0.000301481
0.000312294
0.000322878
0.000333263
0.000343465
0.000353507
0.000363408
0.000373184
0.000382854
0.00039243
0.000401921
0.000411335
0.000420676
0.000429942
0.000439125
0.000448246
0.000457302
0.000466273
0.000475164
0.000483966
0.000492662
0.000501247
0.000509707
0.000518034
0.000526215
0.000534235
0.000542082
0.000549744
0.000557209
0.000564466
0.000571504
0.000578311
0.000584875
0.000591187
0.000597234
0.000603006
0.000608494
0.000613685
0.000618572
0.000623144
0.000627393
0.000631311
0.000634893
0.000638131
0.000641022
0.000643563
0.000645752
0.000647587
0.000649069
0.000650199
0.000650979
0.000651413
0.000651506
0.000651264
0.000650692
0.000649798
0.000648591
0.000647079
0.000645271
0.000643178
0.000640809
0.000638174
0.000635285
0.000632152
0.000628787
0.000625201
0.000621406
0.000617412
0.000613234
0.000608881
0.000604366
0.000599701
0.000594897
0.000589967
0.000584923
0.000579774
0.000574536
0.000569214
0.00056383
0.000558374
0.000552903
0.000547333
0.000541952
0.000535982
0.000160313
0.000166521
0.000175018
0.00018468
0.000195404
0.000206856
0.000218498
0.000230149
0.000241741
0.000253022
0.000264358
0.000275404
0.000286201
0.000296771
0.000307116
0.000317238
0.000327158
0.00033688
0.00034642
0.000355794
0.000365015
0.000374096
0.00038305
0.000391888
0.000400621
0.000409259
0.000417809
0.000426275
0.00043466
0.00044296
0.000451206
0.000459336
0.000467338
0.000475276
0.000483131
0.000490887
0.000498517
0.000506026
0.000513398
0.000520625
0.000527698
0.000534603
0.000541328
0.000547866
0.000554209
0.000560348
0.000566276
0.000571985
0.000577469
0.000582719
0.000587728
0.00059249
0.000596997
0.000601243
0.000605221
0.000608925
0.000612348
0.000615486
0.000618333
0.000620886
0.000623141
0.000625096
0.000626749
0.000628098
0.000629144
0.000629887
0.000630328
0.000630469
0.000630314
0.000629865
0.000629129
0.00062811
0.000626813
0.000625246
0.000623416
0.000621329
0.000618994
0.000616418
0.000613609
0.000610576
0.000607328
0.000603875
0.000600225
0.000596388
0.000592374
0.000588192
0.000583853
0.000579366
0.00057474
0.000569986
0.000565114
0.000560129
0.000555047
0.000549864
0.000544609
0.000539244
0.000533866
0.000528282
0.000523
0.000516686
0.000239554
0.000242351
0.000246596
0.000251953
0.000258304
0.000265487
0.000273235
0.000281367
0.000289773
0.000298289
0.000306966
0.000315671
0.000324352
0.000332982
0.000341543
0.000350018
0.0003584
0.00036668
0.000374856
0.00038293
0.000390904
0.000398781
0.000406565
0.000414259
0.000421867
0.000429393
0.000436839
0.000444206
0.000451493
0.000458695
0.00046582
0.000472872
0.000479837
0.000486654
0.000493315
0.000499859
0.000506323
0.000512667
0.000518861
0.000524905
0.000530787
0.000536494
0.000542017
0.000547352
0.000552495
0.000557439
0.000562182
0.000566717
0.000571041
0.00057515
0.000579039
0.000582705
0.000586145
0.000589355
0.00059233
0.000595068
0.000597566
0.00059982
0.000601828
0.000603588
0.000605098
0.000606357
0.000607364
0.000608118
0.000608618
0.000608864
0.000608857
0.000608599
0.000608092
0.000607337
0.000606338
0.000605098
0.00060362
0.00060191
0.000599972
0.000597811
0.00059543
0.000592837
0.000590035
0.000587033
0.000583835
0.000580449
0.000576882
0.00057314
0.000569232
0.000565165
0.000560945
0.00055658
0.000552077
0.000547445
0.00054269
0.000537815
0.000532835
0.000527737
0.00052256
0.000517226
0.000511905
0.000506217
0.000501046
0.000494229
0.000317639
0.000318321
0.000319901
0.000322305
0.000325494
0.000329405
0.000333927
0.000338954
0.000344396
0.000350127
0.000356123
0.000362316
0.000368653
0.00037509
0.000381602
0.000388159
0.000394734
0.000401306
0.000407861
0.000414389
0.000420881
0.000427331
0.000433734
0.000440084
0.00044638
0.000452619
0.000458798
0.00046491
0.000470952
0.000476916
0.0004828
0.000488601
0.000494311
0.000499931
0.000505449
0.000510806
0.000515957
0.000520959
0.000525861
0.000530644
0.000535259
0.000539693
0.000543942
0.000548007
0.000551884
0.000555571
0.000559066
0.000562366
0.000565469
0.000568373
0.000571077
0.00057358
0.000575881
0.000577979
0.000579874
0.000581564
0.000583049
0.00058433
0.000585405
0.000586276
0.000586943
0.000587406
0.000587665
0.00058772
0.00058757
0.000587216
0.000586659
0.000585899
0.000584939
0.000583779
0.00058242
0.000580865
0.000579116
0.000577176
0.000575045
0.000572726
0.000570221
0.000567533
0.000564666
0.000561622
0.000558405
0.00055502
0.000551471
0.000547762
0.000543898
0.000539884
0.000535723
0.00053142
0.000526981
0.000522411
0.000517713
0.000512888
0.000507952
0.000502875
0.000497723
0.000492348
0.000487047
0.000481144
0.00047612
0.000468595
0.0003926
0.000391786
0.000391555
0.000391901
0.000392831
0.000394332
0.000396365
0.000398878
0.000401822
0.000405127
0.000408751
0.000412649
0.000416776
0.000421094
0.000425559
0.000430143
0.000434821
0.000439571
0.000444374
0.000449214
0.000454077
0.00045895
0.00046382
0.000468677
0.000473517
0.000478329
0.000483103
0.00048783
0.0004925
0.000497103
0.000501631
0.000506079
0.000510438
0.000514702
0.000518863
0.000522909
0.000526838
0.000530585
0.000534091
0.00053745
0.000540735
0.000543831
0.00054675
0.000549493
0.00055206
0.000554446
0.000556652
0.000558674
0.000560512
0.000562167
0.00056364
0.000564932
0.000566043
0.000566975
0.000567729
0.000568307
0.000568712
0.000568946
0.000569012
0.000568914
0.000568655
0.000568236
0.000567657
0.000566919
0.000566025
0.000564975
0.000563772
0.000562415
0.000560907
0.000559247
0.000557437
0.000555476
0.000553368
0.00055111
0.000548703
0.000546144
0.000543435
0.000540575
0.000537565
0.000534407
0.0005311
0.000527646
0.000524046
0.000520304
0.000516418
0.00051239
0.000508222
0.000503916
0.000499474
0.000494901
0.00049019
0.000485348
0.000480389
0.000475263
0.000470072
0.000464571
0.000459247
0.000452878
0.000447964
0.000439183
0.000463527
0.000461483
0.000459865
0.000458669
0.000457914
0.000457603
0.000457728
0.000458269
0.000459198
0.00046048
0.000462083
0.000463973
0.000466118
0.000468488
0.00047105
0.000473777
0.000476639
0.000479617
0.000482693
0.000485849
0.000489068
0.000492333
0.000495628
0.000498941
0.000502255
0.000505558
0.000508842
0.000512096
0.000515305
0.000518459
0.000521548
0.000524565
0.0005275
0.000530345
0.00053309
0.000535715
0.000538217
0.000540596
0.000542854
0.000544828
0.000546679
0.000548386
0.000549941
0.000551337
0.000552569
0.000553632
0.000554527
0.00055525
0.000555804
0.000556189
0.000556408
0.000556461
0.000556352
0.000556083
0.000555658
0.000555081
0.000554358
0.000553492
0.000552493
0.000551367
0.000550118
0.000548746
0.000547255
0.000545648
0.000543929
0.000542101
0.000540167
0.000538128
0.000535986
0.000533742
0.000531395
0.000528943
0.000526392
0.000523736
0.000520969
0.000518089
0.000515095
0.000511985
0.000508757
0.000505409
0.000501938
0.000498342
0.00049462
0.000490775
0.000486796
0.000482682
0.000478434
0.000474051
0.000469534
0.000464882
0.000460081
0.000455081
0.000449943
0.0004446
0.000439203
0.000433368
0.000427931
0.000421132
0.000416533
0.000406674
0.000529665
0.000526551
0.000523793
0.000521402
0.000519368
0.000517688
0.000516354
0.000515357
0.000514681
0.000514307
0.000514216
0.000514384
0.00051479
0.000515413
0.00051623
0.000517219
0.000518373
0.000519671
0.000521089
0.000522608
0.000524208
0.000525873
0.000527586
0.000529336
0.000531108
0.00053289
0.000534667
0.00053643
0.000538158
0.000539846
0.000541485
0.000543063
0.000544572
0.000545988
0.000547283
0.000548448
0.0005495
0.000550438
0.000551245
0.000551916
0.000552354
0.000552679
0.000552873
0.000552922
0.00055282
0.000552561
0.000552146
0.000551571
0.00055084
0.000549955
0.000548916
0.000547726
0.000546387
0.000544903
0.000543281
0.000541528
0.000539651
0.000537656
0.000535559
0.000533371
0.000531089
0.000528716
0.000526258
0.000523723
0.000521117
0.000518447
0.000515715
0.000512926
0.00051008
0.000507178
0.000504221
0.000501205
0.000498143
0.000495011
0.000491807
0.000488528
0.000485174
0.000481739
0.000478218
0.000474606
0.000470897
0.000467086
0.000463171
0.000459092
0.000454876
0.000450531
0.000446056
0.000441447
0.0004367
0.000431804
0.000426788
0.000421658
0.00041641
0.000410936
0.000405427
0.000399399
0.000393864
0.000386454
0.000382123
0.000370634
0.000587967
0.000584043
0.000580455
0.000577172
0.000574183
0.000571481
0.000569057
0.000566905
0.000565014
0.000563373
0.000561968
0.000560784
0.000559805
0.000559016
0.0005584
0.000557941
0.00055762
0.000557424
0.000557338
0.000557347
0.000557434
0.000557584
0.000557784
0.000558026
0.000558297
0.000558584
0.000558874
0.000559152
0.00055943
0.000559687
0.000559906
0.000560069
0.000560172
0.000560183
0.000560071
0.000559832
0.000559497
0.000559044
0.000558444
0.000557679
0.000556814
0.000555834
0.000554727
0.000553483
0.000552093
0.000550558
0.000548876
0.000547045
0.00054507
0.000542953
0.000540691
0.000538285
0.000535739
0.000533061
0.000530258
0.000527341
0.000524318
0.000521199
0.000518013
0.000514765
0.000511436
0.000508038
0.000504588
0.000501096
0.000497572
0.000494023
0.000490454
0.000486869
0.00048327
0.000479658
0.000476033
0.000472397
0.000468721
0.000464988
0.000461221
0.00045742
0.00045358
0.000449691
0.000445745
0.000441733
0.000437647
0.000433477
0.000429208
0.000424887
0.000420484
0.000415971
0.000411335
0.000406565
0.000401656
0.000396594
0.00039138
0.000385977
0.000380435
0.000374636
0.000368801
0.000362381
0.000356541
0.000348518
0.000344288
0.000330953
0.000646367
0.000641756
0.000637416
0.000633321
0.000629454
0.000625803
0.000622361
0.00061912
0.000616073
0.000613214
0.000610533
0.000608022
0.000605671
0.000603469
0.000601407
0.000599472
0.000597652
0.000595937
0.000594314
0.000592766
0.00059128
0.000589844
0.000588454
0.000587112
0.0005858
0.000584506
0.000583218
0.000581924
0.000580607
0.000579259
0.000577873
0.000576431
0.000574934
0.000573389
0.000571713
0.000569923
0.000568001
0.00056596
0.000563857
0.000561769
0.000559558
0.000557225
0.000554764
0.000552168
0.000549436
0.000546573
0.000543577
0.000540445
0.000537188
0.000533802
0.000530274
0.000526609
0.000522815
0.000518905
0.000514888
0.000510777
0.000506582
0.000502318
0.000497978
0.000493574
0.000489102
0.000484599
0.000480083
0.000475565
0.000471053
0.000466556
0.00046208
0.000457628
0.000453205
0.000448812
0.000444447
0.000440111
0.000435799
0.00043156
0.000427354
0.000423158
0.00041896
0.000414746
0.000410504
0.000406222
0.000401887
0.000397485
0.000393006
0.000388423
0.000383733
0.000378927
0.000373995
0.000368925
0.00036371
0.000358332
0.000352796
0.000347059
0.000341171
0.000335004
0.000328782
0.000321976
0.000315667
0.000307298
0.000302607
0.000287738
0.000706244
0.000701258
0.000696381
0.000691619
0.000686971
0.000682436
0.00067801
0.000673692
0.000669479
0.000665368
0.000661357
0.000657442
0.000653619
0.000649886
0.000646236
0.000642666
0.00063917
0.000635741
0.000632374
0.00062903
0.000625716
0.000622437
0.000619183
0.00061594
0.000612706
0.000609477
0.000606246
0.000603007
0.00059975
0.000596469
0.000593156
0.000589814
0.000586417
0.000582944
0.000579528
0.000576145
0.000572741
0.000569291
0.000565747
0.000562099
0.000558359
0.000554509
0.000550539
0.00054644
0.000542234
0.000537928
0.000533507
0.00052897
0.000524304
0.000519456
0.000514469
0.000509366
0.000504163
0.000498872
0.000493504
0.000488073
0.00048259
0.000477071
0.000471526
0.000465962
0.000460464
0.000455016
0.000449616
0.000444268
0.00043898
0.000433757
0.000428606
0.00042353
0.000418531
0.00041361
0.000408765
0.000403993
0.000399285
0.000394622
0.000390005
0.000385426
0.000380874
0.000376334
0.000371792
0.000367232
0.000362637
0.000357991
0.000353279
0.00034848
0.00034358
0.000338563
0.000333418
0.000328129
0.00032269
0.000317078
0.000311302
0.000305316
0.000299172
0.000292745
0.000286233
0.000279216
0.000272446
0.000264298
0.000258076
0.000243375
0.000753934
0.000748735
0.000743518
0.000738281
0.000733027
0.000727758
0.000722477
0.000717186
0.000711888
0.000706586
0.000701284
0.000695983
0.000690688
0.000685399
0.00068012
0.000674852
0.000669597
0.000664356
0.000659129
0.000653966
0.000648853
0.000643782
0.000638744
0.000633734
0.000628745
0.000623773
0.000618813
0.000613858
0.000608906
0.000603954
0.000598996
0.000594031
0.000589053
0.000584063
0.000579014
0.000573901
0.000568727
0.000563494
0.000558177
0.000552871
0.000547551
0.000542091
0.000536505
0.000530805
0.000524976
0.000519013
0.000512932
0.000506744
0.000500452
0.000494142
0.000487804
0.000481433
0.000475033
0.000468611
0.000462174
0.000455735
0.000449306
0.000442899
0.000436529
0.000430209
0.000423934
0.000417729
0.000411609
0.00040559
0.000399681
0.000393891
0.000388226
0.000382689
0.000377281
0.000372
0.000366843
0.000361802
0.00035687
0.000352032
0.000347274
0.000342584
0.000337946
0.000333342
0.000328755
0.000324166
0.000319556
0.000314906
0.000310196
0.000305408
0.000300524
0.000295527
0.000290404
0.000285137
0.000279722
0.000274135
0.000268389
0.000262438
0.000256338
0.000249976
0.000243511
0.000236658
0.00022983
0.000222304
0.000214995
0.000201681
0.000769846
0.000764447
0.000758909
0.000753236
0.000747443
0.000741539
0.000735536
0.000729441
0.000723266
0.000717021
0.000710713
0.000704352
0.000697947
0.000691504
0.000685032
0.000678537
0.000672025
0.000665502
0.000658973
0.000652428
0.000645872
0.00063931
0.000632744
0.000626176
0.000619605
0.000613031
0.000606454
0.000599869
0.000593298
0.000586744
0.000580202
0.000573666
0.000567085
0.00056046
0.000553789
0.000547069
0.000540298
0.00053347
0.000526602
0.000519614
0.000512503
0.000505389
0.000498262
0.000491116
0.000483947
0.000476751
0.00046953
0.000462286
0.000455027
0.00044774
0.000440438
0.000433136
0.000425851
0.000418598
0.000411394
0.000404254
0.000397196
0.000390237
0.000383391
0.000376674
0.000370097
0.000363672
0.000357407
0.000351312
0.000345391
0.000339648
0.000334082
0.000328694
0.000323477
0.000318424
0.000313527
0.000308774
0.000304151
0.000299643
0.000295232
0.000290902
0.000286632
0.000282404
0.000278199
0.000273995
0.000269775
0.000265519
0.000261209
0.000256828
0.000252362
0.000247794
0.000243114
0.000238308
0.000233376
0.000228295
0.000223085
0.000217703
0.000212206
0.000206504
0.000200712
0.000194662
0.000188546
0.000182056
0.000175117
0.00016415
0.000726299
0.000719118
0.000711904
0.000704679
0.000697451
0.000690221
0.000682986
0.000675757
0.000668544
0.000661351
0.000654182
0.000647037
0.000639918
0.000632831
0.000625777
0.000618755
0.000611765
0.000604805
0.000597875
0.000590964
0.000584054
0.000577143
0.00057023
0.000563312
0.000556386
0.000549447
0.000542493
0.000535523
0.000528504
0.000521422
0.000514279
0.000507069
0.00049987
0.000492671
0.000485461
0.000478234
0.000470985
0.000463709
0.000456408
0.000449075
0.000441709
0.000434288
0.000426824
0.000419329
0.000411815
0.000404296
0.000396784
0.000389294
0.000381842
0.000374442
0.000367111
0.000359864
0.000352719
0.000345692
0.0003388
0.000332057
0.000325478
0.000319074
0.000312857
0.000306833
0.000301009
0.000295388
0.00028997
0.000284754
0.000279736
0.00027491
0.000270267
0.000265798
0.00026149
0.000257332
0.000253308
0.000249403
0.000245601
0.000241886
0.000238241
0.000234649
0.000231094
0.000227558
0.000224026
0.000220482
0.000216913
0.000213306
0.000209647
0.000205926
0.000202134
0.000198262
0.000194306
0.000190256
0.000186118
0.000181877
0.000177553
0.000173114
0.000168609
0.000163975
0.000159283
0.000154464
0.00014954
0.00014448
0.000138805
0.000130407
0.000643033
0.00063473
0.00062659
0.000618602
0.000610756
0.000603052
0.000595497
0.000588075
0.000580769
0.000573567
0.000566461
0.000559442
0.000552499
0.000545618
0.000538789
0.000532003
0.000525251
0.000518524
0.000511812
0.000505116
0.000498452
0.000491807
0.000485173
0.000478541
0.000471903
0.000465253
0.000458583
0.000451891
0.000445169
0.000438409
0.000431607
0.000424761
0.000417853
0.00041089
0.00040388
0.000396827
0.000389738
0.000382618
0.000375475
0.000368319
0.000361158
0.000354001
0.000346858
0.000339742
0.000332668
0.000325651
0.000318708
0.000311856
0.00030511
0.000298489
0.000292006
0.000285677
0.000279515
0.000273531
0.000267734
0.000262133
0.000256732
0.000251534
0.00024654
0.000241749
0.000237156
0.000232757
0.000228542
0.000224503
0.000220629
0.000216908
0.000213328
0.000209874
0.000206532
0.00020329
0.000200131
0.000197042
0.00019401
0.00019102
0.00018806
0.000185118
0.000182181
0.00017924
0.000176283
0.000173302
0.000170288
0.000167236
0.000164138
0.00016099
0.000157789
0.000154531
0.000151218
0.000147843
0.000144417
0.000140929
0.000137398
0.000133803
0.000130179
0.000126495
0.00012277
0.000119028
0.000115145
0.000111331
0.000106947
0.000100463
0.000530389
0.000522446
0.000514762
0.000507312
0.000500071
0.00049302
0.000486136
0.000479402
0.000472805
0.000466328
0.000459958
0.000453681
0.000447483
0.000441353
0.000435277
0.000429245
0.000423245
0.000417268
0.000411305
0.000405346
0.000399379
0.000393401
0.000387408
0.000381394
0.000375356
0.000369291
0.000363196
0.00035707
0.000350912
0.000344721
0.000338499
0.000332247
0.000325968
0.000319664
0.000313343
0.000307012
0.000300681
0.00029436
0.00028806
0.000281795
0.000275578
0.000269421
0.000263341
0.000257349
0.00025146
0.000245687
0.000240045
0.000234544
0.000229197
0.000224012
0.000218998
0.000214161
0.000209506
0.000205034
0.000200747
0.000196642
0.000192715
0.000188963
0.000185377
0.000181951
0.000178673
0.000175535
0.000172524
0.00016963
0.000166841
0.000164144
0.000161527
0.000158979
0.000156488
0.000154044
0.000151635
0.000149253
0.000146889
0.000144533
0.000142179
0.00013982
0.00013745
0.000135063
0.000132655
0.000130223
0.000127763
0.000125274
0.000122754
0.000120203
0.00011762
0.000115006
0.000112365
0.000109694
0.000107002
0.000104284
0.000101554
9.88018e-05
9.60442e-05
9.32771e-05
9.04823e-05
8.77405e-05
8.4845e-05
8.21565e-05
7.90917e-05
7.38839e-05
0.000402274
0.000395749
0.000389448
0.000383343
0.000377413
0.000371638
0.000365997
0.000360473
0.00035505
0.000349715
0.000344452
0.00033925
0.000334099
0.000328988
0.000323908
0.000318851
0.000313809
0.000308777
0.000303748
0.000298719
0.000293683
0.000288639
0.000283585
0.000278518
0.000273439
0.000268349
0.000263248
0.00025814
0.000253026
0.000247912
0.000242801
0.0002377
0.000232615
0.000227552
0.000222518
0.000217524
0.000212576
0.000207687
0.000202864
0.000198119
0.000193461
0.000188901
0.000184448
0.00018011
0.000175895
0.00017181
0.00016786
0.00016405
0.000160382
0.000156859
0.00015348
0.000150245
0.00014715
0.000144192
0.000141366
0.000138666
0.000136083
0.000133612
0.000131243
0.000128968
0.000126777
0.000124662
0.000122614
0.000120623
0.000118681
0.00011678
0.000114912
0.000113071
0.000111248
0.000109439
0.000107638
0.000105841
0.000104042
0.00010224
0.00010043
9.86103e-05
9.67793e-05
9.49358e-05
9.30785e-05
9.12074e-05
8.93224e-05
8.74239e-05
8.55129e-05
8.35901e-05
8.16577e-05
7.97163e-05
7.77697e-05
7.58173e-05
7.38657e-05
7.19116e-05
6.99642e-05
6.80188e-05
6.60814e-05
6.41612e-05
6.22224e-05
6.03612e-05
5.83713e-05
5.65654e-05
5.47339e-05
5.05577e-05
0.000269219
0.000264453
0.00025983
0.00025534
0.000250972
0.00024671
0.000242543
0.000238456
0.000234439
0.000230482
0.000226575
0.000222712
0.000218886
0.00021509
0.000211322
0.000207577
0.000203852
0.000200145
0.000196454
0.000192777
0.000189115
0.000185466
0.000181831
0.000178211
0.000174606
0.00017102
0.000167453
0.00016391
0.000160392
0.000156903
0.000153448
0.00015003
0.000146653
0.000143323
0.000140043
0.000136819
0.000133654
0.000130555
0.000127525
0.000124568
0.000121689
0.000118891
0.000116178
0.00011355
0.000111011
0.000108561
0.000106201
0.000103929
0.000101745
9.96463e-05
9.76309e-05
9.56953e-05
9.38357e-05
9.20478e-05
9.03269e-05
8.86682e-05
8.70663e-05
8.55162e-05
8.40124e-05
8.25497e-05
8.11228e-05
7.97272e-05
7.83578e-05
7.70106e-05
7.56814e-05
7.43669e-05
7.30635e-05
7.17686e-05
7.04796e-05
6.91948e-05
6.79119e-05
6.66302e-05
6.53482e-05
6.40657e-05
6.27817e-05
6.14964e-05
6.02097e-05
5.89219e-05
5.76333e-05
5.63446e-05
5.50565e-05
5.37694e-05
5.24848e-05
5.12029e-05
4.99255e-05
4.86526e-05
4.73869e-05
4.61272e-05
4.48778e-05
4.36359e-05
4.24061e-05
4.11866e-05
3.99769e-05
3.87886e-05
3.75882e-05
3.64504e-05
3.52266e-05
3.41205e-05
3.30596e-05
3.02009e-05
0.000139472
0.000136509
0.000133689
0.000130998
0.000128419
0.000125937
0.000123537
0.00012121
0.000118946
0.000116739
0.000114582
0.00011247
0.0001104
0.000108366
0.000106368
0.0001044
0.000102462
0.000100552
9.86669e-05
9.68063e-05
9.49687e-05
9.31532e-05
9.13588e-05
8.9585e-05
8.78311e-05
8.6097e-05
8.43825e-05
8.26876e-05
8.10124e-05
7.93573e-05
7.77227e-05
7.6109e-05
7.45169e-05
7.2947e-05
7.14e-05
6.98765e-05
6.83775e-05
6.69035e-05
6.54553e-05
6.40337e-05
6.26393e-05
6.12727e-05
5.99343e-05
5.86247e-05
5.73439e-05
5.60921e-05
5.48691e-05
5.36747e-05
5.25084e-05
5.13696e-05
5.02577e-05
4.91717e-05
4.81108e-05
4.70738e-05
4.60596e-05
4.50671e-05
4.40952e-05
4.31426e-05
4.22081e-05
4.12908e-05
4.03894e-05
3.95032e-05
3.8631e-05
3.77724e-05
3.69261e-05
3.60921e-05
3.52692e-05
3.44575e-05
3.3656e-05
3.2865e-05
3.20834e-05
3.13118e-05
3.05491e-05
2.97959e-05
2.90512e-05
2.83158e-05
2.75886e-05
2.68703e-05
2.61602e-05
2.54587e-05
2.47651e-05
2.40798e-05
2.34022e-05
2.27327e-05
2.20708e-05
2.14166e-05
2.07701e-05
2.01306e-05
1.94994e-05
1.88744e-05
1.82568e-05
1.76458e-05
1.70393e-05
1.64428e-05
1.58388e-05
1.52574e-05
1.46397e-05
1.40339e-05
1.34874e-05
1.19083e-05
2.67617e-05
2.53097e-05
2.39654e-05
2.27226e-05
2.15743e-05
2.05125e-05
1.95296e-05
1.86181e-05
1.77712e-05
1.69826e-05
1.62466e-05
1.55582e-05
1.49128e-05
1.43064e-05
1.37352e-05
1.31961e-05
1.26862e-05
1.2203e-05
1.1744e-05
1.13074e-05
1.08912e-05
1.04937e-05
1.01136e-05
9.74933e-06
9.39978e-06
9.06381e-06
8.74041e-06
8.42867e-06
8.12775e-06
7.83689e-06
7.5554e-06
7.28265e-06
7.01806e-06
6.76113e-06
6.51138e-06
6.2684e-06
6.03183e-06
5.80134e-06
5.57668e-06
5.3576e-06
5.14395e-06
4.93559e-06
4.73246e-06
4.5345e-06
4.3417e-06
4.15408e-06
3.97168e-06
3.79455e-06
3.62276e-06
3.45638e-06
3.29548e-06
3.1401e-06
2.99031e-06
2.84614e-06
2.70759e-06
2.57466e-06
2.44731e-06
2.32549e-06
2.20912e-06
2.09811e-06
1.99231e-06
1.89161e-06
1.79584e-06
1.70485e-06
1.61844e-06
1.53646e-06
1.45868e-06
1.38494e-06
1.31502e-06
1.24875e-06
1.18591e-06
1.12634e-06
1.06985e-06
1.01625e-06
9.65383e-07
9.17075e-07
8.71176e-07
8.2753e-07
7.86009e-07
7.46465e-07
7.08794e-07
6.72851e-07
6.38563e-07
6.05787e-07
5.74479e-07
5.445e-07
5.15831e-07
4.88325e-07
4.61986e-07
4.36707e-07
4.12459e-07
3.8916e-07
3.66707e-07
3.45194e-07
3.24158e-07
3.04189e-07
2.84128e-07
2.64356e-07
2.46908e-07
2.08273e-07
5.72752e-06
5.59939e-06
5.38778e-06
5.12384e-06
4.83929e-06
4.56677e-06
4.31854e-06
4.08639e-06
3.87024e-06
3.66706e-06
3.47629e-06
3.28771e-06
3.10589e-06
2.935e-06
2.76662e-06
2.61948e-06
2.45042e-06
2.3507e-06
2.16448e-06
2.17957e-06
6.67426e-05
6.65056e-05
6.56771e-05
6.41488e-05
6.25596e-05
6.08577e-05
5.90899e-05
5.72876e-05
5.54916e-05
5.36209e-05
5.16572e-05
4.96548e-05
4.75896e-05
4.56128e-05
4.34397e-05
4.17102e-05
3.92755e-05
3.78185e-05
3.54279e-05
3.30285e-05
0.000129548
0.000130711
0.0001302
0.000128338
0.000125563
0.000122394
0.00011881
0.000114983
0.000110919
0.000106658
0.000102147
9.75163e-05
9.27064e-05
8.7958e-05
8.26462e-05
7.83272e-05
7.23981e-05
6.87858e-05
6.30265e-05
5.76316e-05
0.000189829
0.000191448
0.000191403
0.000189422
0.000186132
0.000182166
0.000177471
0.00017248
0.000166952
0.000161057
0.000154728
0.00014813
0.000141104
0.000134174
0.000126219
0.000119626
0.000110559
0.000104705
9.55277e-05
8.72123e-05
0.000246172
0.00024748
0.000247333
0.000245111
0.000241635
0.000237286
0.000232094
0.000226423
0.000219976
0.000213262
0.000205867
0.000198043
0.000189646
0.000181182
0.000171532
0.000163104
0.000151858
0.000144154
0.000131971
0.000121446
0.00029717
0.000298019
0.000297316
0.000295005
0.000291422
0.000286882
0.000281461
0.000275451
0.000268659
0.000261411
0.000253412
0.000245023
0.000235948
0.000226502
0.000216032
0.000206204
0.000193934
0.000184385
0.000170667
0.000158223
0.000342614
0.000342891
0.000341725
0.000339225
0.000335545
0.000330907
0.000325397
0.000319246
0.000312338
0.0003049
0.000296737
0.000287974
0.00027868
0.000268715
0.000258118
0.000247185
0.000234903
0.000223696
0.000209532
0.000195544
0.000382744
0.000382408
0.00038082
0.000378101
0.000374325
0.000369637
0.000364116
0.000357942
0.000351051
0.000343603
0.000335472
0.000326714
0.000317413
0.000307169
0.000296879
0.000285136
0.000273556
0.000260949
0.000247071
0.000231992
0.000417898
0.000416964
0.000414983
0.000412044
0.000408175
0.000403466
0.00039798
0.000391854
0.000385062
0.000377716
0.000369732
0.000361137
0.000352001
0.000341967
0.000331792
0.000319775
0.000309154
0.000295493
0.000282409
0.000266611
0.000448456
0.000446974
0.000444632
0.000441482
0.000437527
0.000432815
0.000427392
0.000421362
0.000414716
0.000407541
0.000399778
0.000391442
0.000382578
0.000372883
0.000363067
0.000351193
0.000341236
0.000327041
0.000315094
0.00029881
0.000474807
0.000472839
0.000470171
0.000466827
0.000462795
0.000458093
0.000452752
0.000446847
0.00044038
0.00043342
0.000425918
0.0004179
0.000409372
0.0004001
0.000390709
0.000379356
0.000369841
0.000355617
0.000344899
0.000328244
0.000497323
0.000494936
0.00049198
0.000488463
0.000484363
0.000479681
0.000474433
0.000468673
0.000462405
0.000455686
0.000448474
0.000440805
0.000432653
0.000423849
0.000414922
0.000404215
0.000395177
0.000381437
0.000371692
0.000354766
0.000516349
0.000513606
0.000510401
0.000506734
0.000502577
0.000497923
0.000492776
0.000487173
0.000481117
0.000474656
0.000467748
0.000460446
0.00045269
0.000444378
0.000435935
0.000425906
0.00041739
0.000404428
0.000395526
0.000378457
0.000532196
0.000529158
0.000525743
0.000521948
0.000517749
0.000513129
0.000508088
0.00050265
0.000496812
0.000490618
0.000484024
0.000477095
0.000469745
0.000461933
0.000453983
0.000444639
0.000436661
0.000424621
0.00041648
0.000399446
0.000545145
0.000541865
0.000538277
0.00053438
0.000530152
0.000525575
0.000520643
0.000515372
0.000509756
0.000503834
0.000497555
0.000491001
0.00048406
0.000476744
0.000469286
0.00046062
0.000453182
0.00044209
0.000434646
0.000417894
0.000555441
0.00055197
0.000548246
0.000544272
0.000540029
0.000535502
0.000530683
0.000525582
0.000520187
0.000514536
0.000508573
0.000502389
0.000495852
0.000489024
0.00048205
0.000474042
0.000467141
0.000456941
0.000450131
0.000433952
0.000563305
0.000559685
0.000555852
0.000551821
0.000547576
0.000543106
0.000538402
0.00053347
0.000528296
0.000522914
0.000517263
0.000511444
0.000505306
0.000498953
0.000492453
0.000485078
0.000478704
0.000469346
0.000463116
0.000447672
0.000568884
0.000565154
0.000561266
0.000557219
0.000553002
0.000548608
0.000544028
0.000539269
0.000534313
0.000529194
0.000523848
0.00051838
0.000512626
0.000506726
0.000500683
0.000493905
0.000488037
0.000479468
0.00047377
0.000459136
0.000572439
0.000568655
0.000564734
0.000560684
0.000556502
0.000552186
0.000547729
0.000543137
0.000538392
0.000533527
0.000528473
0.000523342
0.000517958
0.000512488
0.000506881
0.000500666
0.00049528
0.000487449
0.00048224
0.000468446
0.00057409
0.000570283
0.000566354
0.000562325
0.000558196
0.000553968
0.000549638
0.000545212
0.000540672
0.000536052
0.000531278
0.000526468
0.000521436
0.000516373
0.000511178
0.000505487
0.000500553
0.00049341
0.000488648
0.000475691
0.000573958
0.000570163
0.000566259
0.000562274
0.000558215
0.000554085
0.000549886
0.000545625
0.000541285
0.000536898
0.000532392
0.000527884
0.000523183
0.000518498
0.000513689
0.000508481
0.000503966
0.000497457
0.0004931
0.000480956
0.00057217
0.000568418
0.000564566
0.000560648
0.000556674
0.000552654
0.00054859
0.000544492
0.000540343
0.000536179
0.000531923
0.000527697
0.000523304
0.000518966
0.000514514
0.000509746
0.00050561
0.000499683
0.000495687
0.000484318
0.000568834
0.000565153
0.00056138
0.000557549
0.000553677
0.000549775
0.00054585
0.000541912
0.000537947
0.000533991
0.000529967
0.000526
0.000521888
0.000517865
0.000513736
0.000509362
0.000505564
0.000500162
0.000496481
0.000485843
0.000564047
0.000560463
0.000556792
0.000553068
0.000549311
0.000545536
0.000541751
0.00053797
0.00053418
0.000530417
0.000526606
0.000522872
0.000519013
0.000515269
0.000511426
0.000507398
0.000503892
0.000498956
0.000495542
0.000485584
0.000557893
0.000554429
0.00055088
0.000547281
0.000543651
0.00054001
0.000536367
0.000532739
0.000529112
0.000525526
0.000521906
0.000518377
0.000514739
0.000511235
0.00050764
0.000503908
0.000500646
0.000496114
0.000492913
0.000483582
0.000547951
0.000544677
0.000541318
0.000537904
0.00053446
0.000531006
0.000527555
0.000524124
0.000520703
0.000517332
0.000513939
0.000510649
0.000507266
0.000504033
0.000500716
0.000497313
0.000494316
0.000490238
0.000487256
0.000478679
0.000532149
0.000529175
0.000526111
0.000522983
0.000519816
0.000516633
0.000513444
0.000510271
0.000507101
0.00050398
0.000500834
0.000497791
0.000494663
0.000491683
0.000488626
0.000485508
0.000482731
0.000479035
0.000476215
0.00046837
0.000513157
0.000510533
0.000507808
0.000505009
0.000502157
0.00049927
0.000496359
0.000493444
0.000490513
0.000487612
0.000484671
0.000481815
0.000478873
0.000476055
0.00047316
0.000470193
0.00046752
0.000464
0.000461228
0.000453865
0.000491034
0.000488796
0.00048645
0.000484014
0.000481501
0.000478927
0.000476295
0.000473627
0.000470909
0.000468188
0.000465398
0.000462659
0.000459814
0.000457049
0.000454206
0.000451239
0.000448551
0.000445015
0.000442178
0.000435061
0.000465722
0.000463914
0.000461988
0.00045994
0.000457774
0.000455499
0.00045312
0.000450659
0.000448103
0.000445508
0.000442819
0.000440139
0.000437331
0.000434533
0.000431652
0.000428547
0.000425726
0.000421939
0.0004189
0.000411768
0.000436998
0.000435742
0.000434291
0.000432661
0.000430857
0.000428886
0.000426752
0.000424481
0.00042206
0.000419544
0.000416881
0.000414162
0.000411287
0.000408324
0.000405282
0.000401861
0.000398777
0.000394515
0.000391134
0.000383749
0.000404992
0.000404279
0.000403319
0.000402116
0.000400662
0.000398964
0.000397026
0.000394886
0.000392532
0.000390022
0.000387309
0.000384459
0.000381417
0.000378157
0.000374832
0.000370916
0.000367445
0.000362485
0.000358608
0.000350786
0.000369653
0.000369507
0.000369015
0.000368197
0.000367041
0.000365561
0.000363763
0.000361693
0.000359339
0.000356755
0.000353905
0.000350816
0.000347495
0.000343793
0.000340059
0.00033547
0.000331496
0.000325622
0.000321025
0.000312858
0.000330786
0.000331258
0.000331249
0.000330805
0.000329908
0.000328592
0.000326867
0.000324797
0.00032236
0.000319609
0.000316513
0.000313056
0.000309328
0.000305035
0.000300769
0.000295361
0.000290793
0.000283878
0.000278524
0.00026994
0.000288552
0.000289655
0.000290102
0.000289981
0.000289273
0.000288049
0.000286312
0.000284155
0.000281522
0.000278482
0.000275004
0.000271039
0.000266777
0.000261779
0.000256904
0.000250631
0.000245448
0.000237903
0.000231703
0.000222444
0.00024512
0.000246711
0.0002475
0.000247593
0.00024696
0.000245728
0.000243859
0.000241491
0.000238515
0.000235051
0.000231062
0.000226508
0.000221671
0.000216005
0.000210587
0.000203681
0.000198031
0.00019044
0.000183515
0.000173913
0.000204151
0.000206053
0.000207109
0.000207304
0.000206618
0.000205251
0.000203098
0.000200393
0.000196954
0.000193026
0.000188533
0.000183516
0.000178281
0.000172261
0.000166644
0.000159939
0.000153728
0.000146523
0.000139956
0.000130628
0.000166971
0.000169108
0.000170543
0.00017068
0.000169768
0.000168113
0.000165535
0.00016244
0.000158549
0.0001543
0.000149522
0.000144395
0.000139216
0.000133466
0.000127832
0.000121824
0.000115956
0.000109535
0.000103959
9.56641e-05
0.000133711
0.000135782
0.000137484
0.000137483
0.000136149
0.00013409
0.000131058
0.000127685
0.000123554
0.000119316
0.000114792
0.000109965
0.000105161
0.000100172
9.52032e-05
9.02322e-05
8.52227e-05
8.0207e-05
7.58617e-05
6.89461e-05
0.000104416
0.000106166
0.000107716
0.000107256
0.000105406
0.000103
9.97084e-05
9.63751e-05
9.25709e-05
8.86725e-05
8.47326e-05
8.07208e-05
7.67732e-05
7.28451e-05
6.89365e-05
6.52137e-05
6.13961e-05
5.77392e-05
5.47803e-05
4.95477e-05
7.8746e-05
7.99682e-05
8.07103e-05
7.95969e-05
7.73788e-05
7.49516e-05
7.19767e-05
6.89565e-05
6.58623e-05
6.27946e-05
5.97969e-05
5.68559e-05
5.3994e-05
5.12363e-05
4.84909e-05
4.59336e-05
4.34203e-05
4.08633e-05
3.9112e-05
3.55454e-05
5.58461e-05
5.63252e-05
5.58838e-05
5.43907e-05
5.24614e-05
5.02819e-05
4.80276e-05
4.58433e-05
4.37266e-05
4.16905e-05
3.97448e-05
3.7888e-05
3.60737e-05
3.43396e-05
3.26752e-05
3.10677e-05
2.9627e-05
2.79572e-05
2.70338e-05
2.48512e-05
3.45845e-05
3.42856e-05
3.32491e-05
3.20669e-05
3.07054e-05
2.93773e-05
2.8086e-05
2.6873e-05
2.57341e-05
2.46496e-05
2.36146e-05
2.26175e-05
2.16562e-05
2.07311e-05
1.98559e-05
1.89791e-05
1.82368e-05
1.72915e-05
1.68255e-05
1.57242e-05
1.40508e-05
1.36735e-05
1.3211e-05
1.27626e-05
1.2333e-05
1.18784e-05
1.14316e-05
1.10021e-05
1.05894e-05
1.0187e-05
9.79602e-06
9.41155e-06
9.03476e-06
8.66653e-06
8.31159e-06
7.95636e-06
7.6351e-06
7.27285e-06
7.01773e-06
6.72129e-06
2.50183e-07
2.35618e-07
2.25772e-07
2.19095e-07
2.12074e-07
2.04134e-07
1.95802e-07
1.87364e-07
1.78991e-07
1.70656e-07
1.6247e-07
1.54397e-07
1.46488e-07
1.38828e-07
1.31439e-07
1.24309e-07
1.17537e-07
1.11063e-07
1.04647e-07
1.02582e-07
)
;

boundaryField
{
    inlet
    {
        type            calculated;
        value           uniform 0.000851986;
    }
    outlet
    {
        type            calculated;
        value           nonuniform List<scalar> 
45
(
2.17957e-06
3.30285e-05
5.76316e-05
8.72123e-05
0.000121446
0.000158223
0.000195544
0.000231992
0.000266611
0.00029881
0.000328244
0.000354766
0.000378457
0.000399446
0.000417894
0.000433952
0.000447672
0.000459136
0.000468446
0.000475691
0.000480956
0.000484318
0.000485843
0.000485584
0.000483582
0.000478679
0.00046837
0.000453865
0.000435061
0.000411768
0.000383749
0.000350786
0.000312858
0.00026994
0.000222444
0.000173913
0.000130628
9.56641e-05
6.89461e-05
4.95477e-05
3.55454e-05
2.48512e-05
1.57242e-05
6.72129e-06
1.02582e-07
)
;
    }
    upperWall
    {
        type            nutkWallFunction;
        Cmu             0.09;
        kappa           0.41;
        E               9.8;
        value           uniform 0;
    }
    lowerWall
    {
        type            nutkWallFunction;
        Cmu             0.09;
        kappa           0.41;
        E               9.8;
        value           uniform 0;
    }
    frontAndBack
    {
        type            empty;
    }
}


// ************************************************************************* //
