/*--------------------------------*- C++ -*----------------------------------*\
| =========                 |                                                 |
| \\      /  F ield         | OpenFOAM: The Open Source CFD Toolbox           |
|  \\    /   O peration     | Version:  5.x                                   |
|   \\  /    A nd           | Web:      www.OpenFOAM.org                      |
|    \\/     M anipulation  |                                                 |
\*---------------------------------------------------------------------------*/
FoamFile
{
    version     2.0;
    format      ascii;
    class       volScalarField;
    location    "151";
    object      p;
}
// * * * * * * * * * * * * * * * * * * * * * * * * * * * * * * * * * * * * * //

dimensions      [0 2 -2 0 0 0 0];

internalField   nonuniform List<scalar> 
5760
(
0.424563
0.181537
0.0957664
0.0740387
0.0606618
0.0495668
0.0418844
0.0363458
0.0316847
0.0274599
0.0235222
0.0197263
0.0159322
0.0119967
0.0077818
0.00295483
-0.0028983
-0.0113639
0.074564
0.0849506
0.075276
0.0696187
0.0603449
0.0505424
0.0431187
0.0375128
0.0327252
0.0283759
0.0243231
0.0204268
0.0165485
0.012562
0.00832415
0.00359183
-0.00184128
-0.00858645
0.0359133
0.0820298
0.0787391
0.0709115
0.0621363
0.0530987
0.0457275
0.039854
0.034768
0.0301554
0.0258796
0.0218028
0.0177939
0.013741
0.00953121
0.00507266
0.000334579
-0.00431468
0.0652295
0.0878616
0.0791818
0.0699319
0.0620498
0.0540235
0.0470414
0.0412239
0.0361014
0.0314239
0.0270763
0.0229437
0.01892
0.0149237
0.010896
0.00684582
0.00287566
-0.000673325
0.0743238
0.0825796
0.0749472
0.0672875
0.0606283
0.0536706
0.0472981
0.0417727
0.036812
0.032233
0.0279506
0.023882
0.0199533
0.016117
0.0123595
0.00873312
0.00537458
0.00245969
0.0715787
0.0754076
0.0705259
0.0645479
0.0588307
0.0527955
0.0470613
0.0419055
0.0371878
0.0327887
0.0286512
0.0247229
0.0209594
0.0173407
0.01388
0.0106387
0.00773715
0.00524765
0.0681989
0.0702555
0.066932
0.0620094
0.0569874
0.0517156
0.0465742
0.041805
0.0373661
0.0331918
0.029249
0.02551
0.0219539
0.0185791
0.0154095
0.0124993
0.00993437
0.00773186
0.0654669
0.0663576
0.0637695
0.0596227
0.0552018
0.0505709
0.0459648
0.0415815
0.0374404
0.0335173
0.0297997
0.0262787
0.0229502
0.0198226
0.0169204
0.0142844
0.011966
0.00995771
0.0629018
0.0631099
0.0609765
0.0574794
0.0535932
0.0494953
0.0453568
0.0413386
0.0374925
0.0338246
0.030339
0.0270397
0.023933
0.0210316
0.0183562
0.015934
0.0137917
0.0119152
0.0600973
0.0599327
0.0582042
0.0553211
0.0519639
0.0483754
0.0446987
0.0410631
0.0375388
0.0341555
0.030931
0.0278794
0.0250131
0.0223452
0.0198905
0.0176632
0.0156725
0.01391
0.0569478
0.0566502
0.0552905
0.053004
0.0502226
0.0471851
0.0440203
0.0408328
0.0376982
0.0346626
0.0317552
0.0289971
0.0264042
0.0239882
0.0217583
0.0197195
0.0178725
0.0162145
0.0540895
0.0538017
0.0527451
0.0509585
0.0487127
0.0462007
0.0435371
0.0408106
0.0380926
0.0354344
0.0328708
0.030426
0.0281164
0.0259524
0.0239398
0.0220799
0.0203706
0.0188113
0.0527047
0.0524828
0.0516526
0.050201
0.048321
0.0461759
0.0438704
0.0414836
0.039082
0.0367157
0.03442
0.0322185
0.030127
0.0281548
0.0263068
0.0245834
0.0229831
0.0215054
0.0541369
0.0540035
0.0532774
0.0518251
0.0498797
0.0476783
0.0453461
0.0429613
0.0405879
0.0382725
0.0360446
0.0339221
0.0319152
0.0300288
0.0282636
0.0266175
0.0250866
0.0236687
0.0566841
0.0567047
0.0561111
0.0545207
0.0523128
0.0498299
0.0472303
0.0446239
0.0420865
0.0396549
0.0373465
0.0351705
0.0331308
0.0312262
0.0294528
0.0278052
0.0262778
0.0248694
0.0600943
0.0612785
0.0603848
0.0578966
0.0551392
0.0522305
0.0491914
0.0462148
0.0434089
0.0407851
0.0383375
0.0360635
0.0339572
0.0320086
0.0302071
0.0285419
0.0270034
0.025591
0.0572859
0.0673543
0.0672376
0.0626823
0.0586341
0.0548644
0.0511262
0.0476451
0.04449
0.0416117
0.0389752
0.0365625
0.0343543
0.0323298
0.0304715
0.0287639
0.0271952
0.0257692
0.0310699
0.0635567
0.0700153
0.0662129
0.0612898
0.0563258
0.051821
0.0479759
0.0446336
0.0416457
0.038953
0.0365193
0.0343081
0.0322894
0.0304413
0.0287449
0.027181
0.0257379
0.0368528
0.0579394
0.0627654
0.0639789
0.060267
0.0545643
0.0495923
0.0456616
0.042331
0.0393797
0.0367539
0.0344081
0.0322913
0.0303658
0.0286091
0.0270043
0.0255333
0.0241973
0.341207
0.171052
0.0998685
0.0803276
0.0696018
0.0606331
0.0541924
0.0495297
0.045657
0.0422208
0.0391678
0.0364563
0.0340284
0.0318409
0.0298652
0.0280866
0.0264847
0.0250859
-0.0262765
-0.0263152
-0.0264579
-0.0266894
-0.0269687
-0.027279
-0.0276235
-0.0280118
-0.0284541
-0.0289586
-0.0295315
-0.0301776
-0.0309016
-0.0317091
-0.0326066
-0.0335975
-0.0346774
-0.035832
-0.0370336
-0.0382401
-0.0393969
-0.0404406
-0.0413022
-0.0419116
-0.0422007
-0.0421051
-0.0415665
-0.0405333
-0.0389614
-0.0368144
-0.0340653
-0.0307019
-0.026731
-0.0221617
-0.0169727
-0.0111639
-0.00478429
0.00211489
0.00948054
0.0172546
0.0253738
0.0337709
0.0423759
0.051118
0.0599274
0.0687371
0.0774819
0.0860998
0.0945378
0.102749
0.110691
0.118329
0.125632
0.13258
0.139155
0.145348
0.151153
0.156571
0.161605
0.166263
0.170559
0.174509
0.178122
0.181408
0.184385
0.187071
0.189484
0.191642
0.193562
0.195262
0.196757
0.198065
0.199198
0.200173
0.201001
0.201696
0.202269
0.202731
0.20309
0.203357
0.20354
0.203645
0.203679
0.203648
0.203558
0.203413
0.203217
0.202974
0.202688
0.202362
0.201999
0.201605
0.201186
0.200751
0.200323
0.199913
0.199617
0.199398
0.199929
0.200238
-0.0262122
-0.0262742
-0.0264058
-0.0265945
-0.026814
-0.0270558
-0.0273301
-0.0276508
-0.0280269
-0.0284626
-0.0289651
-0.0295458
-0.0302153
-0.030985
-0.0318638
-0.0328565
-0.033959
-0.035154
-0.0364086
-0.0376762
-0.0388988
-0.0400109
-0.0409433
-0.041627
-0.0419953
-0.0419859
-0.0415423
-0.0406141
-0.0391583
-0.0371389
-0.0345286
-0.0313094
-0.027469
-0.0229966
-0.0179083
-0.0122365
-0.00600703
0.000743374
0.00796697
0.0156086
0.0236071
0.0318968
0.040409
0.0490738
0.0578219
0.0665872
0.0753038
0.0839076
0.0923461
0.100573
0.108543
0.116221
0.123574
0.130581
0.137223
0.143489
0.149373
0.154873
0.159992
0.164738
0.169115
0.173129
0.176797
0.180142
0.183179
0.185925
0.188397
0.190615
0.192593
0.194349
0.1959
0.197261
0.198446
0.199469
0.200344
0.201084
0.201699
0.2022
0.202598
0.2029
0.203116
0.203252
0.203315
0.203312
0.203247
0.203126
0.202952
0.20273
0.202463
0.202155
0.201809
0.20143
0.201026
0.200606
0.20019
0.199792
0.199512
0.199296
0.199826
0.199999
-0.0259788
-0.0261037
-0.0262722
-0.0264341
-0.0265751
-0.0267185
-0.0268909
-0.027111
-0.0273933
-0.027752
-0.0282024
-0.0287602
-0.0294398
-0.0302506
-0.0311945
-0.0322656
-0.0334481
-0.0347142
-0.0360251
-0.0373327
-0.0385814
-0.0397107
-0.0406579
-0.0413603
-0.0417567
-0.0417892
-0.041404
-0.0405525
-0.0391918
-0.0372858
-0.0348059
-0.031732
-0.0280482
-0.0237441
-0.018832
-0.0133389
-0.00729041
-0.000720818
0.00632572
0.0137971
0.0216346
0.0297749
0.0381511
0.0466945
0.0553369
0.0640133
0.0726586
0.0812089
0.0896104
0.0978168
0.105783
0.11347
0.120848
0.127892
0.134582
0.140907
0.146857
0.152431
0.15763
0.162456
0.166919
0.171029
0.174801
0.178248
0.181387
0.184233
0.186802
0.189113
0.191183
0.193026
0.19466
0.196101
0.197361
0.198457
0.199401
0.200205
0.200881
0.20144
0.201891
0.202244
0.202507
0.202687
0.202792
0.202827
0.202798
0.20271
0.202567
0.202374
0.202134
0.20185
0.201527
0.20117
0.200787
0.200385
0.199987
0.199602
0.199337
0.199107
0.199594
0.199496
-0.0255586
-0.0257587
-0.026015
-0.0262057
-0.0263234
-0.0264261
-0.026557
-0.026744
-0.0270087
-0.0273708
-0.0278489
-0.028459
-0.0292116
-0.0301092
-0.0311454
-0.0323049
-0.0335635
-0.0348887
-0.0362408
-0.0375733
-0.0388347
-0.0399697
-0.0409208
-0.0416302
-0.0420407
-0.0420971
-0.0417472
-0.040943
-0.0396414
-0.0378055
-0.0354051
-0.032418
-0.0288285
-0.0246296
-0.0198302
-0.0144508
-0.00851655
-0.002061
0.00487318
0.0122354
0.0199687
0.0280109
0.0362964
0.0447573
0.0533263
0.0619393
0.0705308
0.0790382
0.087409
0.0955955
0.103552
0.11124
0.118628
0.125692
0.132411
0.138771
0.144765
0.150388
0.155641
0.160528
0.165058
0.169242
0.173092
0.176617
0.179834
0.182756
0.185402
0.187787
0.189928
0.191842
0.193544
0.195049
0.196372
0.197527
0.198528
0.199386
0.200114
0.200722
0.201219
0.201616
0.20192
0.202139
0.202279
0.202349
0.202351
0.202293
0.202178
0.202011
0.201795
0.201533
0.201232
0.200894
0.200528
0.200141
0.199756
0.199378
0.199112
0.198847
0.199229
0.198823
-0.0250145
-0.0252963
-0.025686
-0.0259589
-0.0261122
-0.026238
-0.026394
-0.0266154
-0.0269282
-0.027354
-0.02791
-0.0286088
-0.0294554
-0.0304466
-0.0315703
-0.0328066
-0.034128
-0.0355003
-0.0368839
-0.0382345
-0.0395034
-0.0406393
-0.0415885
-0.0422966
-0.0427091
-0.0427729
-0.042437
-0.0416538
-0.0403799
-0.0385777
-0.0362162
-0.0332721
-0.02973
-0.0255843
-0.0208414
-0.0155184
-0.00964011
-0.0032401
0.00363938
0.0109483
0.0186302
0.0266234
0.0348628
0.0432812
0.0518119
0.0603908
0.0689513
0.0774335
0.0857866
0.0939608
0.10191
0.109598
0.116992
0.124066
0.130801
0.137184
0.143204
0.148859
0.154149
0.159076
0.16365
0.16788
0.171776
0.17535
0.178616
0.181589
0.184286
0.186721
0.188913
0.190876
0.192626
0.194178
0.195547
0.196746
0.19779
0.198689
0.199456
0.200102
0.200635
0.201066
0.201403
0.201652
0.201822
0.201919
0.201948
0.201914
0.201822
0.201676
0.20148
0.201238
0.200953
0.20063
0.200278
0.199902
0.199524
0.199144
0.198863
0.198548
0.198792
0.198104
-0.0244589
-0.0248233
-0.0253654
-0.0257478
-0.0259709
-0.0261568
-0.026376
-0.0266683
-0.0270621
-0.0275783
-0.0282315
-0.0290298
-0.0299735
-0.0310548
-0.0322583
-0.0335614
-0.0349355
-0.0363464
-0.0377556
-0.0391205
-0.0403952
-0.0415311
-0.0424774
-0.0431818
-0.0435919
-0.0436555
-0.0433222
-0.0425446
-0.0412792
-0.0394879
-0.0371392
-0.0342088
-0.0306822
-0.0265535
-0.0218285
-0.0165229
-0.0106617
-0.00427859
0.0025838
0.00987532
0.0175394
0.0255145
0.0337357
0.0421358
0.0506493
0.0592104
0.0677527
0.0762192
0.0845603
0.0927247
0.100667
0.108351
0.115744
0.122821
0.129563
0.135956
0.141991
0.147664
0.152974
0.157926
0.162526
0.166784
0.17071
0.174316
0.177616
0.180624
0.183356
0.185828
0.188056
0.190055
0.191842
0.19343
0.194835
0.196069
0.197147
0.198079
0.198878
0.199554
0.200117
0.200576
0.20094
0.201216
0.20141
0.20153
0.201582
0.201569
0.201497
0.201369
0.20119
0.200964
0.200693
0.200384
0.200041
0.199672
0.199296
0.198909
0.198603
0.198228
0.198323
0.19739
-0.0240059
-0.0244486
-0.0251314
-0.0256275
-0.0259377
-0.0262042
-0.0265061
-0.026886
-0.027373
-0.0279864
-0.0287379
-0.0296316
-0.0306644
-0.0318257
-0.0330977
-0.0344571
-0.035875
-0.0373179
-0.0387489
-0.040127
-0.0414085
-0.0425462
-0.0434912
-0.0441924
-0.0445982
-0.044657
-0.0443188
-0.0435358
-0.0422643
-0.0404661
-0.0381093
-0.0351699
-0.0316336
-0.0274947
-0.0227589
-0.0174421
-0.0115697
-0.00517619
0.00169515
0.00899356
0.0166621
0.024639
0.0328592
0.0412559
0.049764
0.058316
0.0668464
0.0753013
0.0836315
0.0917852
0.0997176
0.107392
0.114777
0.121849
0.128589
0.134983
0.141021
0.1467
0.15202
0.156984
0.161599
0.165873
0.169818
0.173445
0.176767
0.1798
0.182558
0.185057
0.187313
0.18934
0.191155
0.192772
0.194205
0.195468
0.196573
0.197532
0.198358
0.19906
0.199648
0.200132
0.200519
0.200817
0.201033
0.201174
0.201245
0.201251
0.201196
0.201085
0.200921
0.200709
0.200451
0.200152
0.199818
0.199453
0.199076
0.198676
0.198338
0.197898
0.197843
0.196697
-0.0237436
-0.0242509
-0.0250402
-0.0256363
-0.026036
-0.0263887
-0.0267776
-0.0272465
-0.0278241
-0.0285283
-0.029368
-0.0303446
-0.0314524
-0.0326793
-0.0340068
-0.0354115
-0.0368649
-0.0383349
-0.0397854
-0.0411769
-0.0424666
-0.0436084
-0.0445539
-0.0452526
-0.0456531
-0.0457037
-0.0453541
-0.0445565
-0.043267
-0.0414472
-0.0390653
-0.0360982
-0.0325317
-0.0283612
-0.0235929
-0.0182434
-0.0123391
-0.00591571
0.000982582
0.00830421
0.0159916
0.0239826
0.032212
0.0406135
0.0491216
0.0576681
0.0661891
0.0746327
0.0829499
0.0910896
0.0990072
0.106666
0.114038
0.121098
0.127827
0.134212
0.140245
0.145921
0.15124
0.156207
0.160827
0.165109
0.169064
0.172703
0.17604
0.179089
0.181865
0.184383
0.18666
0.188709
0.190546
0.192186
0.193642
0.194927
0.196056
0.197038
0.197886
0.198611
0.199221
0.199725
0.200133
0.200451
0.200686
0.200845
0.200933
0.200956
0.200917
0.200821
0.200671
0.200471
0.200225
0.199935
0.199607
0.199244
0.198862
0.198446
0.198071
0.197564
0.197365
0.196035
-0.0237236
-0.024267
-0.0251183
-0.0257884
-0.0262663
-0.0266978
-0.0271658
-0.0277141
-0.0283702
-0.0291501
-0.0300611
-0.0311028
-0.0322686
-0.0335457
-0.0349159
-0.0363557
-0.0378375
-0.03933
-0.0407982
-0.0422031
-0.0435021
-0.0446494
-0.0455965
-0.0462925
-0.0466856
-0.0467238
-0.0463563
-0.0455352
-0.0442165
-0.042362
-0.0399405
-0.0369302
-0.0333173
-0.0290987
-0.0242818
-0.0188845
-0.0129345
-0.00646869
0.000467429
0.00782139
0.0155349
0.0235454
0.0317876
0.0401959
0.0487038
0.0572436
0.0657536
0.0741822
0.0824818
0.0906024
0.098499
0.106137
0.113487
0.120526
0.127237
0.133605
0.139624
0.145289
0.1506
0.15556
0.160178
0.16446
0.168417
0.172062
0.175407
0.178466
0.181254
0.183786
0.186078
0.188144
0.189998
0.191656
0.193131
0.194436
0.195583
0.196586
0.197453
0.198197
0.198826
0.199349
0.199775
0.200111
0.200364
0.200539
0.200644
0.200681
0.200657
0.200575
0.200438
0.200249
0.200012
0.19973
0.199408
0.199045
0.198656
0.198222
0.197807
0.197231
0.196897
0.195408
-0.0239488
-0.0244975
-0.0253639
-0.0260752
-0.026611
-0.0271056
-0.0276374
-0.0282481
-0.0289637
-0.0297993
-0.0307612
-0.0318487
-0.0330551
-0.0343676
-0.035768
-0.0372335
-0.038737
-0.0402479
-0.0417313
-0.0431484
-0.0444561
-0.0456082
-0.0465552
-0.0472456
-0.0476267
-0.0476459
-0.0472522
-0.0463974
-0.045038
-0.0431363
-0.0406626
-0.037596
-0.0339243
-0.0296458
-0.0247698
-0.0193156
-0.0133122
-0.00679836
0.000179526
0.00756795
0.015308
0.0233366
0.0315888
0.0399993
0.0485014
0.0570288
0.0655221
0.0739297
0.0822048
0.0902981
0.0981648
0.105772
0.113093
0.120104
0.126787
0.133131
0.139128
0.144773
0.150069
0.155017
0.159625
0.163901
0.167855
0.171499
0.174846
0.17791
0.180706
0.183247
0.18555
0.187628
0.189497
0.191169
0.19266
0.193981
0.195146
0.196165
0.19705
0.197811
0.198457
0.198997
0.19944
0.199792
0.200061
0.200252
0.200371
0.200423
0.200413
0.200343
0.200218
0.20004
0.199812
0.199537
0.199218
0.198855
0.198457
0.198003
0.197547
0.196905
0.196443
0.194822
-0.0243885
-0.0249148
-0.0257541
-0.0264729
-0.0270419
-0.0275779
-0.0281522
-0.0288037
-0.0295567
-0.0304262
-0.031419
-0.0325345
-0.0337654
-0.0350988
-0.0365171
-0.0379985
-0.0395169
-0.0410409
-0.0425354
-0.0439608
-0.0452733
-0.0464254
-0.0473664
-0.0480437
-0.048404
-0.048394
-0.0479627
-0.0470623
-0.04565
-0.0436892
-0.0411524
-0.0380195
-0.0342803
-0.0299352
-0.0249951
-0.0194809
-0.0134237
-0.00686352
0.000152492
0.00757011
0.0153301
0.0233693
0.0316234
0.040027
0.0485132
0.0570182
0.065485
0.0738619
0.0821023
0.0901572
0.0979834
0.105551
0.112832
0.119805
0.126453
0.132764
0.138731
0.144351
0.149624
0.154553
0.159146
0.16341
0.167356
0.170995
0.17434
0.177405
0.180204
0.182751
0.185062
0.18715
0.189029
0.190714
0.192218
0.193554
0.194733
0.195768
0.196668
0.197445
0.198107
0.198663
0.199122
0.199489
0.199773
0.199979
0.200113
0.200178
0.200181
0.200123
0.200009
0.199842
0.199623
0.199354
0.199038
0.198673
0.198265
0.19779
0.197293
0.196587
0.196008
0.194275
-0.0249943
-0.0254755
-0.0262525
-0.0269465
-0.0275209
-0.0280732
-0.0286659
-0.0293352
-0.0301048
-0.0309893
-0.0319949
-0.0331206
-0.0343591
-0.0356985
-0.0371226
-0.0386103
-0.0401346
-0.0416635
-0.0431608
-0.0445857
-0.0458934
-0.0470346
-0.0479576
-0.0486089
-0.0489345
-0.0488812
-0.0483984
-0.0474391
-0.0459616
-0.043932
-0.0413247
-0.0381205
-0.0343111
-0.0298991
-0.0248972
-0.0193279
-0.0132232
-0.00662447
0.000420253
0.00785625
0.015624
0.0236608
0.0319025
0.0402841
0.0487394
0.0572086
0.0656352
0.0739683
0.0821612
0.0901643
0.0979381
0.105454
0.112686
0.119612
0.126216
0.132486
0.138416
0.144002
0.149246
0.154151
0.158723
0.16297
0.166903
0.170534
0.173873
0.176936
0.179736
0.182286
0.184602
0.186697
0.188586
0.190281
0.191797
0.193145
0.194338
0.195387
0.196302
0.197094
0.197771
0.198342
0.198816
0.199199
0.199497
0.199717
0.199865
0.199944
0.199958
0.199913
0.19981
0.199652
0.199441
0.199179
0.198866
0.198498
0.198081
0.197584
0.197047
0.196281
0.195595
0.193769
-0.0257094
-0.0261296
-0.0268177
-0.0274573
-0.0280084
-0.0285504
-0.0291383
-0.029805
-0.0305722
-0.0314526
-0.0324517
-0.0335689
-0.034798
-0.0361287
-0.0375452
-0.0390255
-0.0405416
-0.0420607
-0.043545
-0.0449534
-0.046239
-0.0473516
-0.0482387
-0.0488465
-0.0491209
-0.0490093
-0.0484617
-0.0474322
-0.0458817
-0.0437787
-0.0410976
-0.0378217
-0.0339449
-0.0294716
-0.0244163
-0.0188026
-0.0126635
-0.00604146
0.00101522
0.00845192
0.0162089
0.0242239
0.0324332
0.0407723
0.0491791
0.0575961
0.0659652
0.0742391
0.0823691
0.0903052
0.0980142
0.105468
0.112639
0.119508
0.126058
0.132279
0.138164
0.143711
0.14892
0.153794
0.158341
0.162568
0.166485
0.170103
0.173434
0.176492
0.179289
0.181841
0.18416
0.186261
0.188158
0.189863
0.191389
0.19275
0.193955
0.195018
0.195947
0.196753
0.197445
0.198031
0.198519
0.198916
0.199229
0.199463
0.199624
0.199716
0.199744
0.19971
0.199618
0.19947
0.199267
0.19901
0.1987
0.19833
0.197902
0.197386
0.196809
0.195988
0.195203
0.193303
-0.0264811
-0.0268306
-0.0274108
-0.0279707
-0.0284723
-0.0289799
-0.0295406
-0.0301828
-0.0309257
-0.0317804
-0.0327519
-0.0338401
-0.0350398
-0.0363406
-0.0377266
-0.0391753
-0.0406598
-0.0421461
-0.0435959
-0.0449658
-0.0462079
-0.0472707
-0.0481015
-0.0486466
-0.048853
-0.0486689
-0.0480455
-0.0469386
-0.0453125
-0.0431362
-0.0403854
-0.0370457
-0.0331125
-0.0285922
-0.0235006
-0.0178617
-0.0117089
-0.00508594
0.00195947
0.00937312
0.0170946
0.0250626
0.0332139
0.0414874
0.0498251
0.0581687
0.0664621
0.0746593
0.0827086
0.0905632
0.0981945
0.105573
0.112673
0.119475
0.125963
0.132127
0.137961
0.143462
0.14863
0.153471
0.157988
0.162191
0.166088
0.169691
0.173011
0.176062
0.178857
0.181408
0.18373
0.185836
0.187739
0.189453
0.190989
0.192361
0.193579
0.194655
0.195598
0.196418
0.197124
0.197725
0.198227
0.198639
0.198967
0.199215
0.199389
0.199495
0.199534
0.199512
0.199431
0.199293
0.199099
0.198848
0.19854
0.198168
0.197731
0.197195
0.196582
0.19571
0.194835
0.192876
-0.0273068
-0.0275773
-0.0280318
-0.0284859
-0.028909
-0.0293527
-0.0298567
-0.0304454
-0.0311341
-0.031932
-0.0328432
-0.0338671
-0.0349997
-0.0362321
-0.0375496
-0.0389305
-0.040348
-0.04177
-0.043157
-0.0444632
-0.0456371
-0.0466272
-0.0473817
-0.047848
-0.0479739
-0.0477089
-0.0470062
-0.0458246
-0.044128
-0.0418859
-0.039077
-0.0356887
-0.0317175
-0.0271717
-0.0220682
-0.0164303
-0.0102915
-0.00369684
0.00330592
0.0106633
0.018314
0.0262015
0.0342672
0.0424506
0.0506937
0.0589384
0.0671344
0.0752324
0.0831786
0.0909339
0.0984706
0.105759
0.112774
0.119496
0.125911
0.132009
0.137784
0.143233
0.148356
0.153157
0.157641
0.161817
0.165692
0.169278
0.172587
0.17563
0.17842
0.18097
0.183294
0.185405
0.187315
0.189037
0.190584
0.191968
0.193199
0.194288
0.195245
0.19608
0.196801
0.197417
0.197935
0.198362
0.198704
0.198967
0.199155
0.199274
0.199327
0.199317
0.199248
0.19912
0.198934
0.19869
0.198385
0.198012
0.197566
0.197012
0.196365
0.195448
0.194492
0.192487
-0.0281104
-0.0283007
-0.0286198
-0.0289433
-0.0292566
-0.0296035
-0.0300159
-0.030513
-0.0311052
-0.0317984
-0.0325979
-0.0335061
-0.0345229
-0.0356426
-0.0368523
-0.0381305
-0.0394512
-0.0407834
-0.0420841
-0.0433031
-0.0443885
-0.0452901
-0.045958
-0.0463401
-0.0463849
-0.046044
-0.0452709
-0.0440255
-0.0422735
-0.0399866
-0.0371443
-0.033735
-0.0297558
-0.0252163
-0.0201342
-0.0145315
-0.00844227
-0.00191293
0.00500718
0.0122709
0.0198219
0.027603
0.0355579
0.0436271
0.0517517
0.0598761
0.0679526
0.0759283
0.0837525
0.0913929
0.0988206
0.106006
0.112926
0.11956
0.125896
0.131921
0.137632
0.143024
0.148098
0.152857
0.157306
0.161452
0.165304
0.168873
0.172168
0.175202
0.177987
0.180536
0.182862
0.184977
0.186894
0.188625
0.190182
0.191577
0.192821
0.193923
0.194895
0.195745
0.196481
0.197112
0.197645
0.198087
0.198444
0.198722
0.198924
0.199057
0.199123
0.199126
0.199068
0.19895
0.198774
0.198536
0.198235
0.197861
0.197407
0.196838
0.19616
0.195203
0.194173
0.192136
-0.0288237
-0.028931
-0.0291119
-0.0292919
-0.0294718
-0.0296884
-0.0299666
-0.0303199
-0.0307573
-0.031289
-0.0319298
-0.0326857
-0.0335597
-0.0345476
-0.0356364
-0.0368073
-0.0380304
-0.0392686
-0.0404766
-0.0416058
-0.042606
-0.043428
-0.0440228
-0.0443375
-0.0443213
-0.0439255
-0.0431042
-0.0418183
-0.0400367
-0.0377313
-0.0348821
-0.0314788
-0.027519
-0.0230126
-0.017977
-0.0124358
-0.0064261
1.25014e-05
0.00683325
0.0139887
0.0214293
0.0290943
0.0369246
0.0448639
0.0528561
0.0608508
0.0687978
0.0766436
0.0843444
0.0918685
0.0991862
0.106269
0.113093
0.11964
0.125896
0.131851
0.137498
0.142834
0.147859
0.152576
0.15699
0.161107
0.164936
0.168486
0.171768
0.174793
0.177572
0.180119
0.182446
0.184565
0.186488
0.188227
0.189794
0.1912
0.192456
0.193572
0.194557
0.195421
0.196171
0.196817
0.197365
0.197821
0.198193
0.198484
0.198701
0.198847
0.198926
0.198941
0.198895
0.198788
0.19862
0.19839
0.198093
0.197718
0.197258
0.196675
0.195969
0.194978
0.193882
0.191823
-0.0294935
-0.0295029
-0.0295341
-0.029546
-0.0295501
-0.0295766
-0.0296552
-0.0298068
-0.0300488
-0.0303957
-0.0308668
-0.0314656
-0.0321898
-0.0330478
-0.0340272
-0.0350983
-0.0362269
-0.0373759
-0.0385018
-0.0395569
-0.0404892
-0.0412495
-0.0417902
-0.0420555
-0.0419947
-0.041561
-0.0407094
-0.0394017
-0.0376086
-0.0353023
-0.0324634
-0.0290834
-0.0251621
-0.020706
-0.0157326
-0.0102714
-0.0043559
0.0019832
0.00870085
0.0157431
0.0230609
0.0305963
0.0382924
0.0460951
0.0539519
0.0618133
0.069627
0.0773443
0.084925
0.0923354
0.0995452
0.106527
0.113258
0.11972
0.125899
0.131784
0.137369
0.14265
0.147628
0.152305
0.156685
0.160773
0.164579
0.168112
0.17138
0.174396
0.17717
0.179715
0.182043
0.184165
0.186093
0.18784
0.189416
0.190833
0.1921
0.193228
0.194227
0.195104
0.195869
0.196529
0.197091
0.197561
0.197947
0.198252
0.198482
0.198641
0.198733
0.198761
0.198726
0.19863
0.198471
0.198248
0.197956
0.197583
0.197118
0.196523
0.195793
0.194774
0.193618
0.191549
-0.0301751
-0.0300404
-0.0298876
-0.0296666
-0.0294145
-0.0291827
-0.0290299
-0.0289808
-0.0290351
-0.0291998
-0.0294913
-0.029931
-0.0305213
-0.0312674
-0.0321544
-0.0331403
-0.0341922
-0.0352784
-0.0363493
-0.0373539
-0.0382399
-0.0389564
-0.0394562
-0.0396842
-0.03959
-0.039128
-0.038257
-0.0369392
-0.0351427
-0.0328433
-0.0300239
-0.0266759
-0.0228011
-0.0184051
-0.0135045
-0.00812791
-0.00230354
0.00393505
0.0105409
0.0174623
0.0246515
0.0320533
0.039614
0.0472827
0.0550071
0.0627363
0.0704199
0.0780133
0.085477
0.0927768
0.0998823
0.106767
0.113408
0.119788
0.125893
0.131711
0.137237
0.142466
0.147399
0.152037
0.156383
0.160445
0.164229
0.167744
0.171
0.174007
0.176776
0.179319
0.181647
0.183772
0.185706
0.18746
0.189045
0.190472
0.19175
0.192891
0.193902
0.194793
0.195571
0.196245
0.196821
0.197305
0.197705
0.198024
0.198267
0.19844
0.198544
0.198584
0.198561
0.198476
0.198327
0.198112
0.197825
0.197454
0.196987
0.196382
0.195633
0.19459
0.193381
0.191313
-0.0309363
-0.030543
-0.0301122
-0.0295407
-0.0289831
-0.0285131
-0.0281566
-0.0279099
-0.0277361
-0.0276865
-0.0278118
-0.0281195
-0.0286125
-0.0292856
-0.0301161
-0.0310595
-0.0320769
-0.033134
-0.0341761
-0.0351483
-0.0360043
-0.036692
-0.0371585
-0.0373547
-0.0372333
-0.036748
-0.0358612
-0.034537
-0.0327408
-0.0304515
-0.0276546
-0.0243414
-0.0205144
-0.0161807
-0.0113529
-0.00605656
-0.000323941
0.00580977
0.0123008
0.0191009
0.0261638
0.0334377
0.040869
0.0484075
0.0560025
0.0636036
0.0711634
0.0786384
0.0859897
0.0931832
0.100189
0.106981
0.113537
0.119839
0.125872
0.131627
0.137097
0.142277
0.147167
0.151768
0.156083
0.160119
0.163882
0.167381
0.170624
0.173623
0.176387
0.178928
0.181257
0.183386
0.185325
0.187086
0.188679
0.190116
0.191406
0.192558
0.193581
0.194485
0.195277
0.195964
0.196554
0.197052
0.197465
0.197798
0.198055
0.198241
0.198358
0.19841
0.198399
0.198325
0.198186
0.19798
0.1977
0.197332
0.196864
0.196253
0.195487
0.194427
0.193172
0.191113
-0.0318566
-0.0309615
-0.0300712
-0.0291112
-0.0283163
-0.0276286
-0.0269634
-0.0264102
-0.0259966
-0.0257695
-0.0258029
-0.0260575
-0.026521
-0.0271895
-0.0280208
-0.0289715
-0.0299959
-0.031046
-0.0320749
-0.0330302
-0.0338671
-0.0345341
-0.0349729
-0.0351413
-0.0349955
-0.0344893
-0.033587
-0.0322555
-0.0304613
-0.0281828
-0.0254073
-0.0221277
-0.0183471
-0.0140718
-0.00931326
-0.00409747
0.00154257
0.00757324
0.0139552
0.0206412
0.027584
0.0347356
0.0420436
0.0494572
0.0569285
0.0644085
0.071851
0.0792135
0.086458
0.0935507
0.100462
0.107166
0.113641
0.119869
0.125836
0.131531
0.136947
0.142081
0.14693
0.151495
0.155781
0.159793
0.163536
0.167019
0.170251
0.173242
0.176001
0.178541
0.180871
0.183002
0.184947
0.186715
0.188317
0.189763
0.191064
0.192227
0.193263
0.19418
0.194985
0.195686
0.196289
0.196801
0.197228
0.197574
0.197845
0.198043
0.198174
0.198239
0.198239
0.198177
0.198049
0.197852
0.197579
0.197217
0.196749
0.196136
0.195358
0.194285
0.192991
0.190949
-0.0330468
-0.031167
-0.0297161
-0.0284712
-0.0272817
-0.0261251
-0.0250651
-0.0242448
-0.0237276
-0.0234709
-0.0235184
-0.0238277
-0.0243615
-0.0250862
-0.0259582
-0.0269479
-0.0280052
-0.0290678
-0.0300973
-0.0310461
-0.0318686
-0.032517
-0.0329342
-0.0330787
-0.0329093
-0.0323832
-0.0314656
-0.0301256
-0.0283314
-0.026062
-0.0233065
-0.0200597
-0.0163228
-0.0121014
-0.00740962
-0.00227222
0.00328127
0.00921697
0.0154969
0.0220755
0.0289053
0.0359411
0.0431324
0.0504287
0.0577835
0.0651494
0.0724813
0.0797379
0.0868816
0.0938792
0.100702
0.107323
0.113722
0.11988
0.125784
0.131422
0.136788
0.141877
0.146687
0.15122
0.155478
0.159466
0.16319
0.166659
0.16988
0.172863
0.175618
0.178156
0.180487
0.182622
0.184572
0.186346
0.187957
0.189413
0.190724
0.191899
0.192947
0.193877
0.194695
0.195409
0.196026
0.196551
0.196992
0.197351
0.197635
0.197847
0.197991
0.198069
0.198082
0.198031
0.197914
0.197727
0.197463
0.197108
0.196643
0.19603
0.195245
0.194165
0.192839
0.190822
-0.0345882
-0.0309772
-0.0289658
-0.0271815
-0.0251591
-0.0234724
-0.022272
-0.0214612
-0.0210398
-0.0209426
-0.0211228
-0.0215632
-0.0222299
-0.0230546
-0.0239989
-0.0250442
-0.0261419
-0.0272294
-0.0282686
-0.029216
-0.0300273
-0.030658
-0.0310553
-0.031177
-0.0309844
-0.0304389
-0.0295065
-0.0281566
-0.0263611
-0.0241001
-0.0213637
-0.018147
-0.0144496
-0.0102777
-0.00564718
-0.000581238
0.00489236
0.0107402
0.016925
0.0234032
0.0301281
0.0370557
0.0441376
0.0513243
0.0585702
0.0658292
0.0730575
0.0802145
0.0872635
0.0941717
0.10091
0.107454
0.11378
0.119873
0.125717
0.131301
0.136619
0.141665
0.146439
0.15094
0.155171
0.159137
0.162844
0.166298
0.169509
0.172485
0.175236
0.177772
0.180104
0.182242
0.184197
0.185978
0.187597
0.189062
0.190384
0.191571
0.192631
0.193573
0.194404
0.195132
0.195762
0.196301
0.196755
0.197129
0.197426
0.197652
0.197809
0.197899
0.197925
0.197887
0.197782
0.197606
0.197352
0.197005
0.196546
0.195937
0.195148
0.194068
0.192718
0.190729
-0.0382898
-0.0293408
-0.0263102
-0.0240659
-0.0214654
-0.019748
-0.0188364
-0.0183329
-0.0181965
-0.0183879
-0.0187875
-0.0194035
-0.0202194
-0.0211621
-0.0221935
-0.0232991
-0.0244377
-0.0255513
-0.0266007
-0.0275473
-0.028349
-0.0289619
-0.0293387
-0.0294379
-0.0292226
-0.0286578
-0.0277099
-0.0263496
-0.0245516
-0.0222977
-0.0195777
-0.0163858
-0.0127226
-0.0085958
-0.00402074
0.000980449
0.00638087
0.0121478
0.0182449
0.0246298
0.0312577
0.038085
0.0450649
0.0521493
0.0592935
0.0664524
0.0735835
0.0806469
0.0876067
0.0944304
0.10109
0.107559
0.113817
0.119847
0.125634
0.131167
0.136439
0.141446
0.146184
0.150654
0.15486
0.158804
0.162494
0.165935
0.169135
0.172104
0.174851
0.177386
0.17972
0.181861
0.183821
0.185609
0.187236
0.188711
0.190044
0.191242
0.192314
0.193269
0.194113
0.194854
0.195499
0.196052
0.196519
0.196907
0.197218
0.197457
0.197628
0.197732
0.197771
0.197745
0.197652
0.197489
0.197246
0.196909
0.196459
0.195856
0.195069
0.193994
0.192626
0.190671
-0.042151
-0.0242767
-0.0195559
-0.018247
-0.0164924
-0.0155024
-0.0152614
-0.0152703
-0.0155037
-0.0160022
-0.0166489
-0.0174508
-0.0184065
-0.0194587
-0.0205729
-0.0217335
-0.0229084
-0.0240437
-0.0250993
-0.0260424
-0.0268323
-0.0274262
-0.0277811
-0.0278575
-0.0276196
-0.0270346
-0.0260702
-0.0246985
-0.0228959
-0.0206462
-0.0179386
-0.0147676
-0.0111349
-0.00704842
-0.0025232
0.00241932
0.00775284
0.0134455
0.0194615
0.0257603
0.032298
0.0390319
0.0459165
0.0529052
0.0599538
0.0670187
0.0740581
0.0810331
0.0879084
0.0946521
0.101236
0.107635
0.113828
0.119798
0.125531
0.131015
0.136244
0.141212
0.145916
0.150358
0.154539
0.158464
0.162137
0.165565
0.168756
0.171719
0.174463
0.176998
0.179333
0.181478
0.183444
0.18524
0.186876
0.188361
0.189704
0.190914
0.191999
0.192966
0.193824
0.194579
0.195237
0.195804
0.196286
0.196687
0.197012
0.197265
0.197449
0.197567
0.197619
0.197606
0.197527
0.197376
0.197145
0.19682
0.196381
0.195789
0.195008
0.193943
0.192566
0.190648
-0.024166
-0.0123753
-0.00954498
-0.0107292
-0.0109684
-0.0110966
-0.0115948
-0.0121704
-0.012808
-0.0136034
-0.0144933
-0.0154792
-0.0165662
-0.0177179
-0.0189087
-0.0201185
-0.0213205
-0.0224684
-0.0235224
-0.0244524
-0.025221
-0.025787
-0.0261109
-0.0261552
-0.025886
-0.025272
-0.024283
-0.0228928
-0.0210796
-0.0188282
-0.0161285
-0.0129757
-0.00937222
-0.00532631
-0.000852604
0.00402796
0.00928957
0.0149014
0.0208283
0.0270313
0.0334682
0.040097
0.0468735
0.053753
0.0606921
0.0676486
0.0745818
0.0814541
0.0882308
0.0948806
0.101376
0.107692
0.113809
0.119708
0.125376
0.130802
0.135979
0.140901
0.145565
0.149973
0.154125
0.158025
0.161679
0.165093
0.168274
0.17123
0.173971
0.176505
0.178843
0.180994
0.182967
0.184772
0.186419
0.187917
0.189274
0.190499
0.1916
0.192584
0.193459
0.194231
0.194906
0.195491
0.19599
0.196409
0.196751
0.197021
0.197223
0.197357
0.197427
0.197431
0.197369
0.197236
0.197023
0.196715
0.196293
0.19572
0.194954
0.19391
0.192535
0.190666
-0.0132148
-0.00676345
-0.00398204
-0.00529487
-0.00640246
-0.00718959
-0.00815474
-0.00914697
-0.0101231
-0.0111715
-0.0122713
-0.0134177
-0.0146192
-0.0158582
-0.0171129
-0.0183604
-0.0195759
-0.0207224
-0.0217627
-0.0226674
-0.0234017
-0.0239279
-0.0242091
-0.0242106
-0.0238999
-0.0232479
-0.0222266
-0.0208118
-0.0189836
-0.016728
-0.0140356
-0.0109025
-0.00733212
-0.00333265
0.00108149
0.00588986
0.0110673
0.0165841
0.0224063
0.0284963
0.0348139
0.041318
0.0479664
0.054716
0.061525
0.0683524
0.0751593
0.0819091
0.0885681
0.0951059
0.101495
0.107713
0.113738
0.119553
0.125145
0.130502
0.135617
0.140485
0.145102
0.14947
0.153588
0.157462
0.161094
0.164492
0.167661
0.170611
0.17335
0.175886
0.178229
0.180387
0.182371
0.18419
0.185852
0.187367
0.188742
0.189986
0.191107
0.192112
0.193008
0.193802
0.194499
0.195106
0.195627
0.196068
0.196433
0.196725
0.196948
0.197104
0.197195
0.197222
0.197183
0.197073
0.196885
0.196605
0.196211
0.19567
0.194938
0.193934
0.192588
0.190779
-0.00703201
-0.00436538
-0.00200271
-0.0025595
-0.00355714
-0.00442978
-0.0054933
-0.00664695
-0.00780295
-0.00899741
-0.0102236
-0.0114745
-0.0127532
-0.0140489
-0.0153382
-0.0166002
-0.0178116
-0.0189409
-0.0199544
-0.0208227
-0.0215137
-0.0219925
-0.0222249
-0.0221785
-0.0218231
-0.0211309
-0.0200763
-0.018637
-0.0167949
-0.014537
-0.0118554
-0.00874684
-0.00521435
-0.00126651
0.0030821
0.00781168
0.012898
0.0183125
0.0240224
0.0299918
0.0361823
0.0425543
0.0490672
0.0556798
0.0623516
0.0690436
0.0757181
0.0823396
0.0888758
0.095297
0.101577
0.107692
0.113622
0.11935
0.124863
0.13015
0.135203
0.140016
0.144587
0.148914
0.153
0.156847
0.160459
0.163842
0.167003
0.169948
0.172686
0.175226
0.177576
0.179745
0.181743
0.183577
0.185256
0.18679
0.188186
0.189452
0.190595
0.191623
0.192543
0.19336
0.194081
0.194712
0.195257
0.195721
0.196109
0.196424
0.19667
0.19685
0.196965
0.197016
0.197002
0.196919
0.19676
0.196513
0.196157
0.195658
0.194975
0.194028
0.192741
0.190995
-0.00269325
-0.00186534
-0.000395258
-0.000666255
-0.00154922
-0.0024447
-0.00350618
-0.00468903
-0.00590624
-0.00715405
-0.0084279
-0.0097231
-0.0110314
-0.0123398
-0.013628
-0.0148755
-0.0160596
-0.0171517
-0.0181209
-0.0189386
-0.0195744
-0.019996
-0.0201719
-0.0200717
-0.019667
-0.0189319
-0.0178426
-0.0163787
-0.0145236
-0.0122654
-0.00959736
-0.00651729
-0.00302792
0.00086219
0.00513918
0.00978404
0.014773
0.0200785
0.0256692
0.0315111
0.0375675
0.0438006
0.0501713
0.0566404
0.0631691
0.0697199
0.0762565
0.0827449
0.0891536
0.0954539
0.10162
0.107629
0.113462
0.119101
0.124534
0.129749
0.134738
0.139495
0.144019
0.148307
0.15236
0.156181
0.159774
0.163144
0.166296
0.169239
0.171979
0.174525
0.176884
0.179066
0.181078
0.18293
0.184629
0.186185
0.187603
0.188893
0.190061
0.191114
0.192059
0.192902
0.193649
0.194305
0.194875
0.195365
0.195777
0.196118
0.196389
0.196593
0.196734
0.196811
0.196825
0.196772
0.196647
0.196438
0.196128
0.195684
0.195066
0.194194
0.192994
0.191319
0.000830646
0.000614951
0.00114385
0.000833176
5.79567e-06
-0.00091003
-0.00195603
-0.00312121
-0.00433977
-0.00559065
-0.00686597
-0.00815767
-0.00945343
-0.0107385
-0.011994
-0.0131997
-0.014333
-0.0153676
-0.0162748
-0.0170269
-0.0175951
-0.0179494
-0.0180604
-0.0178999
-0.0174411
-0.0166599
-0.0155344
-0.0140456
-0.0121784
-0.00992203
-0.00727026
-0.0042217
-0.000779731
0.00304741
0.0072468
0.0118003
0.0166854
0.0218759
0.0273416
0.0330498
0.0389658
0.0450536
0.0512761
0.057596
0.0639761
0.0703805
0.0767744
0.0831251
0.0894021
0.0955778
0.101627
0.107527
0.11326
0.118808
0.124158
0.1293
0.134224
0.138926
0.143402
0.14765
0.151671
0.155468
0.159042
0.1624
0.165546
0.168487
0.171231
0.173784
0.176155
0.178351
0.180381
0.182253
0.183974
0.185553
0.186996
0.188312
0.189507
0.190587
0.19156
0.19243
0.193204
0.193888
0.194485
0.195001
0.19544
0.195806
0.196103
0.196334
0.196502
0.196607
0.196651
0.196632
0.196544
0.19638
0.196123
0.195745
0.195208
0.194431
0.19335
0.191752
0.00376032
0.00289784
0.00268185
0.0021785
0.00133663
0.000389711
-0.000652216
-0.00179175
-0.00298807
-0.00421689
-0.00546656
-0.0067262
-0.00798232
-0.0092194
-0.0104195
-0.0115626
-0.0126267
-0.0135873
-0.0144176
-0.0150912
-0.0155809
-0.0158588
-0.0158976
-0.0156708
-0.0151538
-0.0143237
-0.0131604
-0.0116466
-0.0097684
-0.00751585
-0.00488343
-0.00187002
0.0015209
0.00528132
0.00939847
0.0138551
0.0186302
0.0236992
0.029034
0.0346033
0.0403736
0.0463106
0.0523797
0.0585453
0.0647721
0.0710256
0.0772725
0.0834815
0.0896233
0.0956709
0.1016
0.107389
0.113019
0.118474
0.12374
0.128807
0.133666
0.138311
0.142739
0.146948
0.150938
0.154709
0.158267
0.161613
0.164754
0.167696
0.170444
0.173007
0.175391
0.177604
0.179654
0.181548
0.183293
0.184898
0.186368
0.187712
0.188935
0.190045
0.191047
0.191946
0.192749
0.193461
0.194087
0.194631
0.195098
0.195491
0.195816
0.196075
0.19627
0.196406
0.196481
0.196497
0.196451
0.196336
0.19614
0.195838
0.195399
0.194736
0.193809
0.1923
0.00624349
0.00500283
0.00426879
0.00352437
0.00260574
0.00160718
0.000547975
-0.00057745
-0.00174862
-0.00294571
-0.00415639
-0.00536899
-0.00657012
-0.00774455
-0.00887482
-0.00994177
-0.0109243
-0.0117994
-0.0125424
-0.0131282
-0.0135316
-0.0137265
-0.0136878
-0.0133908
-0.0128125
-0.011932
-0.0107305
-0.009192
-0.00730396
-0.0050573
-0.00244695
0.000527956
0.00386403
0.0075536
0.0115845
0.0159405
0.0206014
0.025544
0.0307424
0.0361674
0.0417872
0.0475693
0.0534808
0.0594881
0.0655575
0.0716563
0.0777528
0.0838167
0.08982
0.0957366
0.101543
0.107218
0.112744
0.118104
0.123284
0.128275
0.133068
0.137657
0.142036
0.146206
0.150164
0.153912
0.157453
0.160789
0.163926
0.16687
0.169625
0.172199
0.174599
0.17683
0.178902
0.180819
0.182591
0.184223
0.185723
0.187096
0.18835
0.18949
0.190523
0.191453
0.192287
0.193029
0.193684
0.194257
0.194753
0.195175
0.195528
0.195815
0.19604
0.196206
0.196315
0.196369
0.196366
0.196304
0.196176
0.195959
0.195634
0.195105
0.194368
0.192964
0.00841936
0.00697182
0.00589939
0.00492795
0.00390109
0.00283577
0.00174293
0.000616087
-0.000536917
-0.00170329
-0.00287203
-0.0040326
-0.00517228
-0.00627673
-0.00732966
-0.00831291
-0.00920678
-0.00998984
-0.0106395
-0.0111326
-0.0114451
-0.0115538
-0.0114348
-0.0110657
-0.0104252
-0.00949398
-0.00825462
-0.00669264
-0.00479645
-0.00255775
2.80358e-05
0.00296154
0.00623946
0.00985451
0.0137953
0.0180466
0.0225898
0.027403
0.0324613
0.0377377
0.0432031
0.0488269
0.0545777
0.0604236
0.0663328
0.072274
0.0782171
0.0841334
0.0899957
0.0957791
0.101461
0.10702
0.11244
0.117703
0.122797
0.127711
0.132437
0.136968
0.1413
0.14543
0.149357
0.153082
0.156606
0.159934
0.163069
0.166015
0.168779
0.171366
0.173782
0.176034
0.178128
0.180072
0.181872
0.183533
0.185063
0.186468
0.187754
0.188927
0.189991
0.190954
0.191819
0.192592
0.193278
0.193881
0.194407
0.194858
0.19524
0.195556
0.195811
0.196009
0.196153
0.196245
0.196289
0.196283
0.196227
0.196103
0.195906
0.19553
0.195024
0.193747
0.0103241
0.00877509
0.00749881
0.00634997
0.00521609
0.00408329
0.00295117
0.00181303
0.000669806
-0.000471162
-0.00160163
-0.00271218
-0.00379159
-0.00482679
-0.00580258
-0.00670242
-0.00750786
-0.00819952
-0.00875647
-0.00915738
-0.00938042
-0.00940379
-0.00920593
-0.00876618
-0.00806499
-0.00708448
-0.00580886
-0.00422476
-0.00232166
-9.20276e-05
0.00246817
0.00535946
0.00857856
0.0121186
0.015969
0.0201158
0.0245416
0.0292258
0.0341452
0.0392746
0.0445872
0.0500541
0.0556456
0.0613314
0.0670816
0.0728664
0.0786573
0.0844268
0.0901491
0.0958001
0.101358
0.106802
0.112115
0.117283
0.12229
0.127128
0.131787
0.136261
0.140545
0.144636
0.148533
0.152235
0.155745
0.159064
0.162197
0.165147
0.16792
0.170521
0.172955
0.175229
0.177348
0.179319
0.181147
0.182839
0.184401
0.185839
0.187158
0.188364
0.189462
0.190457
0.191355
0.19216
0.192877
0.193511
0.194066
0.194546
0.194958
0.195304
0.195589
0.195818
0.195996
0.196128
0.196218
0.196269
0.196288
0.196262
0.196204
0.195997
0.195768
0.194646
0.012278
0.010675
0.00926308
0.007972
0.00673646
0.00553425
0.00435782
0.00320071
0.00206098
0.000941943
-0.000150683
-0.00120924
-0.00222442
-0.00318458
-0.00407673
-0.00488576
-0.00559559
-0.00618841
-0.00664579
-0.00694823
-0.00707621
-0.00700987
-0.00672985
-0.00621742
-0.00545488
-0.00442615
-0.00311674
-0.00151471
0.000389652
0.00260291
0.00512889
0.0079679
0.0111171
0.0145701
0.0183171
0.0223458
0.0266401
0.0311812
0.0359478
0.0409165
0.0460619
0.0513576
0.0567755
0.0622876
0.0678654
0.0734815
0.0791083
0.0847202
0.0902923
0.0958016
0.101227
0.106548
0.111749
0.116815
0.121732
0.126489
0.131079
0.135494
0.139729
0.143781
0.147647
0.151328
0.154824
0.158138
0.161272
0.16423
0.167015
0.169633
0.172089
0.174388
0.176536
0.178537
0.180398
0.182125
0.183722
0.185195
0.186551
0.187792
0.188926
0.189957
0.190889
0.191728
0.192478
0.193143
0.193729
0.194241
0.194682
0.195058
0.195373
0.195634
0.195847
0.196017
0.196153
0.196261
0.196355
0.196429
0.19652
0.196493
0.196592
0.195654
0.0145713
0.0129455
0.01145
0.0100523
0.00872648
0.0074572
0.00623557
0.00505585
0.00391576
0.00281645
0.00176173
0.0007574
-0.000188854
-0.0010676
-0.00186768
-0.0025765
-0.00318012
-0.00366345
-0.00401046
-0.00420442
-0.00422829
-0.00406479
-0.00369712
-0.0031087
-0.0022843
-0.00120936
0.000128474
0.00174018
0.00363405
0.00581638
0.00829037
0.0110567
0.0141131
0.017454
0.0210711
0.0249529
0.0290855
0.033452
0.0380336
0.0428085
0.0477538
0.0528452
0.0580574
0.0633643
0.0687401
0.0741588
0.079595
0.0850242
0.0904232
0.0957699
0.101044
0.106227
0.111302
0.116255
0.121073
0.125744
0.13026
0.134613
0.138798
0.142811
0.14665
0.150313
0.1538
0.157114
0.160255
0.163226
0.166031
0.168674
0.171159
0.173491
0.175674
0.177713
0.179614
0.181381
0.183019
0.184534
0.185931
0.187213
0.188387
0.189456
0.190427
0.191302
0.192087
0.192787
0.193405
0.193948
0.19442
0.194826
0.195172
0.195465
0.19571
0.195917
0.196097
0.196258
0.196423
0.19659
0.196826
0.196977
0.197443
0.1967
0.0172031
0.0155916
0.0140701
0.0126221
0.0112442
0.00993184
0.00868046
0.00748685
0.00635054
0.00527263
0.0042565
0.00330665
0.00242961
0.00163289
0.000925828
0.000318543
-0.000177258
-0.000549379
-0.00078437
-0.000868636
-0.000787814
-0.000527772
-7.42007e-05
0.000586483
0.00146751
0.00258082
0.00393733
0.00554621
0.00741496
0.00954895
0.0119513
0.0146228
0.0175616
0.0207633
0.024221
0.027925
0.0318633
0.0360212
0.0403822
0.0449275
0.0496368
0.0544889
0.0594611
0.0645301
0.0696723
0.0748641
0.080082
0.0853035
0.0905068
0.0956712
0.100777
0.105807
0.110745
0.115577
0.120288
0.124869
0.129309
0.133601
0.137739
0.141717
0.145533
0.149185
0.152671
0.155992
0.159149
0.162144
0.164978
0.167655
0.170179
0.172552
0.17478
0.176865
0.178813
0.180628
0.182315
0.183877
0.18532
0.186648
0.187866
0.188977
0.189988
0.190902
0.191724
0.192459
0.193111
0.193686
0.194188
0.194624
0.194999
0.19532
0.195596
0.195836
0.196053
0.196259
0.196483
0.196728
0.19709
0.197397
0.19823
0.197671
0.0199637
0.0183885
0.0168802
0.0154316
0.0140472
0.0127293
0.0114785
0.010295
0.0091809
0.00813837
0.00717131
0.00628382
0.00548173
0.00477112
0.00415974
0.00365553
0.00326798
0.00300658
0.00288215
0.00290526
0.00308754
0.00344006
0.00397445
0.00470144
0.00563185
0.00677519
0.00814052
0.00973524
0.0115657
0.0136364
0.0159503
0.0185082
0.0213093
0.02435
0.0276247
0.0311256
0.0348428
0.0387643
0.0428762
0.0471631
0.0516079
0.0561921
0.060896
0.0656993
0.0705813
0.0755209
0.0804972
0.0854896
0.0904779
0.095443
0.100367
0.105232
0.110023
0.114725
0.119326
0.123814
0.128178
0.132412
0.136506
0.140456
0.144258
0.147907
0.151403
0.154743
0.157928
0.160957
0.163833
0.166557
0.169131
0.171558
0.17384
0.175983
0.177988
0.179859
0.181601
0.183218
0.184714
0.186093
0.187359
0.188517
0.189571
0.190526
0.191387
0.192158
0.192844
0.193451
0.193984
0.194448
0.19485
0.195199
0.195502
0.19577
0.196018
0.196261
0.196532
0.196837
0.197301
0.197733
0.198902
0.198512
0.0221809
0.0206465
0.0191701
0.017747
0.0163834
0.0150839
0.0138515
0.0126886
0.0115984
0.0105845
0.0096514
0.00880347
0.00804635
0.00738578
0.00682865
0.006382
0.00605393
0.00585258
0.00578705
0.00586632
0.00610001
0.00649736
0.00706796
0.00782079
0.00876483
0.00990813
0.0112583
0.0128215
0.0146035
0.016608
0.0188379
0.0212941
0.0239758
0.0268805
0.0300038
0.0333395
0.0368791
0.0406128
0.0445286
0.0486132
0.0528513
0.0572267
0.0617222
0.0663199
0.0710009
0.0757465
0.0805372
0.0853544
0.0901791
0.0949935
0.0997799
0.104522
0.109205
0.113813
0.118335
0.122759
0.127073
0.13127
0.13534
0.139279
0.143079
0.146737
0.15025
0.153616
0.156833
0.159901
0.162819
0.165589
0.168212
0.17069
0.173024
0.175219
0.177276
0.1792
0.180992
0.182658
0.184201
0.185625
0.186934
0.188133
0.189225
0.190216
0.19111
0.191913
0.192627
0.193261
0.193818
0.194306
0.194731
0.1951
0.195424
0.195713
0.195984
0.196252
0.196556
0.196903
0.197443
0.197965
0.199424
0.199188
0.0233811
0.0218545
0.020384
0.0189639
0.0176029
0.0163073
0.0150805
0.0139251
0.012845
0.0118441
0.010927
0.010098
0.00936271
0.00872647
0.00819564
0.00777673
0.00747703
0.00730395
0.00726554
0.00736995
0.00762563
0.00804099
0.00862449
0.00938434
0.0103284
0.0114641
0.0127982
0.0143366
0.0160842
0.0180447
0.0202205
0.0226124
0.02522
0.0280411
0.0310721
0.0343075
0.0377399
0.0413606
0.0451589
0.0491226
0.0532383
0.057491
0.0618648
0.066343
0.070908
0.0755421
0.0802273
0.0849456
0.0896792
0.0944106
0.0991231
0.103801
0.108428
0.112991
0.117477
0.121874
0.126171
0.130358
0.134427
0.138371
0.142183
0.14586
0.149396
0.15279
0.156039
0.159141
0.162096
0.164905
0.167568
0.170086
0.172461
0.174695
0.176792
0.178753
0.180583
0.182284
0.18386
0.185316
0.186655
0.187882
0.189001
0.190017
0.190933
0.191756
0.19249
0.193141
0.193714
0.194217
0.194655
0.195038
0.195374
0.195676
0.19596
0.196243
0.196567
0.196938
0.197526
0.198107
0.19979
0.199691
0.0240779
0.0225494
0.0210748
0.0196448
0.0182748
0.0169734
0.0157428
0.0145851
0.0135043
0.0125045
0.0115902
0.0107658
0.0100363
0.00940729
0.00888453
0.00847436
0.00818346
0.00801883
0.00798796
0.00809828
0.00835778
0.00877421
0.00935561
0.0101095
0.0110435
0.0121643
0.0134785
0.0149914
0.0167081
0.0186319
0.0207655
0.0231098
0.0256647
0.0284282
0.0313969
0.0345659
0.0379286
0.0414767
0.0452005
0.0490886
0.0531284
0.057306
0.0616064
0.0660137
0.0705111
0.0750815
0.0797078
0.0843724
0.089058
0.0937476
0.0984245
0.103073
0.107678
0.112225
0.116701
0.121094
0.125393
0.129588
0.133669
0.13763
0.141464
0.145165
0.148729
0.152152
0.155432
0.158567
0.161556
0.164399
0.167096
0.169648
0.172056
0.174323
0.176451
0.178442
0.1803
0.182029
0.18363
0.18511
0.18647
0.187718
0.188855
0.189889
0.19082
0.191658
0.192404
0.193068
0.193651
0.194164
0.19461
0.195
0.195343
0.195652
0.195943
0.196234
0.196567
0.19695
0.197564
0.198179
0.200019
0.200036
0.0242466
0.0227369
0.0212676
0.0198289
0.018451
0.0171459
0.0159131
0.0147535
0.0136716
0.0126717
0.0117581
0.010935
0.0102074
0.00958049
0.00906012
0.00865211
0.00836315
0.0081998
0.00816926
0.00827886
0.00853605
0.00894836
0.00952334
0.0102684
0.0111906
0.0122968
0.0135931
0.0150851
0.0167774
0.0186736
0.0207764
0.0230871
0.0256055
0.0283303
0.0312582
0.0343847
0.0377037
0.0412074
0.0448865
0.0487302
0.0527264
0.0568617
0.0611219
0.0654913
0.0699538
0.0744926
0.079091
0.0837317
0.0883976
0.0930718
0.097738
0.10238
0.106983
0.111533
0.116016
0.12042
0.124732
0.128945
0.133047
0.137031
0.140889
0.144618
0.148209
0.151663
0.154972
0.158137
0.161156
0.164029
0.166754
0.169335
0.171769
0.174063
0.176214
0.17823
0.180108
0.181858
0.183477
0.184975
0.186351
0.187614
0.188763
0.189809
0.190751
0.191599
0.192353
0.193024
0.193613
0.194132
0.194582
0.194977
0.195323
0.195635
0.195928
0.196222
0.196558
0.196946
0.197568
0.198198
0.200126
0.200242
0.0241502
0.0226439
0.0211665
0.0197075
0.0183148
0.0170013
0.0157625
0.0145988
0.0135143
0.0125135
0.0115996
0.010777
0.0100501
0.00942425
0.00890459
0.00849726
0.00820821
0.00804415
0.00801193
0.00811873
0.00837183
0.00877859
0.00934641
0.0100826
0.0109941
0.0120877
0.0133695
0.014845
0.0165191
0.0183954
0.0204766
0.0227643
0.0252586
0.0279582
0.0308603
0.0339608
0.0372537
0.0407315
0.0443854
0.0482049
0.0521783
0.0562924
0.0605334
0.064886
0.0693342
0.0738616
0.0784515
0.083087
0.0877509
0.0924264
0.0970972
0.101747
0.106361
0.110925
0.115424
0.119847
0.124181
0.128416
0.132542
0.136552
0.140437
0.144192
0.147812
0.151292
0.154628
0.15782
0.160864
0.163762
0.166511
0.169115
0.17157
0.173884
0.176054
0.178088
0.179982
0.181747
0.18338
0.18489
0.186277
0.18755
0.188708
0.189762
0.190709
0.191564
0.192322
0.192998
0.19359
0.194112
0.194564
0.194962
0.195308
0.195622
0.195914
0.196208
0.196542
0.19693
0.197548
0.198182
0.200133
0.200331
0.022823
0.0214233
0.0199991
0.0185975
0.017268
0.0160136
0.014828
0.0137127
0.0126728
0.0117124
0.0108351
0.0100451
0.00934719
0.00874669
0.00824923
0.00786082
0.00758779
0.00743687
0.00741512
0.00752982
0.0077884
0.00819836
0.00876722
0.00950239
0.0104111
0.0115001
0.0127758
0.014244
0.0159094
0.0177762
0.0198473
0.0221245
0.0246081
0.0272972
0.0301892
0.0332803
0.0365647
0.0400353
0.0436834
0.0474988
0.05147
0.0555839
0.059827
0.064184
0.0686389
0.0731756
0.0777772
0.0824266
0.0871068
0.0918008
0.096492
0.101164
0.105802
0.11039
0.114916
0.119365
0.123727
0.127989
0.132143
0.136181
0.140093
0.143874
0.147519
0.151024
0.154384
0.157598
0.160664
0.163582
0.166349
0.16897
0.171442
0.173771
0.175954
0.178
0.179906
0.18168
0.183322
0.18484
0.186234
0.187513
0.188676
0.189735
0.190687
0.191544
0.192305
0.192984
0.193577
0.194101
0.194553
0.194951
0.195298
0.195611
0.195902
0.196195
0.196525
0.196911
0.197521
0.198153
0.200083
0.200343
0.0236278
0.022062
0.0204656
0.0189358
0.017512
0.0161802
0.0149268
0.0137518
0.0126594
0.0116526
0.0107341
0.00990751
0.00917688
0.00854693
0.00802278
0.00760993
0.00731436
0.00714245
0.00710096
0.00719694
0.00743766
0.0078305
0.00838288
0.00910217
0.00999556
0.0110699
0.0123315
0.0137863
0.0154392
0.0172944
0.0193548
0.0216225
0.0240978
0.0267801
0.0296668
0.0327542
0.0360366
0.0395071
0.0431569
0.0469758
0.0509524
0.0550737
0.0593258
0.0636936
0.068161
0.0727116
0.0773286
0.0819947
0.0866925
0.091405
0.0961154
0.100807
0.105465
0.110074
0.114619
0.119089
0.12347
0.127751
0.131924
0.135979
0.139908
0.143706
0.147367
0.150886
0.15426
0.157487
0.160564
0.163492
0.16627
0.1689
0.17138
0.173716
0.175907
0.177958
0.179869
0.181648
0.183294
0.184816
0.186213
0.187495
0.18866
0.189721
0.190674
0.191533
0.192296
0.192975
0.193569
0.194092
0.194546
0.194943
0.19529
0.195602
0.195893
0.196184
0.196513
0.196896
0.197499
0.198129
0.200035
0.200319
0.205253
0.200995
0.196098
0.192554
0.188705
0.184105
0.179062
0.173596
0.167555
0.160835
0.153333
0.144947
0.135472
0.12488
0.112592
0.0992674
0.0822993
0.0666335
0.0385926
0.0275486
0.203971
0.199845
0.195267
0.191856
0.188052
0.1835
0.178499
0.173059
0.167033
0.160322
0.152825
0.144442
0.134967
0.124376
0.112083
0.0987562
0.0817666
0.0661105
0.0379741
0.02707
0.202257
0.198411
0.194271
0.190984
0.187214
0.18273
0.177788
0.17238
0.166374
0.159677
0.15219
0.143814
0.134343
0.123759
0.111461
0.0981499
0.0811142
0.0655476
0.0371872
0.0267694
0.200723
0.197165
0.19338
0.190145
0.186386
0.181961
0.17707
0.171687
0.165698
0.159014
0.151535
0.143167
0.133698
0.123121
0.110815
0.0975297
0.0804384
0.0650053
0.0363781
0.026673
0.199384
0.196051
0.192551
0.189354
0.185606
0.181233
0.176382
0.171019
0.165042
0.158366
0.150891
0.142525
0.133053
0.122479
0.110159
0.0968997
0.0797426
0.0644591
0.0355562
0.0266494
0.198185
0.195021
0.191757
0.188602
0.184872
0.180547
0.175731
0.170385
0.164418
0.157748
0.150273
0.141905
0.132425
0.121852
0.109509
0.0962751
0.079042
0.0639156
0.0347359
0.0266528
0.197104
0.19407
0.191001
0.18789
0.184185
0.179904
0.175121
0.169791
0.163832
0.157167
0.14969
0.14132
0.131829
0.121254
0.108884
0.0956755
0.0783601
0.0633937
0.0339446
0.0266803
0.196129
0.1932
0.190286
0.187218
0.183542
0.179303
0.174551
0.169237
0.163287
0.156626
0.149148
0.140773
0.131271
0.120695
0.108296
0.0951119
0.0777134
0.0629048
0.0332041
0.0267306
0.195249
0.192404
0.189613
0.186586
0.18294
0.178742
0.174019
0.168722
0.162781
0.156124
0.148644
0.140266
0.130754
0.120174
0.107749
0.0945875
0.0771106
0.0624527
0.0325258
0.0267978
0.194451
0.191677
0.188982
0.185992
0.182379
0.17822
0.173524
0.168244
0.162313
0.15566
0.14818
0.139798
0.130276
0.119693
0.107243
0.0941015
0.0765552
0.0620373
0.0319137
0.0268752
0.193726
0.191011
0.188393
0.185436
0.181856
0.177732
0.173064
0.1678
0.161879
0.155232
0.147751
0.139367
0.129835
0.119249
0.106777
0.0936527
0.0760479
0.0616568
0.0313685
0.0269562
0.193067
0.190404
0.187844
0.184918
0.181369
0.177279
0.172635
0.167388
0.161477
0.154836
0.147355
0.138969
0.129431
0.118842
0.106351
0.0932399
0.0755872
0.061308
0.0308885
0.0270349
0.192466
0.189849
0.187336
0.184436
0.180917
0.176858
0.172238
0.167007
0.161107
0.15447
0.146991
0.138603
0.129059
0.118468
0.105962
0.0928619
0.0751713
0.0609884
0.0304717
0.0271053
0.191918
0.189344
0.186867
0.18399
0.180499
0.176468
0.17187
0.166654
0.160764
0.154134
0.146656
0.138268
0.128719
0.118125
0.105608
0.0925167
0.0747983
0.0606956
0.030115
0.0271621
0.19142
0.188886
0.186436
0.183579
0.180114
0.176108
0.171531
0.16633
0.160449
0.153824
0.146349
0.13796
0.128408
0.117812
0.105287
0.0922022
0.0744665
0.0604277
0.029816
0.0272006
0.190966
0.188472
0.186044
0.183202
0.179761
0.175778
0.171219
0.166032
0.160161
0.153541
0.146067
0.137679
0.128125
0.117527
0.104997
0.091916
0.0741736
0.060182
0.0295716
0.027217
0.190552
0.188102
0.18569
0.182861
0.17944
0.175477
0.170935
0.16576
0.159897
0.153282
0.145811
0.137423
0.127868
0.117268
0.104737
0.0916566
0.0739179
0.0599564
0.0293792
0.0272083
0.190178
0.187773
0.185374
0.182554
0.179151
0.175206
0.170677
0.165513
0.159658
0.153048
0.145579
0.137191
0.127636
0.117034
0.104505
0.0914219
0.0736973
0.0597477
0.029236
0.0271725
0.189841
0.187485
0.185095
0.182281
0.178894
0.174963
0.170446
0.165291
0.159442
0.152836
0.14537
0.136982
0.127428
0.116824
0.1043
0.091211
0.0735107
0.0595542
0.0291395
0.0271072
0.189543
0.187237
0.184853
0.182043
0.178669
0.174749
0.170242
0.165094
0.15925
0.152647
0.145182
0.136795
0.127243
0.116637
0.104121
0.0910221
0.0733562
0.0593733
0.0290876
0.0270111
0.189283
0.18703
0.18465
0.18184
0.178475
0.174565
0.170064
0.164922
0.159081
0.15248
0.145017
0.136629
0.12708
0.116471
0.103967
0.0908548
0.0732333
0.059204
0.0290788
0.0268822
0.189064
0.186862
0.184484
0.181673
0.178315
0.174409
0.169913
0.164774
0.158935
0.152335
0.144873
0.136485
0.12694
0.116327
0.103837
0.0907078
0.07314
0.0590456
0.0291101
0.0267224
0.188886
0.186734
0.184356
0.181541
0.178187
0.174284
0.169789
0.16465
0.158812
0.152211
0.14475
0.136361
0.12682
0.116204
0.103731
0.0905814
0.0730754
0.0588988
0.0291778
0.0265332
0.188751
0.186646
0.184266
0.181445
0.178092
0.174188
0.169692
0.164551
0.158711
0.152109
0.144648
0.136257
0.126721
0.1161
0.103647
0.0904724
0.07304
0.0587558
0.0292914
0.0262999
0.188661
0.1866
0.184216
0.181386
0.17803
0.174123
0.169621
0.164475
0.158632
0.152026
0.144564
0.136171
0.126641
0.116013
0.103587
0.0903721
0.0730471
0.0585836
0.0295055
0.0259419
0.188616
0.1866
0.184208
0.181363
0.177999
0.17408
0.169566
0.164411
0.158559
0.151946
0.144481
0.136084
0.126563
0.115922
0.103543
0.0902536
0.0731177
0.0583142
0.0299331
0.0252906
0.188696
0.186706
0.184301
0.181432
0.178047
0.174104
0.169566
0.16439
0.158521
0.151896
0.144424
0.136022
0.126509
0.115861
0.103522
0.0901814
0.0731968
0.0581335
0.0302962
0.0247357
0.188928
0.186942
0.184513
0.181612
0.178195
0.174217
0.169644
0.164438
0.158546
0.151903
0.144422
0.136014
0.126506
0.115856
0.103548
0.0901766
0.0733031
0.0580547
0.030599
0.0243092
0.189322
0.187317
0.184847
0.181907
0.178448
0.174422
0.169803
0.164559
0.158638
0.151973
0.144478
0.136063
0.12656
0.115909
0.10363
0.0902356
0.0734591
0.0580462
0.0309128
0.0239277
0.189889
0.187839
0.185307
0.182318
0.178806
0.174719
0.170043
0.164752
0.158795
0.152103
0.144594
0.136171
0.126671
0.116022
0.10377
0.0903589
0.0736696
0.0581055
0.0312526
0.0235826
0.190641
0.188518
0.185895
0.182846
0.17927
0.175107
0.170361
0.165016
0.159017
0.152296
0.144769
0.136337
0.126841
0.116196
0.10397
0.0905493
0.0739382
0.0582384
0.0316231
0.0232848
0.191589
0.189365
0.186613
0.183491
0.179837
0.175583
0.170757
0.165351
0.159305
0.152552
0.145005
0.136565
0.127072
0.116433
0.104234
0.0908101
0.0742691
0.0584506
0.0320343
0.0230424
0.192749
0.190391
0.187463
0.184249
0.180506
0.176146
0.171228
0.165754
0.159659
0.15287
0.145304
0.136857
0.127368
0.116738
0.104565
0.0911453
0.074668
0.0587492
0.0324945
0.0228703
0.194139
0.191605
0.188442
0.185117
0.181271
0.176787
0.171769
0.166224
0.160076
0.153253
0.145667
0.137214
0.127732
0.117114
0.104968
0.0915596
0.0751397
0.0591411
0.0330117
0.0227869
0.195786
0.19301
0.189541
0.186089
0.182124
0.1775
0.172376
0.166758
0.160558
0.153701
0.146099
0.137642
0.128168
0.117566
0.105448
0.0920588
0.0756867
0.0596399
0.033579
0.0228365
0.197647
0.194522
0.190686
0.187105
0.183006
0.178237
0.173011
0.167326
0.161079
0.154192
0.146578
0.138121
0.128657
0.118073
0.10598
0.0926184
0.0762754
0.0602313
0.0341494
0.0230564
0.199568
0.195982
0.191759
0.188067
0.183831
0.178926
0.173617
0.167876
0.161591
0.154683
0.14706
0.138604
0.12915
0.118582
0.10651
0.093177
0.0768475
0.0608382
0.0346825
0.0233849
0.201447
0.197305
0.192709
0.188927
0.18456
0.179543
0.174171
0.168387
0.162072
0.155148
0.147519
0.139064
0.129617
0.119061
0.107003
0.0936934
0.0773703
0.0613983
0.0351699
0.0237334
0.20325
0.198468
0.193535
0.18968
0.185199
0.180094
0.174673
0.168855
0.162516
0.155579
0.147943
0.139486
0.130042
0.119494
0.107444
0.0941514
0.0778301
0.0618889
0.0356032
0.0240689
0.204939
0.199468
0.194249
0.190335
0.185758
0.180586
0.175124
0.169276
0.162916
0.155964
0.14832
0.139859
0.130415
0.119871
0.107824
0.0945426
0.0782208
0.0623035
0.0359798
0.0243777
0.206459
0.200327
0.194875
0.190902
0.186245
0.181018
0.175519
0.169642
0.163262
0.156296
0.148642
0.140176
0.130729
0.120186
0.108141
0.0948668
0.0785454
0.0626466
0.036301
0.0246619
0.207766
0.20109
0.195436
0.191385
0.186659
0.181385
0.175851
0.169947
0.163547
0.156568
0.148906
0.140434
0.130986
0.120443
0.108401
0.0951305
0.0788133
0.0629289
0.0365737
0.0249286
0.208841
0.201802
0.195932
0.191774
0.186993
0.18168
0.176113
0.170187
0.163772
0.156784
0.149116
0.140642
0.131194
0.120651
0.108613
0.0953473
0.0790379
0.0631652
0.0368104
0.0251867
0.209611
0.202405
0.196317
0.192049
0.187232
0.181894
0.176305
0.170365
0.163943
0.15695
0.14928
0.140806
0.13136
0.120821
0.108788
0.0955282
0.0792267
0.0633683
0.0370119
0.025441
0.209981
0.202765
0.196552
0.192209
0.187374
0.182026
0.176426
0.17048
0.164055
0.157061
0.149392
0.140921
0.131477
0.120943
0.108914
0.095662
0.0793645
0.0635248
0.0371559
0.0256556
)
;

boundaryField
{
    inlet
    {
        type            zeroGradient;
    }
    outlet
    {
        type            fixedValue;
        value           uniform 0;
    }
    upperWall
    {
        type            zeroGradient;
    }
    lowerWall
    {
        type            zeroGradient;
    }
    frontAndBack
    {
        type            empty;
    }
}


// ************************************************************************* //
