/*--------------------------------*- C++ -*----------------------------------*\
| =========                 |                                                 |
| \\      /  F ield         | OpenFOAM: The Open Source CFD Toolbox           |
|  \\    /   O peration     | Version:  5.0                                   |
|   \\  /    A nd           | Web:      www.OpenFOAM.org                      |
|    \\/     M anipulation  |                                                 |
\*---------------------------------------------------------------------------*/
FoamFile
{
    version     2.0;
    format      ascii;
    class       labelList;
    note        "nPoints: 5522 nCells: 2500 nFaces: 10260 nInternalFaces: 4740";
    location    "constant/polyMesh";
    object      neighbour;
}
// * * * * * * * * * * * * * * * * * * * * * * * * * * * * * * * * * * * * * //


4740
(
1
250
2
251
3
252
4
253
5
254
6
255
7
256
8
257
9
258
10
259
11
260
12
261
13
262
14
263
15
264
16
265
17
266
18
267
19
268
20
269
21
270
22
271
23
272
24
273
25
274
26
275
27
276
28
277
29
278
30
279
31
280
32
281
33
282
34
283
35
284
36
285
37
286
38
287
39
288
40
289
41
290
42
291
43
292
44
293
45
294
46
295
47
296
48
297
49
298
50
299
51
300
52
301
53
302
54
303
55
304
56
305
57
306
58
307
59
308
60
309
61
310
62
311
63
312
64
313
65
314
66
315
67
316
68
317
69
318
70
319
71
320
72
321
73
322
74
323
75
324
76
325
77
326
78
327
79
328
80
329
81
330
82
331
83
332
84
333
85
334
86
335
87
336
88
337
89
338
90
339
91
340
92
341
93
342
94
343
95
344
96
345
97
346
98
347
99
348
100
349
101
350
102
351
103
352
104
353
105
354
106
355
107
356
108
357
109
358
110
359
111
360
112
361
113
362
114
363
115
364
116
365
117
366
118
367
119
368
120
369
121
370
122
371
123
372
124
373
125
374
126
375
127
376
128
377
129
378
130
379
131
380
132
381
133
382
134
383
135
384
136
385
137
386
138
387
139
388
140
389
141
390
142
391
143
392
144
393
145
394
146
395
147
396
148
397
149
398
150
399
151
400
152
401
153
402
154
403
155
404
156
405
157
406
158
407
159
408
160
409
161
410
162
411
163
412
164
413
165
414
166
415
167
416
168
417
169
418
170
419
171
420
172
421
173
422
174
423
175
424
176
425
177
426
178
427
179
428
180
429
181
430
182
431
183
432
184
433
185
434
186
435
187
436
188
437
189
438
190
439
191
440
192
441
193
442
194
443
195
444
196
445
197
446
198
447
199
448
200
449
201
450
202
451
203
452
204
453
205
454
206
455
207
456
208
457
209
458
210
459
211
460
212
461
213
462
214
463
215
464
216
465
217
466
218
467
219
468
220
469
221
470
222
471
223
472
224
473
225
474
226
475
227
476
228
477
229
478
230
479
231
480
232
481
233
482
234
483
235
484
236
485
237
486
238
487
239
488
240
489
241
490
242
491
243
492
244
493
245
494
246
495
247
496
248
497
249
498
499
251
500
252
501
253
502
254
503
255
504
256
505
257
506
258
507
259
508
260
509
261
510
262
511
263
512
264
513
265
514
266
515
267
516
268
517
269
518
270
519
271
520
272
521
273
522
274
523
275
524
276
525
277
526
278
527
279
528
280
529
281
530
282
531
283
532
284
533
285
534
286
535
287
536
288
537
289
538
290
539
291
540
292
541
293
542
294
543
295
544
296
545
297
546
298
547
299
548
300
549
301
550
302
551
303
552
304
553
305
554
306
555
307
556
308
557
309
558
310
559
311
560
312
561
313
562
314
563
315
564
316
565
317
566
318
567
319
568
320
569
321
570
322
571
323
572
324
573
325
574
326
575
327
576
328
577
329
578
330
579
331
580
332
581
333
582
334
583
335
584
336
585
337
586
338
587
339
588
340
589
341
590
342
591
343
592
344
593
345
594
346
595
347
596
348
597
349
598
350
599
351
600
352
601
353
602
354
603
355
604
356
605
357
606
358
607
359
608
360
609
361
610
362
611
363
612
364
613
365
614
366
615
367
616
368
617
369
618
370
619
371
620
372
621
373
622
374
623
375
624
376
625
377
626
378
627
379
628
380
629
381
630
382
631
383
632
384
633
385
634
386
635
387
636
388
637
389
638
390
639
391
640
392
641
393
642
394
643
395
644
396
645
397
646
398
647
399
648
400
649
401
650
402
651
403
652
404
653
405
654
406
655
407
656
408
657
409
658
410
659
411
660
412
661
413
662
414
663
415
664
416
665
417
666
418
667
419
668
420
669
421
670
422
671
423
672
424
673
425
674
426
675
427
676
428
677
429
678
430
679
431
680
432
681
433
682
434
683
435
684
436
685
437
686
438
687
439
688
440
689
441
690
442
691
443
692
444
693
445
694
446
695
447
696
448
697
449
698
450
699
451
700
452
701
453
702
454
703
455
704
456
705
457
706
458
707
459
708
460
709
461
710
462
711
463
712
464
713
465
714
466
715
467
716
468
717
469
718
470
719
471
720
472
721
473
722
474
723
475
724
476
725
477
726
478
727
479
728
480
729
481
730
482
731
483
732
484
733
485
734
486
735
487
736
488
737
489
738
490
739
491
740
492
741
493
742
494
743
495
744
496
745
497
746
498
747
499
748
749
501
750
502
751
503
752
504
753
505
754
506
755
507
756
508
757
509
758
510
759
511
760
512
761
513
762
514
763
515
764
516
765
517
766
518
767
519
768
520
769
521
770
522
771
523
772
524
773
525
774
526
775
527
776
528
777
529
778
530
779
531
780
532
781
533
782
534
783
535
784
536
785
537
786
538
787
539
788
540
789
541
790
542
791
543
792
544
793
545
794
546
795
547
796
548
797
549
798
550
799
551
800
552
801
553
802
554
803
555
804
556
805
557
806
558
807
559
808
560
809
561
810
562
811
563
812
564
813
565
814
566
815
567
816
568
817
569
818
570
819
571
820
572
821
573
822
574
823
575
824
576
825
577
826
578
827
579
828
580
829
581
830
582
831
583
832
584
833
585
834
586
835
587
836
588
837
589
838
590
839
591
840
592
841
593
842
594
843
595
844
596
845
597
846
598
847
599
848
600
849
601
850
602
851
603
852
604
853
605
854
606
855
607
856
608
857
609
858
610
859
611
860
612
861
613
862
614
863
615
864
616
865
617
866
618
867
619
868
620
869
621
870
622
871
623
872
624
873
625
874
626
875
627
876
628
877
629
878
630
879
631
880
632
881
633
882
634
883
635
884
636
885
637
886
638
887
639
888
640
889
641
890
642
891
643
892
644
893
645
894
646
895
647
896
648
897
649
898
650
899
651
900
652
901
653
902
654
903
655
904
656
905
657
906
658
907
659
908
660
909
661
910
662
911
663
912
664
913
665
914
666
915
667
916
668
917
669
918
670
919
671
920
672
921
673
922
674
923
675
924
676
925
677
926
678
927
679
928
680
929
681
930
682
931
683
932
684
933
685
934
686
935
687
936
688
937
689
938
690
939
691
940
692
941
693
942
694
943
695
944
696
945
697
946
698
947
699
948
700
949
701
950
702
951
703
952
704
953
705
954
706
955
707
956
708
957
709
958
710
959
711
960
712
961
713
962
714
963
715
964
716
965
717
966
718
967
719
968
720
969
721
970
722
971
723
972
724
973
725
974
726
975
727
976
728
977
729
978
730
979
731
980
732
981
733
982
734
983
735
984
736
985
737
986
738
987
739
988
740
989
741
990
742
991
743
992
744
993
745
994
746
995
747
996
748
997
749
998
999
751
1000
752
1001
753
1002
754
1003
755
1004
756
1005
757
1006
758
1007
759
1008
760
1009
761
1010
762
1011
763
1012
764
1013
765
1014
766
1015
767
1016
768
1017
769
1018
770
1019
771
1020
772
1021
773
1022
774
1023
775
1024
776
1025
777
1026
778
1027
779
1028
780
1029
781
1030
782
1031
783
1032
784
1033
785
1034
786
1035
787
1036
788
1037
789
1038
790
1039
791
1040
792
1041
793
1042
794
1043
795
1044
796
1045
797
1046
798
1047
799
1048
800
1049
801
1050
802
1051
803
1052
804
1053
805
1054
806
1055
807
1056
808
1057
809
1058
810
1059
811
1060
812
1061
813
1062
814
1063
815
1064
816
1065
817
1066
818
1067
819
1068
820
1069
821
1070
822
1071
823
1072
824
1073
825
1074
826
1075
827
1076
828
1077
829
1078
830
1079
831
1080
832
1081
833
1082
834
1083
835
1084
836
1085
837
1086
838
1087
839
1088
840
1089
841
1090
842
1091
843
1092
844
1093
845
1094
846
1095
847
1096
848
1097
849
1098
850
1099
851
1100
852
1101
853
1102
854
1103
855
1104
856
1105
857
1106
858
1107
859
1108
860
1109
861
1110
862
1111
863
1112
864
1113
865
1114
866
1115
867
1116
868
1117
869
1118
870
1119
871
1120
872
1121
873
1122
874
1123
875
1124
876
1125
877
1126
878
1127
879
1128
880
1129
881
1130
882
1131
883
1132
884
1133
885
1134
886
1135
887
1136
888
1137
889
1138
890
1139
891
1140
892
1141
893
1142
894
1143
895
1144
896
1145
897
1146
898
1147
899
1148
900
1149
901
1150
902
1151
903
1152
904
1153
905
1154
906
1155
907
1156
908
1157
909
1158
910
1159
911
1160
912
1161
913
1162
914
1163
915
1164
916
1165
917
1166
918
1167
919
1168
920
1169
921
1170
922
1171
923
1172
924
1173
925
1174
926
1175
927
1176
928
1177
929
1178
930
1179
931
1180
932
1181
933
1182
934
1183
935
1184
936
1185
937
1186
938
1187
939
1188
940
1189
941
1190
942
1191
943
1192
944
1193
945
1194
946
1195
947
1196
948
1197
949
1198
950
1199
951
1200
952
1201
953
1202
954
1203
955
1204
956
1205
957
1206
958
1207
959
1208
960
1209
961
1210
962
1211
963
1212
964
1213
965
1214
966
1215
967
1216
968
1217
969
1218
970
1219
971
1220
972
1221
973
1222
974
1223
975
1224
976
1225
977
1226
978
1227
979
1228
980
1229
981
1230
982
1231
983
1232
984
1233
985
1234
986
1235
987
1236
988
1237
989
1238
990
1239
991
1240
992
1241
993
1242
994
1243
995
1244
996
1245
997
1246
998
1247
999
1248
1249
1001
1250
1002
1251
1003
1252
1004
1253
1005
1254
1006
1255
1007
1256
1008
1257
1009
1258
1010
1259
1011
1260
1012
1261
1013
1262
1014
1263
1015
1264
1016
1265
1017
1266
1018
1267
1019
1268
1020
1269
1021
1270
1022
1271
1023
1272
1024
1273
1025
1274
1026
1275
1027
1276
1028
1277
1029
1278
1030
1279
1031
1280
1032
1281
1033
1282
1034
1283
1035
1284
1036
1285
1037
1286
1038
1287
1039
1288
1040
1289
1041
1290
1042
1291
1043
1292
1044
1293
1045
1294
1046
1295
1047
1296
1048
1297
1049
1298
1050
1299
1051
1300
1052
1301
1053
1302
1054
1303
1055
1304
1056
1305
1057
1306
1058
1307
1059
1308
1060
1309
1061
1310
1062
1311
1063
1312
1064
1313
1065
1314
1066
1315
1067
1316
1068
1317
1069
1318
1070
1319
1071
1320
1072
1321
1073
1322
1074
1323
1075
1324
1076
1325
1077
1326
1078
1327
1079
1328
1080
1329
1081
1330
1082
1331
1083
1332
1084
1333
1085
1334
1086
1335
1087
1336
1088
1337
1089
1338
1090
1339
1091
1340
1092
1341
1093
1342
1094
1343
1095
1344
1096
1345
1097
1346
1098
1347
1099
1348
1100
1349
1101
1350
1102
1351
1103
1352
1104
1353
1105
1354
1106
1355
1107
1356
1108
1357
1109
1358
1110
1359
1111
1360
1112
1361
1113
1362
1114
1363
1115
1364
1116
1365
1117
1366
1118
1367
1119
1368
1120
1369
1121
1370
1122
1371
1123
1372
1124
1373
1125
1374
1126
1375
1127
1376
1128
1377
1129
1378
1130
1379
1131
1380
1132
1381
1133
1382
1134
1383
1135
1384
1136
1385
1137
1386
1138
1387
1139
1388
1140
1389
1141
1390
1142
1391
1143
1392
1144
1393
1145
1394
1146
1395
1147
1396
1148
1397
1149
1398
1150
1399
1151
1400
1152
1401
1153
1402
1154
1403
1155
1404
1156
1405
1157
1406
1158
1407
1159
1408
1160
1409
1161
1410
1162
1411
1163
1412
1164
1413
1165
1414
1166
1415
1167
1416
1168
1417
1169
1418
1170
1419
1171
1420
1172
1421
1173
1422
1174
1423
1175
1424
1176
1425
1177
1426
1178
1427
1179
1428
1180
1429
1181
1430
1182
1431
1183
1432
1184
1433
1185
1434
1186
1435
1187
1436
1188
1437
1189
1438
1190
1439
1191
1440
1192
1441
1193
1442
1194
1443
1195
1444
1196
1445
1197
1446
1198
1447
1199
1448
1200
1449
1201
1450
1202
1451
1203
1452
1204
1453
1205
1454
1206
1455
1207
1456
1208
1457
1209
1458
1210
1459
1211
1460
1212
1461
1213
1462
1214
1463
1215
1464
1216
1465
1217
1466
1218
1467
1219
1468
1220
1469
1221
1470
1222
1471
1223
1472
1224
1473
1225
1474
1226
1475
1227
1476
1228
1477
1229
1478
1230
1479
1231
1480
1232
1481
1233
1482
1234
1483
1235
1484
1236
1485
1237
1486
1238
1487
1239
1488
1240
1489
1241
1490
1242
1491
1243
1492
1244
1493
1245
1494
1246
1495
1247
1496
1248
1497
1249
1498
1499
1251
1500
1252
1501
1253
1502
1254
1503
1255
1504
1256
1505
1257
1506
1258
1507
1259
1508
1260
1509
1261
1510
1262
1511
1263
1512
1264
1513
1265
1514
1266
1515
1267
1516
1268
1517
1269
1518
1270
1519
1271
1520
1272
1521
1273
1522
1274
1523
1275
1524
1276
1525
1277
1526
1278
1527
1279
1528
1280
1529
1281
1530
1282
1531
1283
1532
1284
1533
1285
1534
1286
1535
1287
1536
1288
1537
1289
1538
1290
1539
1291
1540
1292
1541
1293
1542
1294
1543
1295
1544
1296
1545
1297
1546
1298
1547
1299
1548
1300
1549
1301
1550
1302
1551
1303
1552
1304
1553
1305
1554
1306
1555
1307
1556
1308
1557
1309
1558
1310
1559
1311
1560
1312
1561
1313
1562
1314
1563
1315
1564
1316
1565
1317
1566
1318
1567
1319
1568
1320
1569
1321
1570
1322
1571
1323
1572
1324
1573
1325
1574
1326
1575
1327
1576
1328
1577
1329
1578
1330
1579
1331
1580
1332
1581
1333
1582
1334
1583
1335
1584
1336
1585
1337
1586
1338
1587
1339
1588
1340
1589
1341
1590
1342
1591
1343
1592
1344
1593
1345
1594
1346
1595
1347
1596
1348
1597
1349
1598
1350
1599
1351
1600
1352
1601
1353
1602
1354
1603
1355
1604
1356
1605
1357
1606
1358
1607
1359
1608
1360
1609
1361
1610
1362
1611
1363
1612
1364
1613
1365
1614
1366
1615
1367
1616
1368
1617
1369
1618
1370
1619
1371
1620
1372
1621
1373
1622
1374
1623
1375
1624
1376
1625
1377
1626
1378
1627
1379
1628
1380
1629
1381
1630
1382
1631
1383
1632
1384
1633
1385
1634
1386
1635
1387
1636
1388
1637
1389
1638
1390
1639
1391
1640
1392
1641
1393
1642
1394
1643
1395
1644
1396
1645
1397
1646
1398
1647
1399
1648
1400
1649
1401
1650
1402
1651
1403
1652
1404
1653
1405
1654
1406
1655
1407
1656
1408
1657
1409
1658
1410
1659
1411
1660
1412
1661
1413
1662
1414
1663
1415
1664
1416
1665
1417
1666
1418
1667
1419
1668
1420
1669
1421
1670
1422
1671
1423
1672
1424
1673
1425
1674
1426
1675
1427
1676
1428
1677
1429
1678
1430
1679
1431
1680
1432
1681
1433
1682
1434
1683
1435
1684
1436
1685
1437
1686
1438
1687
1439
1688
1440
1689
1441
1690
1442
1691
1443
1692
1444
1693
1445
1694
1446
1695
1447
1696
1448
1697
1449
1698
1450
1699
1451
1700
1452
1701
1453
1702
1454
1703
1455
1704
1456
1705
1457
1706
1458
1707
1459
1708
1460
1709
1461
1710
1462
1711
1463
1712
1464
1713
1465
1714
1466
1715
1467
1716
1468
1717
1469
1718
1470
1719
1471
1720
1472
1721
1473
1722
1474
1723
1475
1724
1476
1725
1477
1726
1478
1727
1479
1728
1480
1729
1481
1730
1482
1731
1483
1732
1484
1733
1485
1734
1486
1735
1487
1736
1488
1737
1489
1738
1490
1739
1491
1740
1492
1741
1493
1742
1494
1743
1495
1744
1496
1745
1497
1746
1498
1747
1499
1748
1749
1501
1750
1502
1751
1503
1752
1504
1753
1505
1754
1506
1755
1507
1756
1508
1757
1509
1758
1510
1759
1511
1760
1512
1761
1513
1762
1514
1763
1515
1764
1516
1765
1517
1766
1518
1767
1519
1768
1520
1769
1521
1770
1522
1771
1523
1772
1524
1773
1525
1774
1526
1775
1527
1776
1528
1777
1529
1778
1530
1779
1531
1780
1532
1781
1533
1782
1534
1783
1535
1784
1536
1785
1537
1786
1538
1787
1539
1788
1540
1789
1541
1790
1542
1791
1543
1792
1544
1793
1545
1794
1546
1795
1547
1796
1548
1797
1549
1798
1550
1799
1551
1800
1552
1801
1553
1802
1554
1803
1555
1804
1556
1805
1557
1806
1558
1807
1559
1808
1560
1809
1561
1810
1562
1811
1563
1812
1564
1813
1565
1814
1566
1815
1567
1816
1568
1817
1569
1818
1570
1819
1571
1820
1572
1821
1573
1822
1574
1823
1575
1824
1576
1825
1577
1826
1578
1827
1579
1828
1580
1829
1581
1830
1582
1831
1583
1832
1584
1833
1585
1834
1586
1835
1587
1836
1588
1837
1589
1838
1590
1839
1591
1840
1592
1841
1593
1842
1594
1843
1595
1844
1596
1845
1597
1846
1598
1847
1599
1848
1600
1849
1601
1850
1602
1851
1603
1852
1604
1853
1605
1854
1606
1855
1607
1856
1608
1857
1609
1858
1610
1859
1611
1860
1612
1861
1613
1862
1614
1863
1615
1864
1616
1865
1617
1866
1618
1867
1619
1868
1620
1869
1621
1870
1622
1871
1623
1872
1624
1873
1625
1874
1626
1875
1627
1876
1628
1877
1629
1878
1630
1879
1631
1880
1632
1881
1633
1882
1634
1883
1635
1884
1636
1885
1637
1886
1638
1887
1639
1888
1640
1889
1641
1890
1642
1891
1643
1892
1644
1893
1645
1894
1646
1895
1647
1896
1648
1897
1649
1898
1650
1899
1651
1900
1652
1901
1653
1902
1654
1903
1655
1904
1656
1905
1657
1906
1658
1907
1659
1908
1660
1909
1661
1910
1662
1911
1663
1912
1664
1913
1665
1914
1666
1915
1667
1916
1668
1917
1669
1918
1670
1919
1671
1920
1672
1921
1673
1922
1674
1923
1675
1924
1676
1925
1677
1926
1678
1927
1679
1928
1680
1929
1681
1930
1682
1931
1683
1932
1684
1933
1685
1934
1686
1935
1687
1936
1688
1937
1689
1938
1690
1939
1691
1940
1692
1941
1693
1942
1694
1943
1695
1944
1696
1945
1697
1946
1698
1947
1699
1948
1700
1949
1701
1950
1702
1951
1703
1952
1704
1953
1705
1954
1706
1955
1707
1956
1708
1957
1709
1958
1710
1959
1711
1960
1712
1961
1713
1962
1714
1963
1715
1964
1716
1965
1717
1966
1718
1967
1719
1968
1720
1969
1721
1970
1722
1971
1723
1972
1724
1973
1725
1974
1726
1975
1727
1976
1728
1977
1729
1978
1730
1979
1731
1980
1732
1981
1733
1982
1734
1983
1735
1984
1736
1985
1737
1986
1738
1987
1739
1988
1740
1989
1741
1990
1742
1991
1743
1992
1744
1993
1745
1994
1746
1995
1747
1996
1748
1997
1749
1998
1999
1751
2000
1752
2001
1753
2002
1754
2003
1755
2004
1756
2005
1757
2006
1758
2007
1759
2008
1760
2009
1761
2010
1762
2011
1763
2012
1764
2013
1765
2014
1766
2015
1767
2016
1768
2017
1769
2018
1770
2019
1771
2020
1772
2021
1773
2022
1774
2023
1775
2024
1776
2025
1777
2026
1778
2027
1779
2028
1780
2029
1781
2030
1782
2031
1783
2032
1784
2033
1785
2034
1786
2035
1787
2036
1788
2037
1789
2038
1790
2039
1791
2040
1792
2041
1793
2042
1794
2043
1795
2044
1796
2045
1797
2046
1798
2047
1799
2048
1800
2049
1801
2050
1802
2051
1803
2052
1804
2053
1805
2054
1806
2055
1807
2056
1808
2057
1809
2058
1810
2059
1811
2060
1812
2061
1813
2062
1814
2063
1815
2064
1816
2065
1817
2066
1818
2067
1819
2068
1820
2069
1821
2070
1822
2071
1823
2072
1824
2073
1825
2074
1826
2075
1827
2076
1828
2077
1829
2078
1830
2079
1831
2080
1832
2081
1833
2082
1834
2083
1835
2084
1836
2085
1837
2086
1838
2087
1839
2088
1840
2089
1841
2090
1842
2091
1843
2092
1844
2093
1845
2094
1846
2095
1847
2096
1848
2097
1849
2098
1850
2099
1851
2100
1852
2101
1853
2102
1854
2103
1855
2104
1856
2105
1857
2106
1858
2107
1859
2108
1860
2109
1861
2110
1862
2111
1863
2112
1864
2113
1865
2114
1866
2115
1867
2116
1868
2117
1869
2118
1870
2119
1871
2120
1872
2121
1873
2122
1874
2123
1875
2124
1876
2125
1877
2126
1878
2127
1879
2128
1880
2129
1881
2130
1882
2131
1883
2132
1884
2133
1885
2134
1886
2135
1887
2136
1888
2137
1889
2138
1890
2139
1891
2140
1892
2141
1893
2142
1894
2143
1895
2144
1896
2145
1897
2146
1898
2147
1899
2148
1900
2149
1901
2150
1902
2151
1903
2152
1904
2153
1905
2154
1906
2155
1907
2156
1908
2157
1909
2158
1910
2159
1911
2160
1912
2161
1913
2162
1914
2163
1915
2164
1916
2165
1917
2166
1918
2167
1919
2168
1920
2169
1921
2170
1922
2171
1923
2172
1924
2173
1925
2174
1926
2175
1927
2176
1928
2177
1929
2178
1930
2179
1931
2180
1932
2181
1933
2182
1934
2183
1935
2184
1936
2185
1937
2186
1938
2187
1939
2188
1940
2189
1941
2190
1942
2191
1943
2192
1944
2193
1945
2194
1946
2195
1947
2196
1948
2197
1949
2198
1950
2199
1951
2200
1952
2201
1953
2202
1954
2203
1955
2204
1956
2205
1957
2206
1958
2207
1959
2208
1960
2209
1961
2210
1962
2211
1963
2212
1964
2213
1965
2214
1966
2215
1967
2216
1968
2217
1969
2218
1970
2219
1971
2220
1972
2221
1973
2222
1974
2223
1975
2224
1976
2225
1977
2226
1978
2227
1979
2228
1980
2229
1981
2230
1982
2231
1983
2232
1984
2233
1985
2234
1986
2235
1987
2236
1988
2237
1989
2238
1990
2239
1991
2240
1992
2241
1993
2242
1994
2243
1995
2244
1996
2245
1997
2246
1998
2247
1999
2248
2249
2001
2250
2002
2251
2003
2252
2004
2253
2005
2254
2006
2255
2007
2256
2008
2257
2009
2258
2010
2259
2011
2260
2012
2261
2013
2262
2014
2263
2015
2264
2016
2265
2017
2266
2018
2267
2019
2268
2020
2269
2021
2270
2022
2271
2023
2272
2024
2273
2025
2274
2026
2275
2027
2276
2028
2277
2029
2278
2030
2279
2031
2280
2032
2281
2033
2282
2034
2283
2035
2284
2036
2285
2037
2286
2038
2287
2039
2288
2040
2289
2041
2290
2042
2291
2043
2292
2044
2293
2045
2294
2046
2295
2047
2296
2048
2297
2049
2298
2050
2299
2051
2300
2052
2301
2053
2302
2054
2303
2055
2304
2056
2305
2057
2306
2058
2307
2059
2308
2060
2309
2061
2310
2062
2311
2063
2312
2064
2313
2065
2314
2066
2315
2067
2316
2068
2317
2069
2318
2070
2319
2071
2320
2072
2321
2073
2322
2074
2323
2075
2324
2076
2325
2077
2326
2078
2327
2079
2328
2080
2329
2081
2330
2082
2331
2083
2332
2084
2333
2085
2334
2086
2335
2087
2336
2088
2337
2089
2338
2090
2339
2091
2340
2092
2341
2093
2342
2094
2343
2095
2344
2096
2345
2097
2346
2098
2347
2099
2348
2100
2349
2101
2350
2102
2351
2103
2352
2104
2353
2105
2354
2106
2355
2107
2356
2108
2357
2109
2358
2110
2359
2111
2360
2112
2361
2113
2362
2114
2363
2115
2364
2116
2365
2117
2366
2118
2367
2119
2368
2120
2369
2121
2370
2122
2371
2123
2372
2124
2373
2125
2374
2126
2375
2127
2376
2128
2377
2129
2378
2130
2379
2131
2380
2132
2381
2133
2382
2134
2383
2135
2384
2136
2385
2137
2386
2138
2387
2139
2388
2140
2389
2141
2390
2142
2391
2143
2392
2144
2393
2145
2394
2146
2395
2147
2396
2148
2397
2149
2398
2150
2399
2151
2400
2152
2401
2153
2402
2154
2403
2155
2404
2156
2405
2157
2406
2158
2407
2159
2408
2160
2409
2161
2410
2162
2411
2163
2412
2164
2413
2165
2414
2166
2415
2167
2416
2168
2417
2169
2418
2170
2419
2171
2420
2172
2421
2173
2422
2174
2423
2175
2424
2176
2425
2177
2426
2178
2427
2179
2428
2180
2429
2181
2430
2182
2431
2183
2432
2184
2433
2185
2434
2186
2435
2187
2436
2188
2437
2189
2438
2190
2439
2191
2440
2192
2441
2193
2442
2194
2443
2195
2444
2196
2445
2197
2446
2198
2447
2199
2448
2200
2449
2201
2450
2202
2451
2203
2452
2204
2453
2205
2454
2206
2455
2207
2456
2208
2457
2209
2458
2210
2459
2211
2460
2212
2461
2213
2462
2214
2463
2215
2464
2216
2465
2217
2466
2218
2467
2219
2468
2220
2469
2221
2470
2222
2471
2223
2472
2224
2473
2225
2474
2226
2475
2227
2476
2228
2477
2229
2478
2230
2479
2231
2480
2232
2481
2233
2482
2234
2483
2235
2484
2236
2485
2237
2486
2238
2487
2239
2488
2240
2489
2241
2490
2242
2491
2243
2492
2244
2493
2245
2494
2246
2495
2247
2496
2248
2497
2249
2498
2499
2251
2252
2253
2254
2255
2256
2257
2258
2259
2260
2261
2262
2263
2264
2265
2266
2267
2268
2269
2270
2271
2272
2273
2274
2275
2276
2277
2278
2279
2280
2281
2282
2283
2284
2285
2286
2287
2288
2289
2290
2291
2292
2293
2294
2295
2296
2297
2298
2299
2300
2301
2302
2303
2304
2305
2306
2307
2308
2309
2310
2311
2312
2313
2314
2315
2316
2317
2318
2319
2320
2321
2322
2323
2324
2325
2326
2327
2328
2329
2330
2331
2332
2333
2334
2335
2336
2337
2338
2339
2340
2341
2342
2343
2344
2345
2346
2347
2348
2349
2350
2351
2352
2353
2354
2355
2356
2357
2358
2359
2360
2361
2362
2363
2364
2365
2366
2367
2368
2369
2370
2371
2372
2373
2374
2375
2376
2377
2378
2379
2380
2381
2382
2383
2384
2385
2386
2387
2388
2389
2390
2391
2392
2393
2394
2395
2396
2397
2398
2399
2400
2401
2402
2403
2404
2405
2406
2407
2408
2409
2410
2411
2412
2413
2414
2415
2416
2417
2418
2419
2420
2421
2422
2423
2424
2425
2426
2427
2428
2429
2430
2431
2432
2433
2434
2435
2436
2437
2438
2439
2440
2441
2442
2443
2444
2445
2446
2447
2448
2449
2450
2451
2452
2453
2454
2455
2456
2457
2458
2459
2460
2461
2462
2463
2464
2465
2466
2467
2468
2469
2470
2471
2472
2473
2474
2475
2476
2477
2478
2479
2480
2481
2482
2483
2484
2485
2486
2487
2488
2489
2490
2491
2492
2493
2494
2495
2496
2497
2498
2499
)


// ************************************************************************* //
