/*--------------------------------*- C++ -*----------------------------------*\
| =========                 |                                                 |
| \\      /  F ield         | OpenFOAM: The Open Source CFD Toolbox           |
|  \\    /   O peration     | Version:  5.x                                   |
|   \\  /    A nd           | Web:      www.OpenFOAM.org                      |
|    \\/     M anipulation  |                                                 |
\*---------------------------------------------------------------------------*/
FoamFile
{
    version     2.0;
    format      ascii;
    class       volScalarField;
    location    "231";
    object      p;
}
// * * * * * * * * * * * * * * * * * * * * * * * * * * * * * * * * * * * * * //

dimensions      [0 2 -2 0 0 0 0];

internalField   nonuniform List<scalar> 
5760
(
-53.3118
-57.7294
-60.5711
-61.4404
-61.8552
-62.2915
-62.6707
-62.9632
-63.2063
-63.4333
-63.6491
-63.8573
-64.0585
-64.2591
-64.4644
-64.6576
-64.9137
-64.9138
-61.253
-63.359
-63.8251
-63.4842
-63.2677
-63.2917
-63.3947
-63.4992
-63.6104
-63.7369
-63.8764
-64.0235
-64.1776
-64.3381
-64.5099
-64.6914
-64.9083
-65.1997
-62.0115
-61.5529
-61.5185
-61.6952
-61.9618
-62.2825
-62.5945
-62.8639
-63.102
-63.324
-63.5379
-63.744
-63.9459
-64.1447
-64.348
-64.5555
-64.7934
-65.038
-61.8176
-61.3713
-61.7771
-62.3048
-62.6197
-62.8452
-63.059
-63.2552
-63.4328
-63.6026
-63.7716
-63.9404
-64.1096
-64.2803
-64.4558
-64.6363
-64.8279
-65.0097
-61.8138
-61.6927
-62.0338
-62.3867
-62.5653
-62.7118
-62.8961
-63.0919
-63.2787
-63.4588
-63.6376
-63.8154
-63.9921
-64.168
-64.3446
-64.521
-64.6969
-64.8612
-61.9104
-61.9088
-62.1032
-62.355
-62.5503
-62.7345
-62.9384
-63.1425
-63.3321
-63.5107
-63.6847
-63.856
-64.0247
-64.1909
-64.355
-64.5157
-64.6706
-64.812
-62.0165
-62.0424
-62.1766
-62.3929
-62.5986
-62.7813
-62.9624
-63.143
-63.3169
-63.4846
-63.6497
-63.8131
-63.9744
-64.1328
-64.2876
-64.4372
-64.5791
-64.7086
-62.118
-62.1536
-62.2667
-62.4483
-62.6339
-62.8019
-62.9679
-63.1386
-63.3087
-63.4749
-63.6374
-63.7971
-63.9533
-64.1054
-64.2522
-64.3923
-64.5238
-64.6436
-62.2098
-62.2481
-62.3468
-62.4977
-62.6616
-62.82
-62.9785
-63.1411
-63.3035
-63.4623
-63.6172
-63.7688
-63.9169
-64.0606
-64.199
-64.3307
-64.4547
-64.5687
-62.3021
-62.3386
-62.4235
-62.5489
-62.6926
-62.8394
-62.9878
-63.1389
-63.2907
-63.4405
-63.5875
-63.7314
-63.8716
-64.0071
-64.1369
-64.2604
-64.3769
-64.4857
-62.3949
-62.4264
-62.4973
-62.6009
-62.7231
-62.8534
-62.9879
-63.126
-63.2665
-63.4077
-63.548
-63.6864
-63.8219
-63.9536
-64.0804
-64.2013
-64.3155
-64.4215
-62.4613
-62.487
-62.545
-62.63
-62.7328
-62.8457
-62.964
-63.0844
-63.2048
-63.3234
-63.4395
-63.5529
-63.6638
-63.7722
-63.8785
-63.983
-64.0862
-64.1883
-62.449
-62.4698
-62.5172
-62.588
-62.6771
-62.782
-62.9022
-63.036
-63.1792
-63.327
-63.4754
-63.6212
-63.7624
-63.8973
-64.0246
-64.1433
-64.2527
-64.3525
-62.3146
-62.3296
-62.3683
-62.436
-62.5171
-62.5899
-62.6468
-62.6938
-62.7401
-62.7914
-62.85
-62.917
-62.9926
-63.0772
-63.171
-63.2744
-63.3877
-63.511
-62.1642
-62.1714
-62.1785
-62.2272
-62.3372
-62.4985
-62.6872
-62.8791
-63.0597
-63.2249
-63.3761
-63.5153
-63.6436
-63.7615
-63.8691
-63.9658
-64.0499
-64.1197
-62.0165
-62.0114
-62.0777
-62.1249
-62.0828
-62.011
-61.9811
-62.007
-62.0705
-62.1552
-62.2539
-62.3632
-62.4801
-62.6022
-62.7287
-62.8602
-62.9992
-63.1494
-61.9611
-61.5859
-61.7511
-62.2239
-62.6271
-62.8719
-63.0166
-63.1163
-63.1962
-63.2654
-63.3303
-63.3943
-63.4595
-63.5261
-63.5942
-63.6621
-63.7258
-63.7791
-62.3162
-61.4414
-60.8206
-60.559
-60.6339
-60.8792
-61.1484
-61.3906
-61.6049
-61.8017
-61.985
-62.1568
-62.3185
-62.4726
-62.6213
-62.7688
-62.918
-63.0799
-61.9663
-63.5905
-64.0976
-63.6699
-63.215
-62.9906
-62.9039
-62.8642
-62.8462
-62.8523
-62.8788
-62.9192
-62.9682
-63.0237
-63.0846
-63.1541
-63.2351
-63.3645
-54.7611
-57.3873
-59.5305
-60.6498
-61.1368
-61.4504
-61.7158
-61.9223
-62.0845
-62.2264
-62.3609
-62.4888
-62.6095
-62.7223
-62.8257
-62.9137
-62.9786
-62.9907
-68.3566
-68.3495
-68.361
-68.3886
-68.4197
-68.4481
-68.4743
-68.5007
-68.5276
-68.5586
-68.5976
-68.6465
-68.7075
-68.7835
-68.8784
-68.9973
-69.1457
-69.3289
-69.5511
-69.8145
-70.1189
-70.462
-70.8399
-71.2476
-71.6799
-72.1316
-72.598
-73.0749
-73.5583
-74.0447
-74.5306
-75.0126
-75.4868
-75.9494
-76.3959
-76.8213
-77.2201
-77.5862
-77.9129
-78.1928
-78.418
-78.5802
-78.6704
-78.6794
-78.5978
-78.4159
-78.1241
-77.7127
-77.1723
-76.4938
-75.6685
-74.6882
-73.5453
-72.233
-70.7466
-69.0841
-67.2422
-65.211
-62.9863
-60.5718
-57.9688
-55.1794
-52.2064
-49.0542
-45.7284
-42.2359
-38.5844
-34.7832
-30.8425
-26.7733
-22.5878
-18.2992
-13.9208
-9.4659
-4.94845
-0.385083
4.20963
8.82335
13.4412
18.0476
22.6278
27.1681
31.6552
36.077
40.4219
44.6796
48.8407
52.8971
56.8415
60.6676
64.3701
67.944
71.3858
74.6902
77.8597
80.877
83.7619
86.4469
89.129
91.4413
-68.3681
-68.3678
-68.3821
-68.4049
-68.4279
-68.4479
-68.4649
-68.4816
-68.5007
-68.5232
-68.5516
-68.5898
-68.6399
-68.7038
-68.787
-68.8959
-69.0366
-69.215
-69.4348
-69.6974
-70.0017
-70.3445
-70.7212
-71.1265
-71.555
-72.0017
-72.4624
-72.9329
-73.4098
-73.8897
-74.3696
-74.8459
-75.3153
-75.7739
-76.2172
-76.6404
-77.0381
-77.4042
-77.7321
-78.0144
-78.2432
-78.4103
-78.5068
-78.5234
-78.4508
-78.2793
-77.9993
-77.6011
-77.0753
-76.4129
-75.6052
-74.6441
-73.522
-72.2322
-70.7687
-69.1257
-67.2969
-65.2813
-63.0797
-60.6899
-58.1121
-55.3479
-52.4
-49.2727
-45.9713
-42.5026
-38.8742
-35.0952
-31.1755
-27.1263
-22.9594
-18.6879
-14.3253
-9.88455
-5.37942
-0.826604
3.75907
8.36549
12.978
17.581
22.1598
26.7004
31.1897
35.6152
39.9654
44.2297
48.3987
52.4639
56.418
60.2545
63.9679
67.5531
71.0068
74.3238
77.502
80.5223
83.4158
86.1054
88.8243
91.1446
-68.3704
-68.376
-68.3879
-68.4044
-68.4198
-68.4316
-68.4403
-68.4483
-68.4578
-68.4701
-68.4873
-68.5136
-68.5545
-68.6155
-68.7016
-68.8178
-68.9687
-69.1579
-69.3868
-69.655
-69.9604
-70.2998
-70.669
-71.0636
-71.4795
-71.9125
-72.3591
-72.8158
-73.2795
-73.7472
-74.2157
-74.6818
-75.1421
-75.5927
-76.0293
-76.447
-76.8405
-77.2037
-77.53
-77.8122
-78.0425
-78.2125
-78.3134
-78.3363
-78.2716
-78.1097
-77.841
-77.4559
-76.9451
-76.2993
-75.5099
-74.5688
-73.4683
-72.2016
-70.7629
-69.1459
-67.3444
-65.3568
-63.1839
-60.8239
-58.2766
-55.5433
-52.6266
-49.5306
-46.2602
-42.8222
-39.224
-35.4745
-31.5835
-27.5618
-23.4213
-19.1747
-14.8355
-10.4166
-5.93165
-1.39711
3.1723
7.76436
12.3645
16.9572
21.528
26.0629
30.5485
34.9724
39.3228
43.5891
47.7616
51.8316
55.7916
59.6348
63.3556
66.9484
70.4093
73.732
76.92
79.9516
82.8681
85.5665
88.3479
90.626
-68.3502
-68.3652
-68.3794
-68.3926
-68.4034
-68.4098
-68.4133
-68.4167
-68.4224
-68.4329
-68.451
-68.481
-68.5282
-68.5981
-68.6956
-68.8244
-68.9876
-69.1866
-69.4215
-69.6913
-69.9939
-70.3265
-70.6858
-71.0686
-71.4713
-71.8909
-72.324
-72.7679
-73.2195
-73.6761
-74.1347
-74.592
-75.0447
-75.4889
-75.9203
-76.3339
-76.7245
-77.086
-77.4118
-77.6946
-77.9267
-78.0997
-78.205
-78.2333
-78.1752
-78.0213
-77.7618
-77.3871
-76.8878
-76.2547
-75.4792
-74.5529
-73.4681
-72.218
-70.7964
-69.1976
-67.4163
-65.4502
-63.299
-60.961
-58.4363
-55.7258
-52.8322
-49.7592
-46.512
-43.0967
-39.5211
-35.7936
-31.924
-27.9231
-23.8024
-19.5747
-15.2533
-10.851
-6.38173
-1.8618
2.6949
7.27585
11.866
16.4503
21.0144
25.5441
30.0262
34.448
38.7979
43.0649
47.2393
51.3123
55.2761
59.1238
62.8494
66.4475
69.9145
73.243
76.4388
79.4776
82.4106
85.1102
87.9288
90.1198
-68.3023
-68.3291
-68.3527
-68.3685
-68.3789
-68.3838
-68.3863
-68.3899
-68.3977
-68.4127
-68.4383
-68.4787
-68.5386
-68.6224
-68.7341
-68.8764
-69.051
-69.2583
-69.4979
-69.7686
-70.0686
-70.3957
-70.7471
-71.1202
-71.5124
-71.9209
-72.3432
-72.7766
-73.2184
-73.6661
-74.1168
-74.5674
-75.0144
-75.4539
-75.8816
-76.2927
-76.6817
-77.0425
-77.3686
-77.6526
-77.8868
-78.0627
-78.1717
-78.2045
-78.1518
-78.0039
-77.7512
-77.384
-76.8928
-76.2686
-75.5025
-74.5861
-73.5119
-72.2728
-70.8626
-69.2758
-67.5078
-65.5559
-63.4187
-61.095
-58.5847
-55.8888
-53.0099
-49.9516
-46.719
-43.3183
-39.7569
-36.0434
-32.1875
-28.1997
-24.0917
-19.8759
-15.5658
-11.1739
-6.71479
-2.20449
2.34422
6.91834
11.5023
16.0814
20.6413
25.1679
29.6479
34.0687
38.4185
42.6863
46.8624
50.9376
54.9043
58.7554
62.4851
66.0875
69.5593
72.8922
76.0927
79.1342
82.0756
84.7693
87.6033
89.6921
-68.2343
-68.2746
-68.3125
-68.3351
-68.3481
-68.3548
-68.3598
-68.3675
-68.3813
-68.4047
-68.4411
-68.4946
-68.5691
-68.668
-68.7942
-68.9494
-69.1344
-69.3492
-69.5931
-69.8649
-70.1631
-70.4857
-70.8308
-71.1963
-71.58
-71.9797
-72.3933
-72.8184
-73.2527
-73.6936
-74.1384
-74.584
-75.0269
-75.4634
-75.889
-76.2988
-76.6874
-77.0486
-77.3758
-77.6616
-77.8982
-78.0771
-78.1896
-78.2264
-78.178
-78.0348
-77.7872
-77.4254
-76.94
-76.3218
-75.562
-74.6522
-73.5848
-72.3528
-70.9501
-69.3711
-67.6115
-65.6684
-63.5401
-61.2253
-58.7239
-56.0371
-53.1673
-50.1182
-46.8948
-43.5033
-39.951
-36.2465
-32.3993
-28.4201
-24.3204
-20.1126
-15.8098
-11.4247
-6.97277
-2.46923
2.07412
6.64358
11.2233
15.7987
20.3557
24.88
29.3585
33.7784
38.128
42.3963
46.5732
50.6499
54.6185
58.472
62.2045
65.8098
69.2847
72.6206
75.8241
78.8664
81.8122
84.4966
87.3379
89.3244
-68.163
-68.2166
-68.2684
-68.2983
-68.3155
-68.3265
-68.337
-68.3517
-68.3744
-68.4086
-68.4578
-68.5253
-68.6144
-68.7277
-68.867
-69.0333
-69.2271
-69.4481
-69.6954
-69.968
-70.2648
-70.5841
-70.9244
-71.2841
-71.6614
-72.0546
-72.4619
-72.881
-73.3099
-73.7461
-74.187
-74.6294
-75.07
-75.505
-75.9299
-76.3397
-76.7291
-77.0916
-77.4207
-77.7089
-77.9482
-78.1301
-78.2458
-78.2859
-78.241
-78.1014
-77.8574
-77.4992
-77.0175
-76.4029
-75.6468
-74.7408
-73.6772
-72.4492
-71.0505
-69.4758
-67.7209
-65.7827
-63.6593
-61.3494
-58.8531
-56.1714
-53.3069
-50.2632
-47.0453
-43.6593
-40.1126
-36.4137
-32.5723
-28.5987
-24.5045
-20.3022
-16.0043
-11.6242
-7.17772
-2.67919
1.86014
6.426
11.0024
15.5748
20.1292
24.6515
29.1284
33.5472
37.8961
42.1641
46.3412
50.4186
54.3882
58.2429
61.9769
65.5841
69.0609
72.3986
75.6041
78.6466
81.5949
84.2683
87.1136
89.0023
-68.1026
-68.1593
-68.2271
-68.2645
-68.2863
-68.3033
-68.3211
-68.3445
-68.3774
-68.4233
-68.4852
-68.5661
-68.6685
-68.7942
-68.9445
-69.12
-69.3209
-69.5467
-69.7967
-70.0701
-70.3659
-70.6829
-71.02
-71.3757
-71.7487
-72.1376
-72.5406
-72.9559
-73.3815
-73.815
-74.2538
-74.6949
-75.1349
-75.5699
-75.9955
-76.4067
-76.7977
-77.1625
-77.4941
-77.7849
-78.027
-78.2118
-78.3303
-78.3731
-78.3307
-78.1934
-77.9515
-77.5952
-77.1151
-76.5021
-75.7473
-74.8425
-73.7801
-72.5533
-71.1558
-69.5826
-67.8293
-65.8928
-63.7712
-61.4632
-58.9688
-56.2893
-53.4271
-50.3858
-47.1706
-43.7875
-40.244
-36.5484
-32.7104
-28.7404
-24.65
-20.4513
-16.1567
-11.7803
-7.33824
-2.84355
1.69253
6.25538
10.8289
15.3986
19.9506
24.4707
28.9458
33.3631
37.7109
41.9781
46.1548
50.2319
54.2017
58.0569
61.7916
65.3997
68.8777
72.2166
75.4234
78.4655
81.4147
84.0762
86.923
88.7207
-68.0446
-68.1097
-68.1902
-68.2359
-68.264
-68.288
-68.314
-68.3465
-68.3895
-68.4463
-68.5198
-68.6123
-68.7258
-68.8617
-69.0208
-69.2035
-69.4097
-69.6392
-69.8914
-70.1655
-70.4609
-70.7765
-71.1115
-71.4649
-71.8355
-72.222
-72.6229
-73.0365
-73.4607
-73.8934
-74.332
-74.7734
-75.2143
-75.6507
-76.0781
-76.4915
-76.8851
-77.2526
-77.587
-77.8806
-78.1253
-78.3124
-78.433
-78.4775
-78.4364
-78.3001
-78.0586
-77.7024
-77.2221
-76.6085
-75.8529
-74.9471
-73.8836
-72.6556
-71.257
-69.6827
-67.9285
-65.9913
-63.869
-61.5605
-59.0658
-56.3862
-53.5242
-50.4834
-47.2689
-43.8869
-40.3447
-36.6509
-32.8148
-28.8472
-24.7592
-20.5631
-16.2711
-11.8977
-7.45911
-2.96763
1.56556
6.12567
10.6964
15.2634
19.8127
24.3304
28.8034
33.2189
37.5651
41.831
46.0066
50.0829
54.0521
57.9071
61.6419
65.2503
68.7289
72.0683
75.2758
78.3171
81.2658
83.9153
86.7607
88.4761
-67.9978
-68.0729
-68.1625
-68.216
-68.251
-68.2822
-68.3159
-68.3569
-68.4089
-68.4752
-68.5583
-68.6602
-68.7823
-68.9259
-69.0914
-69.2792
-69.4893
-69.7214
-69.9751
-70.2498
-70.5451
-70.8603
-71.1945
-71.5471
-71.9168
-72.3027
-72.7033
-73.117
-73.5418
-73.9754
-74.4153
-74.8585
-75.3015
-75.7403
-76.1704
-76.5866
-76.9831
-77.3534
-77.6904
-77.9863
-78.233
-78.4216
-78.543
-78.588
-78.5467
-78.4096
-78.1669
-77.809
-77.3265
-76.7104
-75.9519
-75.0432
-73.9765
-72.7453
-71.3436
-69.7664
-68.0094
-66.0697
-63.945
-61.6343
-59.1377
-56.4565
-53.5932
-50.5516
-47.3367
-43.9547
-40.4128
-36.7198
-32.885
-28.919
-24.833
-20.639
-16.3493
-11.9788
-7.54326
-3.05495
1.47523
6.03243
10.6001
15.164
19.7103
24.2253
28.6957
33.1088
37.4528
41.7167
45.8905
49.9654
53.9334
57.7876
61.5219
65.1301
68.6088
71.9485
75.1562
78.1963
81.1432
83.7809
86.6221
88.2653
-67.9753
-68.0549
-68.1486
-68.2076
-68.2484
-68.2857
-68.3262
-68.3743
-68.4338
-68.5076
-68.5979
-68.7064
-68.8346
-68.9831
-69.1528
-69.3438
-69.5562
-69.7899
-70.0447
-70.3202
-70.6159
-70.9313
-71.2659
-71.6189
-71.9894
-72.3763
-72.778
-73.1931
-73.6198
-74.0558
-74.4983
-74.9443
-75.3902
-75.8319
-76.2649
-76.6839
-77.083
-77.4556
-77.7943
-78.0916
-78.3388
-78.5275
-78.6482
-78.6918
-78.6486
-78.5088
-78.2629
-77.9013
-77.4148
-76.7942
-76.0312
-75.1177
-74.0463
-72.8104
-71.4042
-69.8226
-68.0615
-66.1179
-63.9897
-61.6758
-59.1764
-56.4929
-53.6277
-50.5847
-47.3688
-43.9864
-40.4447
-36.7523
-32.9186
-28.9542
-24.8703
-20.6788
-16.3919
-12.0247
-7.59231
-3.1074
1.41941
5.97319
10.5371
15.0972
19.64
24.1515
28.6186
33.0286
37.3697
41.631
45.8024
49.8752
53.8414
57.6941
61.4274
65.0351
68.5134
71.853
75.0604
78.0992
81.0432
83.6699
86.5037
88.0854
-67.9767
-68.056
-68.1487
-68.2102
-68.2552
-68.2973
-68.3431
-68.3967
-68.4616
-68.5404
-68.6353
-68.7479
-68.8794
-69.0308
-69.2025
-69.3951
-69.6087
-69.8433
-70.0988
-70.3749
-70.6714
-70.9878
-71.3237
-71.6782
-72.0504
-72.4391
-72.8431
-73.2607
-73.6904
-74.1296
-74.5754
-75.0245
-75.4733
-75.9176
-76.3528
-76.7738
-77.1743
-77.5477
-77.8867
-78.1834
-78.4293
-78.6159
-78.7338
-78.7739
-78.7265
-78.582
-78.331
-77.9639
-77.4715
-76.845
-76.0759
-75.1563
-74.0789
-72.8373
-71.4256
-69.8389
-68.0731
-66.1251
-63.993
-61.6757
-59.1733
-56.4873
-53.6203
-50.576
-47.3596
-43.9771
-40.4359
-36.7447
-32.9127
-28.9506
-24.8694
-20.6811
-16.398
-12.0347
-7.60626
-3.1254
1.39736
5.94667
10.5056
15.0612
19.5995
24.1067
28.5696
32.9756
37.313
41.5708
45.739
49.809
53.7728
57.6236
61.3555
64.9621
68.4399
71.7791
74.9859
78.0232
80.9635
83.5801
86.4033
87.9347
-67.9968
-68.0726
-68.1608
-68.2224
-68.2697
-68.315
-68.3642
-68.4212
-68.4892
-68.5708
-68.6678
-68.7821
-68.9148
-69.0668
-69.239
-69.4318
-69.6455
-69.8802
-70.1361
-70.4129
-70.7106
-71.0286
-71.3661
-71.7225
-72.0969
-72.4882
-72.895
-73.3159
-73.7487
-74.1909
-74.6394
-75.0907
-75.5411
-75.9865
-76.4222
-76.8431
-77.2429
-77.6148
-77.9514
-78.2449
-78.4869
-78.6688
-78.7815
-78.8157
-78.762
-78.6108
-78.3528
-77.9786
-77.4791
-76.8455
-76.0695
-75.1431
-74.0594
-72.8118
-71.3945
-69.8027
-68.0322
-66.0801
-63.9445
-61.6242
-59.1194
-56.4317
-53.5636
-50.5189
-47.3026
-43.9211
-40.3815
-36.6925
-32.8634
-28.9047
-24.8275
-20.6437
-16.366
-12.0078
-7.58438
-3.10869
1.40905
5.95235
10.505
15.0548
19.5875
24.0891
28.5468
32.9479
37.2806
41.534
45.6983
49.7647
53.7255
57.5738
61.3038
64.9091
68.386
71.7247
74.9308
77.9666
80.9024
83.5103
86.3195
87.8121
-68.0309
-68.1009
-68.1821
-68.2416
-68.2892
-68.3357
-68.3863
-68.4447
-68.5138
-68.596
-68.6933
-68.8071
-68.939
-69.09
-69.261
-69.4528
-69.6657
-69.9001
-70.1559
-70.4331
-70.7316
-71.0508
-71.3899
-71.7481
-72.1247
-72.5186
-72.9281
-73.3511
-73.7854
-74.2285
-74.6772
-75.1282
-75.5774
-76.021
-76.4544
-76.8721
-77.268
-77.6352
-77.9664
-78.2538
-78.4892
-78.6639
-78.769
-78.7954
-78.7337
-78.5745
-78.3084
-77.9263
-77.4191
-76.7781
-75.995
-75.062
-73.9722
-72.7191
-71.2967
-69.7004
-67.9262
-65.971
-63.8329
-61.5108
-59.005
-56.3169
-53.4493
-50.4056
-47.1913
-43.8123
-40.276
-36.591
-32.7666
-28.8132
-24.7418
-20.5647
-16.2941
-11.9422
-7.52577
-3.05671
1.45456
5.98991
10.5348
15.0773
19.6028
24.0977
28.5488
32.9437
37.2706
41.5187
45.6782
49.7403
53.6975
57.5429
61.2706
64.8745
68.3504
71.6886
74.8938
77.9284
80.859
83.4599
86.2515
87.717
-68.0765
-68.1386
-68.2109
-68.2661
-68.3121
-68.3579
-68.4082
-68.4663
-68.5348
-68.6158
-68.7112
-68.8227
-68.9519
-69.0999
-69.268
-69.457
-69.6676
-69.9001
-70.1545
-70.4308
-70.7286
-71.0476
-71.3869
-71.7457
-72.1229
-72.5169
-72.9257
-73.3473
-73.7792
-74.219
-74.6636
-75.1097
-75.5538
-75.992
-76.4195
-76.8305
-77.2188
-77.5778
-77.9003
-78.1786
-78.4047
-78.57
-78.6658
-78.6829
-78.6121
-78.4441
-78.1697
-77.7797
-77.2651
-76.6172
-75.828
-74.8897
-73.7951
-72.5377
-71.1119
-69.513
-67.7368
-65.7804
-63.642
-61.3202
-58.8155
-56.1295
-53.2648
-50.2246
-47.0147
-43.6409
-40.1105
-36.4321
-32.6149
-28.6694
-24.6067
-20.4392
-16.1774
-11.8343
-7.42756
-2.96705
1.53544
6.06042
10.5955
15.1288
19.6454
24.1316
28.5746
32.9618
37.2816
41.5232
45.6768
49.7338
53.6867
57.5288
61.254
64.8562
68.3312
71.6691
74.8735
77.9072
80.8325
83.4282
86.1986
87.6486
-68.1265
-68.1813
-68.2434
-68.292
-68.3345
-68.3783
-68.4269
-68.4829
-68.5489
-68.6266
-68.7178
-68.8243
-68.9481
-69.0908
-69.2534
-69.4372
-69.6427
-69.8705
-70.1207
-70.3932
-70.6878
-71.0036
-71.3394
-71.6943
-72.067
-72.4555
-72.8578
-73.2721
-73.6962
-74.1273
-74.5626
-74.9991
-75.4339
-75.8631
-76.281
-76.6816
-77.0591
-77.4072
-77.7188
-77.9863
-78.2019
-78.3572
-78.4433
-78.4513
-78.3721
-78.1963
-77.9147
-77.5183
-76.9981
-76.3454
-75.5522
-74.6106
-73.5136
-72.2545
-70.8279
-69.229
-67.4536
-65.499
-63.363
-61.0445
-58.5439
-55.8631
-53.0043
-49.9706
-46.7682
-43.4027
-39.8811
-36.2124
-32.4054
-28.471
-24.4201
-20.2644
-16.0137
-11.6827
-7.28818
-2.83821
1.65275
6.16506
10.6885
15.2105
19.7162
24.1922
28.6254
33.0036
37.3149
41.5489
45.6957
49.7468
53.6949
57.5331
61.2557
64.8562
68.3303
71.6681
74.8721
77.9053
80.8252
83.4173
86.1634
87.6098
-68.1735
-68.2211
-68.2732
-68.3151
-68.3539
-68.3952
-68.4411
-68.4935
-68.5549
-68.6272
-68.7114
-68.8098
-68.925
-69.0585
-69.2114
-69.3855
-69.5818
-69.8005
-70.0415
-70.3053
-70.592
-70.8998
-71.2267
-71.5721
-71.935
-72.3131
-72.7042
-73.1067
-73.5189
-73.938
-74.3614
-74.7869
-75.2113
-75.6295
-76.0359
-76.425
-76.7912
-77.1283
-77.4294
-77.687
-77.8933
-78.0398
-78.118
-78.1189
-78.0332
-77.8517
-77.5654
-77.165
-76.6416
-75.9865
-75.1916
-74.2492
-73.1521
-71.8939
-70.4689
-68.8724
-67.1004
-65.1499
-63.0189
-60.706
-58.2121
-55.539
-52.6888
-49.6643
-46.4719
-43.117
-39.6066
-35.9497
-32.1555
-28.2345
-24.197
-20.0544
-15.8169
-11.5005
-7.11954
-2.68145
1.79574
6.29393
10.8045
15.3138
19.8074
24.2719
28.6945
33.0626
37.3648
41.5905
45.7301
49.7751
53.718
57.5525
61.2724
64.8716
68.3452
71.6835
74.8875
77.9212
80.836
83.4266
86.1456
87.6027
-68.218
-68.2577
-68.3003
-68.336
-68.3716
-68.4111
-68.4533
-68.5
-68.5543
-68.6177
-68.6902
-68.7747
-68.875
-68.9928
-69.1294
-69.288
-69.4704
-69.6761
-69.9045
-70.1567
-70.4329
-70.7301
-71.0453
-71.3778
-71.7271
-72.0915
-72.4688
-72.8569
-73.2548
-73.6615
-74.0739
-74.4889
-74.9022
-75.3085
-75.7031
-76.0811
-76.4369
-76.7641
-77.0559
-77.3049
-77.5033
-77.6427
-77.7144
-77.7096
-77.6191
-77.4336
-77.144
-76.7412
-76.2162
-75.5602
-74.7651
-73.8233
-72.7278
-71.4721
-70.0503
-68.4579
-66.691
-64.7468
-62.6228
-60.3176
-57.8322
-55.1686
-52.3285
-49.315
-46.1344
-42.7922
-39.2948
-35.6521
-31.8727
-27.9661
-23.9435
-19.8159
-15.5937
-11.2937
-6.92724
-2.5025
1.95904
6.442
10.9384
15.4339
19.9144
24.3665
28.7775
33.135
37.4275
41.6445
45.7766
49.8154
53.7534
57.5842
61.302
64.9003
68.3742
71.7138
74.919
77.9543
80.8648
83.4568
86.1459
87.6287
-68.2619
-68.2906
-68.3244
-68.3553
-68.3897
-68.429
-68.4661
-68.5029
-68.5445
-68.5921
-68.6438
-68.7053
-68.7844
-68.8824
-69.0007
-69.1444
-69.315
-69.51
-69.7266
-69.9656
-70.2283
-70.5111
-70.811
-71.127
-71.4585
-71.8059
-72.1695
-72.5462
-72.9328
-73.3285
-73.7306
-74.1349
-74.5369
-74.9323
-75.3166
-75.6847
-76.0311
-76.3495
-76.6329
-76.874
-77.0651
-77.1979
-77.2637
-77.2536
-77.1586
-76.9693
-76.6767
-76.2716
-75.745
-75.0884
-74.2936
-73.3528
-72.2593
-71.0068
-69.5893
-68.0019
-66.2408
-64.3032
-62.187
-59.8905
-57.415
-54.7618
-51.9329
-48.9318
-45.764
-42.4361
-38.9539
-35.3263
-31.5626
-27.6717
-23.6656
-19.5547
-15.3493
-11.0669
-6.71598
-2.3063
2.13826
6.60523
11.0865
15.5673
20.0338
24.4727
28.8715
33.2177
37.5
41.7081
45.8326
49.8652
53.7984
57.6262
61.3424
64.9406
68.4159
71.7581
74.9658
78.0045
80.912
83.5083
86.1655
87.6893
-68.3085
-68.3189
-68.3457
-68.3756
-68.4117
-68.4524
-68.4786
-68.4954
-68.5151
-68.5387
-68.5634
-68.602
-68.6667
-68.7538
-68.8604
-68.9909
-69.1465
-69.3244
-69.5221
-69.7393
-69.9777
-70.2384
-70.5223
-70.8269
-71.1473
-71.4831
-71.8367
-72.2052
-72.5841
-72.9707
-73.3629
-73.7575
-74.1502
-74.5365
-74.9119
-75.2712
-75.6088
-75.9184
-76.1934
-76.4264
-76.6098
-76.7354
-76.7946
-76.7785
-76.6781
-76.4842
-76.1876
-75.7791
-75.25
-74.5922
-73.7972
-72.857
-71.765
-70.5149
-69.101
-67.5183
-65.7628
-63.8318
-61.7233
-59.436
-56.9707
-54.3285
-51.5115
-48.5241
-45.3701
-42.057
-38.591
-34.9793
-31.2319
-27.3576
-23.369
-19.2758
-15.0887
-10.8246
-6.48971
-2.09696
2.3296
6.7798
11.2449
15.7103
20.162
24.5872
28.9732
33.3078
37.5798
41.7789
45.8958
49.9224
53.8513
57.6766
61.3922
64.9915
68.4694
71.8159
75.0278
78.0721
80.9785
83.5825
86.2069
87.7858
-68.3634
-68.3399
-68.3645
-68.3991
-68.4386
-68.4782
-68.4792
-68.4634
-68.463
-68.4767
-68.4896
-68.5137
-68.5624
-68.6272
-68.704
-68.7985
-68.9144
-69.06
-69.2392
-69.4454
-69.6721
-69.9214
-70.1973
-70.4975
-70.8156
-71.1486
-71.4967
-71.8582
-72.2307
-72.6109
-72.9963
-73.3836
-73.7687
-74.1472
-74.5144
-74.865
-75.1937
-75.4944
-75.7606
-75.985
-76.16
-76.2773
-76.3286
-76.3051
-76.1979
-75.9981
-75.6962
-75.283
-74.7499
-74.0889
-73.2919
-72.3509
-71.2591
-70.01
-68.5983
-67.0192
-65.2686
-63.3438
-61.243
-58.9651
-56.5098
-53.8783
-51.0732
-48.0995
-44.9599
-41.6616
-38.2119
-34.6169
-30.887
-27.0306
-23.0602
-18.9852
-14.8174
-10.5718
-6.25357
-1.87931
2.52861
6.96149
11.4097
15.859
20.2956
24.7066
29.0796
33.4024
37.6638
41.854
45.9637
49.9847
53.91
57.7338
61.4497
65.0515
68.5337
71.8864
75.1049
78.1572
81.0651
83.6805
86.2726
87.9189
-68.4331
-68.3516
-68.3781
-68.4156
-68.448
-68.4868
-68.4771
-68.4533
-68.4433
-68.4378
-68.4037
-68.3647
-68.3451
-68.351
-68.3938
-68.4709
-68.5722
-68.7091
-68.8874
-69.0982
-69.3311
-69.5849
-69.861
-70.1587
-70.4762
-70.8099
-71.157
-71.5163
-71.8859
-72.2625
-72.6432
-73.0249
-73.4037
-73.7753
-74.1349
-74.4774
-74.7974
-75.0891
-75.3464
-75.562
-75.7282
-75.8368
-75.8795
-75.8476
-75.7322
-75.5244
-75.2152
-74.7954
-74.2567
-73.5908
-72.7896
-71.8459
-70.7527
-69.5035
-68.093
-66.5161
-64.7691
-62.8493
-60.7552
-58.4859
-56.0403
-53.4193
-50.6265
-47.6662
-44.5411
-41.2579
-37.8244
-34.2466
-30.5344
-26.6966
-22.7449
-18.6887
-14.5407
-10.3137
-6.01274
-1.65803
2.73093
7.14628
11.5772
16.0101
20.4312
24.8279
29.1877
33.4985
37.7496
41.9311
46.034
50.0501
53.9726
57.796
61.5137
65.1196
68.608
71.9694
75.1971
78.2606
81.1732
83.804
86.3657
88.0897
-68.5325
-68.3082
-68.3294
-68.4055
-68.4732
-68.5624
-68.5032
-68.3948
-68.2682
-68.1397
-68.0195
-67.9382
-67.8927
-67.889
-67.9412
-68.0403
-68.1694
-68.3248
-68.5101
-68.7242
-68.9633
-69.2258
-69.5099
-69.8134
-70.1363
-70.4744
-70.8235
-71.1837
-71.5531
-71.9279
-72.3056
-72.6832
-73.0571
-73.4231
-73.7763
-74.1114
-74.4236
-74.7072
-74.9559
-75.1627
-75.3199
-75.4195
-75.453
-75.4119
-75.2873
-75.0702
-74.7518
-74.3237
-73.7775
-73.1051
-72.2985
-71.3505
-70.2542
-69.0034
-67.5926
-66.0171
-64.2731
-62.3576
-60.269
-58.007
-55.5703
-52.9597
-50.1789
-47.2318
-44.1211
-40.8531
-37.4355
-33.8747
-30.1802
-26.3606
-22.4278
-18.3908
-14.2625
-10.054
-5.77149
-1.43702
2.93285
7.33033
11.7439
16.1601
20.5656
24.9478
29.2944
33.5934
37.8344
42.0077
46.1043
50.1164
54.0371
57.8614
61.5826
65.1944
68.6915
72.0643
75.3043
78.3825
81.3038
83.9542
86.4891
88.299
-68.6328
-68.3535
-68.3684
-68.521
-68.4059
-68.3354
-68.0429
-67.796
-67.5865
-67.4179
-67.3443
-67.33
-67.3389
-67.3811
-67.4617
-67.5791
-67.7318
-67.9083
-68.1098
-68.3369
-68.5885
-68.8636
-69.1596
-69.4732
-69.8037
-70.1478
-70.5013
-70.864
-71.2344
-71.6087
-71.9845
-72.3591
-72.7295
-73.0911
-73.4387
-73.7673
-74.0724
-74.3489
-74.5899
-74.7883
-74.9366
-75.0269
-75.0507
-74.9997
-74.8651
-74.6381
-74.3104
-73.8731
-73.3184
-72.6383
-71.825
-70.8713
-69.7708
-68.517
-67.1048
-65.5297
-63.7879
-61.876
-59.7923
-57.5366
-55.108
-52.5071
-49.7373
-46.8025
-43.7056
-40.4524
-37.0506
-33.5066
-29.8296
-26.0282
-22.1141
-18.0964
-13.9875
-9.79734
-5.53436
-1.22041
3.13029
7.50963
11.9057
16.3054
20.6953
25.0632
29.3967
33.6841
37.9153
42.081
46.1722
50.1811
54.1013
57.928
61.6543
65.2742
68.7824
72.1697
75.4253
78.522
81.4561
84.1308
86.6437
88.5451
-68.9911
-68.0275
-67.7839
-67.8322
-67.483
-67.1791
-66.9771
-66.8759
-66.7893
-66.7319
-66.7513
-66.783
-66.8181
-66.8915
-67.0052
-67.1489
-67.3239
-67.5221
-67.7419
-67.9848
-68.2515
-68.5399
-68.8467
-69.1685
-69.5043
-69.8519
-70.2077
-70.571
-70.9413
-71.3144
-71.6872
-72.0586
-72.4257
-72.7832
-73.1254
-73.4478
-73.7464
-74.0164
-74.2504
-74.4411
-74.5809
-74.6618
-74.6757
-74.6143
-74.4692
-74.2319
-73.8941
-73.4473
-72.8834
-72.195
-71.3743
-70.4144
-69.3087
-68.0514
-66.6369
-65.0611
-63.3202
-61.4108
-59.3313
-57.0813
-54.6601
-52.0684
-49.309
-46.3858
-43.3022
-40.0635
-36.6771
-33.1496
-29.4899
-25.7067
-21.8109
-17.8126
-13.7225
-9.55047
-5.30751
-1.01407
3.31728
7.67825
12.0569
16.4401
20.8146
25.1681
29.4886
33.7646
37.9866
42.1454
46.2319
50.2385
54.1594
57.9902
61.7235
65.3537
68.8758
72.2805
75.5554
78.6746
81.6264
84.3307
86.8279
88.8237
-65.8642
-64.6555
-64.2221
-64.2352
-64.4912
-64.741
-65.2406
-65.525
-65.6465
-65.7642
-65.9221
-66.077
-66.222
-66.3831
-66.562
-66.7544
-66.9642
-67.1887
-67.4283
-67.6907
-67.9742
-68.2713
-68.5798
-68.8996
-69.231
-69.573
-69.9231
-70.2805
-70.6455
-71.0126
-71.3787
-71.7438
-72.1048
-72.4556
-72.7902
-73.1044
-73.3948
-73.6558
-73.8798
-74.0592
-74.1865
-74.254
-74.2537
-74.1776
-74.0176
-73.7656
-73.4135
-72.9527
-72.3758
-71.6754
-70.844
-69.8745
-68.7609
-67.4971
-66.0781
-64.4995
-62.7579
-60.8499
-58.7738
-56.529
-54.1153
-51.5333
-48.7855
-45.8756
-42.8072
-39.5855
-36.2174
-32.7098
-29.0711
-25.3102
-21.4371
-17.4628
-13.3969
-9.24804
-5.03047
-0.762801
3.54371
7.88067
12.2365
16.5983
20.9525
25.2874
29.591
33.8525
38.0632
42.2139
46.2955
50.301
54.225
58.0637
61.8093
65.4571
69.0025
72.436
75.7429
78.9002
81.8858
84.6391
87.1326
89.2473
-65.6904
-65.5076
-65.4282
-65.5199
-65.7201
-65.7849
-65.8919
-65.8542
-65.7497
-65.6969
-65.7079
-65.7559
-65.8268
-65.9269
-66.0556
-66.2152
-66.4074
-66.6282
-66.8764
-67.1565
-67.4621
-67.7838
-68.1186
-68.4651
-68.8223
-69.1878
-69.5584
-69.9323
-70.3074
-70.6818
-71.0526
-71.4176
-71.7732
-72.1157
-72.4431
-72.7516
-73.0336
-73.2804
-73.4863
-73.6456
-73.7517
-73.7976
-73.7756
-73.6782
-73.4973
-73.2253
-72.8541
-72.3749
-71.781
-71.0653
-70.2199
-69.2382
-68.1141
-66.8418
-65.4164
-63.8342
-62.0912
-60.1843
-58.1119
-55.8732
-53.4682
-50.8977
-48.1639
-45.2702
-42.2205
-39.0198
-35.6746
-32.1919
-28.5796
-24.8469
-21.0026
-17.0589
-13.0255
-8.90855
-4.72357
-0.488178
3.78698
8.09336
12.4201
16.7542
21.0827
25.3944
29.6775
33.9227
38.1217
42.2651
46.3445
50.353
54.2861
58.1406
61.9086
65.5866
69.1706
72.651
76.0114
79.2319
82.2814
85.113
87.6387
89.8837
-65.3433
-65.3789
-65.2071
-65.1178
-65.1546
-65.1924
-65.2848
-65.3732
-65.4511
-65.5515
-65.6797
-65.8216
-65.9642
-66.1101
-66.2655
-66.4358
-66.6224
-66.8244
-67.0418
-67.2737
-67.5196
-67.7803
-68.0564
-68.3479
-68.6533
-68.9706
-69.298
-69.6335
-69.9743
-70.3212
-70.6714
-71.019
-71.3594
-71.6899
-72.008
-72.3078
-72.58
-72.8164
-73.0121
-73.161
-73.2563
-73.2905
-73.2561
-73.1453
-72.9506
-72.664
-72.2779
-71.785
-71.1777
-70.449
-69.592
-68.6005
-67.4684
-66.1899
-64.7609
-63.1776
-61.436
-59.5329
-57.4669
-55.2372
-52.8439
-50.2877
-47.5709
-44.6967
-41.6688
-38.4923
-35.1734
-31.719
-28.1366
-24.4355
-20.6242
-16.715
-12.7175
-8.63729
-4.48806
-0.286083
3.95742
8.23307
12.5307
16.8375
21.1417
25.4324
29.6989
33.9325
38.1242
42.265
46.3479
50.3664
54.3159
58.1933
61.9921
65.7098
69.3424
72.8815
76.3122
79.6164
82.7561
85.6876
88.2824
90.6491
-65.2072
-65.2768
-65.1974
-65.1848
-65.286
-65.4134
-65.5461
-65.6615
-65.7411
-65.8059
-65.879
-65.9642
-66.058
-66.1639
-66.2891
-66.4376
-66.6098
-66.8045
-67.0203
-67.2558
-67.5109
-67.7847
-68.0751
-68.379
-68.693
-69.0146
-69.3413
-69.6709
-70.0009
-70.3306
-70.6572
-70.9757
-71.2827
-71.5755
-71.8501
-72.1012
-72.3239
-72.5142
-72.6665
-72.7743
-72.8307
-72.8286
-72.7608
-72.6197
-72.3977
-72.087
-71.6798
-71.1695
-70.5477
-69.8069
-68.9407
-67.9428
-66.807
-65.528
-64.1008
-62.521
-60.7851
-58.8908
-56.8364
-54.6208
-52.2441
-49.7072
-47.0122
-44.1622
-41.161
-38.0134
-34.7254
-31.3036
-27.7554
-24.0893
-20.314
-16.4401
-12.4774
-8.43284
-4.31868
-0.149152
4.06371
8.30989
12.5793
16.8605
21.1426
25.4142
29.6661
33.8892
38.0741
42.2131
46.3008
50.3317
54.3006
58.2035
62.0394
65.8053
69.4963
73.1081
76.6318
80.0463
83.3076
86.3673
89.0758
91.5456
-65.0303
-65.1281
-65.1386
-65.1651
-65.2472
-65.3447
-65.4352
-65.5164
-65.5852
-65.6559
-65.7446
-65.8534
-65.9771
-66.1147
-66.2689
-66.4408
-66.6304
-66.8366
-67.0582
-67.2944
-67.5447
-67.8083
-68.0833
-68.3679
-68.6607
-68.9602
-69.2649
-69.5731
-69.8828
-70.1923
-70.4992
-70.7993
-71.089
-71.3647
-71.6225
-71.8578
-72.0659
-72.241
-72.3764
-72.4653
-72.501
-72.4767
-72.3854
-72.22
-71.9731
-71.6374
-71.2058
-70.6714
-70.0268
-69.2649
-68.3797
-67.3652
-66.2155
-64.9257
-63.4909
-61.9063
-60.1693
-58.2779
-56.23
-54.0247
-51.6618
-49.1423
-46.4679
-43.6416
-40.6669
-37.5485
-34.2919
-30.9033
-27.3899
-23.7595
-20.0206
-16.1824
-12.2549
-8.24632
-4.16818
-0.0332435
4.14647
8.361
12.6003
16.8542
21.1122
25.3634
29.5989
33.8097
37.987
42.1246
46.2172
50.261
54.2518
58.1858
62.0655
65.8892
69.654
73.358
76.9954
80.5446
83.9607
87.1859
90.0569
92.5972
-64.9484
-65.05
-65.1017
-65.1489
-65.2251
-65.3201
-65.4178
-65.5145
-65.6086
-65.7048
-65.8103
-65.927
-66.0534
-66.1897
-66.3386
-66.5023
-66.6818
-66.8772
-67.0879
-67.3134
-67.5533
-67.8064
-68.0715
-68.347
-68.6311
-68.9218
-69.2171
-69.5148
-69.8124
-70.1076
-70.3977
-70.679
-70.9477
-71.2001
-71.4324
-71.6402
-71.8184
-71.9616
-72.0639
-72.1193
-72.1218
-72.0651
-71.9424
-71.7468
-71.4714
-71.1091
-70.6529
-70.096
-69.4314
-68.6522
-67.7523
-66.7257
-65.5668
-64.2705
-62.8321
-61.2473
-59.5134
-57.6278
-55.5888
-53.3953
-51.0472
-48.5451
-45.8909
-43.0872
-40.1375
-37.0461
-33.8184
-30.4604
-26.9791
-23.382
-19.6774
-15.8743
-11.9822
-8.01006
-3.9685
0.130757
4.27633
8.45817
12.6665
16.8916
21.1234
25.3521
29.5691
33.7659
37.935
42.0706
46.1685
50.226
54.2405
58.2107
62.1394
66.0277
69.8767
73.6867
77.453
81.1565
84.7551
88.1773
91.2562
93.8747
-64.8374
-64.9471
-65.0272
-65.099
-65.1844
-65.2831
-65.3849
-65.4855
-65.5846
-65.6856
-65.7934
-65.9114
-66.0402
-66.1806
-66.3341
-66.502
-66.6848
-66.8822
-67.0935
-67.318
-67.5549
-67.8031
-68.0612
-68.3278
-68.6009
-68.8788
-69.1594
-69.4408
-69.7207
-69.9967
-70.2663
-70.5261
-70.7725
-71.002
-71.2105
-71.3938
-71.547
-71.6649
-71.7418
-71.772
-71.7492
-71.6672
-71.5192
-71.2987
-70.9987
-70.6126
-70.1335
-69.5547
-68.8696
-68.0719
-67.1553
-66.1142
-64.9433
-63.6376
-62.1926
-60.6044
-58.8699
-56.9868
-54.9532
-52.7682
-50.4315
-47.9438
-45.3066
-42.5225
-39.5948
-36.5277
-33.3261
-29.996
-26.5439
-22.9772
-19.3038
-15.5324
-11.6721
-7.73208
-3.72242
0.345934
4.46213
8.61616
12.7984
16.9994
21.2096
25.4199
29.6219
33.8079
37.9713
42.1072
46.2123
50.2847
54.3236
58.3297
62.3069
66.2595
70.1921
74.108
78.0067
81.8727
85.6675
89.3074
92.6249
95.3969
-64.7637
-64.8753
-64.9697
-65.0573
-65.1501
-65.2507
-65.3547
-65.4597
-65.5661
-65.6763
-65.7933
-65.9194
-66.0555
-66.2018
-66.3593
-66.5289
-66.7111
-66.9058
-67.1126
-67.331
-67.5603
-67.7996
-68.0476
-68.3029
-68.5639
-68.8287
-69.0954
-69.362
-69.6261
-69.8853
-70.1367
-70.3773
-70.6033
-70.8112
-70.997
-71.1564
-71.2847
-71.3768
-71.4273
-71.4304
-71.3804
-71.271
-71.0961
-70.8492
-70.5238
-70.1135
-69.6116
-69.0118
-68.3076
-67.493
-66.562
-65.509
-64.3288
-63.0166
-61.5681
-59.9793
-58.2471
-56.3692
-54.3436
-52.1694
-49.8461
-47.3745
-44.7559
-41.9926
-39.0878
-36.0454
-32.8702
-29.5678
-26.1445
-22.6075
-18.9645
-15.2237
-11.394
-7.48461
-3.50522
0.533877
4.6223
8.75025
12.9083
17.0873
21.2781
25.4723
29.6617
33.8397
38.0002
42.1393
46.2542
50.3442
54.4098
58.4539
62.4817
66.5008
70.519
74.5443
78.5809
82.6192
86.6281
90.5165
94.1226
97.1303
-64.6853
-64.7991
-64.9027
-65.002
-65.1033
-65.209
-65.318
-65.4293
-65.5431
-65.661
-65.7849
-65.9165
-66.0567
-66.2063
-66.366
-66.5366
-66.7185
-66.9117
-67.1159
-67.3304
-67.5546
-67.7873
-68.0275
-68.2737
-68.5242
-68.7772
-69.0309
-69.2831
-69.5315
-69.7736
-70.0067
-70.2276
-70.4329
-70.6191
-70.7822
-70.9181
-71.0221
-71.0894
-71.1147
-71.0926
-71.0174
-70.8832
-70.6839
-70.4134
-70.0653
-69.6333
-69.1112
-68.4926
-67.7716
-66.942
-65.9983
-64.9348
-63.7466
-62.429
-60.9777
-59.3888
-57.6595
-55.787
-53.7695
-51.606
-49.2961
-46.8402
-44.2397
-41.4966
-38.6139
-35.5953
-32.4453
-29.1695
-25.7737
-22.265
-18.6506
-14.9388
-11.1381
-7.25733
-3.30609
0.705884
4.76858
8.87249
13.0083
17.1673
21.3406
25.5203
29.6988
33.87
38.0285
42.1712
46.296
50.4033
54.495
58.5758
62.6531
66.7372
70.8399
74.9742
79.1517
83.3707
87.6141
91.7869
95.7518
99.0772
-64.6004
-64.7161
-64.8261
-64.9339
-65.0426
-65.154
-65.2683
-65.3855
-65.506
-65.631
-65.7618
-65.8995
-66.0452
-66.1995
-66.3628
-66.5357
-66.7184
-66.9107
-67.1124
-67.3228
-67.5412
-67.7666
-67.998
-68.2339
-68.4728
-68.7129
-68.9524
-69.1892
-69.421
-69.6453
-69.8593
-70.0601
-70.2442
-70.4082
-70.5482
-70.6602
-70.7395
-70.7816
-70.7813
-70.7335
-70.6326
-70.473
-70.2488
-69.9541
-69.5828
-69.129
-68.5866
-67.9495
-67.2118
-66.368
-65.4122
-64.3394
-63.1444
-61.8229
-60.3704
-58.7834
-57.0586
-55.1935
-53.1861
-51.0353
-48.7405
-46.3022
-43.7214
-41
-38.1407
-35.1471
-32.0234
-28.7748
-25.4072
-21.9271
-18.3417
-14.6588
-10.8868
-7.03429
-3.11059
0.874946
4.91264
8.99329
13.1078
17.2476
21.4042
25.5703
29.7386
33.9036
38.0607
42.2072
46.342
50.4662
54.5833
58.6996
62.8249
66.972
71.1577
75.4003
79.7212
84.1288
88.6292
93.1253
97.5402
101.245
-64.5322
-64.6505
-64.7674
-64.8842
-65.002
-65.1219
-65.2444
-65.37
-65.4994
-65.6331
-65.772
-65.9169
-66.0685
-66.2273
-66.3936
-66.5676
-66.7496
-66.9393
-67.1365
-67.3407
-67.5511
-67.7667
-67.9867
-68.2094
-68.4337
-68.6576
-68.8794
-69.097
-69.3081
-69.5104
-69.7011
-69.8773
-70.0357
-70.173
-70.2854
-70.369
-70.4195
-70.4323
-70.4028
-70.3258
-70.1962
-70.0085
-69.7572
-69.4365
-69.0409
-68.5643
-68.0011
-67.3455
-66.5919
-65.7345
-64.7682
-63.6877
-62.4881
-61.165
-59.7141
-58.1317
-56.4147
-54.5602
-52.5662
-50.4315
-48.1554
-45.738
-43.1803
-40.4837
-37.651
-34.6852
-31.5905
-28.3716
-25.0343
-21.5847
-18.0298
-14.377
-10.6347
-6.81115
-2.9154
1.04352
5.0562
9.11372
13.2071
17.3282
21.4687
25.6215
29.7801
33.9392
38.0949
42.2449
46.389
50.5291
54.6701
58.8196
62.9898
67.1962
71.4605
75.8067
80.2677
84.8641
89.6348
94.4829
99.4439
103.524
-64.3003
-64.4154
-64.5306
-64.6497
-64.773
-64.9
-65.031
-65.1664
-65.3065
-65.4518
-65.6024
-65.7589
-65.9215
-66.0905
-66.2659
-66.4477
-66.6358
-66.83
-67.0297
-67.2343
-67.4431
-67.6551
-67.8691
-68.084
-68.2981
-68.51
-68.7177
-68.9193
-69.1126
-69.2952
-69.4646
-69.6179
-69.7521
-69.8639
-69.9496
-70.0057
-70.0279
-70.0121
-69.9536
-69.8478
-69.6898
-69.4743
-69.1962
-68.8501
-68.4305
-67.932
-67.3491
-66.6762
-65.908
-65.0392
-64.0644
-62.9788
-61.7774
-60.4558
-59.0099
-57.4359
-55.7303
-53.8903
-51.9138
-49.7992
-47.5456
-45.1529
-42.6218
-39.9536
-37.1506
-34.2155
-31.1524
-27.9655
-24.6604
-21.2429
-17.7198
-14.0983
-10.3864
-6.5922
-2.72454
1.20771
5.19558
9.23013
13.3029
17.4055
21.5303
25.6702
29.8194
33.9726
38.1268
42.2797
46.4322
50.5865
54.7489
58.9279
63.1382
67.3971
71.7316
76.1706
80.7595
85.5309
90.5607
95.7599
101.307
105.741
-64.4554
-64.5752
-64.6998
-64.8261
-64.9542
-65.0852
-65.2197
-65.358
-65.5004
-65.6471
-65.7983
-65.9541
-66.1147
-66.2801
-66.4503
-66.625
-66.8041
-66.9872
-67.1738
-67.3633
-67.5548
-67.7475
-67.9403
-68.132
-68.3212
-68.5064
-68.6858
-68.8575
-69.0196
-69.1696
-69.3052
-69.4237
-69.5221
-69.5973
-69.6461
-69.6648
-69.6496
-69.5965
-69.5012
-69.3594
-69.1662
-68.9171
-68.6069
-68.2308
-67.7835
-67.2599
-66.6547
-65.9629
-65.1793
-64.2986
-63.3159
-62.2262
-61.0247
-59.7069
-58.2685
-56.7056
-55.0145
-53.1923
-51.2365
-49.1454
-46.9178
-44.5532
-42.052
-39.4152
-36.6447
-33.7432
-30.714
-27.5616
-24.2907
-20.9071
-17.4173
-13.8283
-10.1476
-6.38351
-2.54425
1.36121
5.32445
9.33641
13.3891
17.4741
21.5843
25.7125
29.8536
34.0022
38.1561
42.313
46.4748
50.6436
54.8273
59.0347
63.2829
67.5905
71.9889
76.5112
81.212
86.1362
91.3879
96.8975
102.972
107.803
-63.6577
-63.8059
-63.9538
-64.1092
-64.2717
-64.4396
-64.612
-64.7889
-64.9704
-65.1563
-65.3464
-65.5405
-65.7381
-65.939
-66.1428
-66.349
-66.557
-66.7663
-66.9762
-67.1858
-67.3943
-67.6007
-67.8038
-68.0026
-68.1956
-68.3813
-68.5582
-68.7245
-68.8782
-69.0172
-69.1393
-69.2419
-69.3225
-69.378
-69.4053
-69.4013
-69.3622
-69.2844
-69.1639
-68.9965
-68.778
-68.5038
-68.1693
-67.7698
-67.3005
-66.7566
-66.1333
-65.4257
-64.6289
-63.738
-62.7482
-61.6546
-60.4525
-59.1372
-57.7044
-56.15
-54.4703
-52.6621
-50.7228
-48.6503
-46.4432
-44.1009
-41.6234
-39.0115
-36.2667
-33.3917
-30.3893
-27.2638
-24.0196
-20.6624
-17.1981
-13.6338
-9.97667
-6.23496
-2.41661
1.46952
5.41521
9.41152
13.4507
17.5243
21.6256
25.7473
29.8849
34.0328
38.1896
42.3528
46.5252
50.709
54.9132
59.1469
63.4286
67.7783
72.2285
76.8165
81.5993
86.6338
92.0412
97.7782
104.277
109.576
-64.1817
-64.2767
-64.387
-64.5054
-64.6323
-64.768
-64.9115
-65.0621
-65.2193
-65.3827
-65.5519
-65.7266
-65.9062
-66.0903
-66.2784
-66.4699
-66.664
-66.8601
-67.0572
-67.2545
-67.4509
-67.6454
-67.8366
-68.0234
-68.2042
-68.3775
-68.5417
-68.695
-68.8353
-68.9605
-69.0685
-69.1566
-69.2221
-69.2624
-69.2742
-69.2544
-69.1993
-69.1055
-68.969
-68.7858
-68.5516
-68.2622
-67.913
-67.4995
-67.0172
-66.4614
-65.8276
-65.1112
-64.3074
-63.4114
-62.4184
-61.3237
-60.1223
-58.8097
-57.3812
-55.8327
-54.1604
-52.3609
-50.4314
-48.3698
-46.1746
-43.8449
-41.3805
-38.7821
-36.0513
-33.1902
-30.2021
-27.0906
-23.8603
-20.5165
-17.0653
-13.5135
-9.86853
-6.13814
-2.33052
1.5458
5.48253
9.47112
13.5037
17.5723
21.6702
25.7905
29.9285
34.0792
38.2407
42.411
46.5923
50.7868
55.0032
59.2509
63.5483
67.9167
72.3899
77.0086
81.8338
86.9305
92.4395
98.3358
105.196
111.001
-63.3336
-63.5072
-63.674
-63.8475
-64.0295
-64.218
-64.412
-64.612
-64.8176
-65.028
-65.2422
-65.4595
-65.6793
-65.901
-66.1239
-66.3472
-66.5701
-66.792
-67.0118
-67.2287
-67.4418
-67.65
-67.8522
-68.0472
-68.2337
-68.4103
-68.5754
-68.7275
-68.8647
-68.985
-69.0864
-69.1664
-69.2227
-69.2525
-69.2528
-69.2206
-69.1526
-69.0452
-68.8947
-68.6972
-68.4486
-68.1447
-67.7813
-67.3539
-66.858
-66.2895
-65.6441
-64.9174
-64.105
-63.2023
-62.2045
-61.1068
-59.9044
-58.5924
-57.1662
-55.6213
-53.954
-52.1604
-50.2381
-48.1843
-45.9978
-43.6769
-41.2219
-38.6328
-35.9113
-33.0591
-30.0796
-26.976
-23.753
-20.4154
-16.9698
-13.4224
-9.7812
-6.05361
-2.24847
1.62603
5.56085
9.54777
13.5782
17.6442
21.7387
25.8552
29.9886
34.1341
38.2906
42.4558
46.6334
50.8252
55.0421
59.2921
63.5968
67.9753
72.4654
77.1054
81.9628
87.101
92.6804
98.6847
105.835
112.124
-63.8186
-63.905
-64.0227
-64.1627
-64.3135
-64.4677
-64.6264
-64.7926
-64.967
-65.1485
-65.3365
-65.5304
-65.7298
-65.9338
-66.1415
-66.352
-66.5642
-66.7773
-66.99
-67.2013
-67.4099
-67.6146
-67.8141
-68.0071
-68.192
-68.3674
-68.5316
-68.6828
-68.8191
-68.9385
-69.0388
-69.1176
-69.1725
-69.2005
-69.199
-69.1645
-69.0941
-68.9839
-68.8305
-68.6298
-68.3779
-68.0705
-67.7035
-67.2723
-66.7729
-66.2007
-65.5516
-64.8214
-64.0058
-63.1003
-62.1002
-61.0004
-59.7963
-58.4828
-57.0552
-55.5087
-53.8402
-52.045
-50.1214
-48.0659
-45.8781
-43.5557
-41.0998
-38.5099
-35.7885
-32.9366
-29.9588
-26.8572
-23.6377
-20.3041
-16.8639
-13.3227
-9.68886
-5.96936
-2.17325
1.69176
5.61675
9.59375
13.6149
17.6719
21.7586
25.8679
29.9965
34.1378
38.2928
42.4568
46.6363
50.8297
55.0515
59.3056
63.6181
68.0032
72.5047
77.1549
82.0298
87.1883
92.8074
98.8773
106.236
112.981
-63.2379
-63.3444
-63.4809
-63.6698
-63.8813
-64.0967
-64.3152
-64.5389
-64.7667
-64.9971
-65.2293
-65.463
-65.6978
-65.9329
-66.1678
-66.4016
-66.6336
-66.863
-67.0887
-67.31
-67.5259
-67.7353
-67.9371
-68.1303
-68.3136
-68.4856
-68.6449
-68.79
-68.919
-69.0302
-69.1214
-69.1904
-69.2347
-69.2518
-69.2387
-69.1924
-69.1096
-68.9868
-68.8205
-68.6068
-68.3416
-68.0209
-67.6405
-67.1961
-66.684
-66.1003
-65.441
-64.7018
-63.8789
-62.9676
-61.9634
-60.8614
-59.6563
-58.3433
-56.9174
-55.3739
-53.7096
-51.9196
-50.0021
-47.9535
-45.7732
-43.4588
-41.0109
-38.429
-35.7158
-32.8721
-29.9021
-26.8079
-23.5952
-20.2679
-16.8335
-13.2974
-9.66819
-5.95281
-2.16028
1.70154
5.62386
9.59838
13.6174
17.6728
21.7588
25.8671
29.995
34.1355
38.2903
42.4535
46.6331
50.8258
55.0478
59.3016
63.6154
68.0014
72.5067
77.1609
82.044
87.2134
92.8541
98.9641
106.457
113.619
-63.474
-63.5411
-63.65
-63.7953
-63.9488
-64.1085
-64.2817
-64.4694
-64.6681
-64.8754
-65.0901
-65.3116
-65.5385
-65.7696
-66.0037
-66.2394
-66.4757
-66.7112
-66.9445
-67.1745
-67.3998
-67.6191
-67.8311
-68.0343
-68.2274
-68.4088
-68.577
-68.7304
-68.867
-68.9851
-69.0825
-69.1569
-69.206
-69.2271
-69.2174
-69.174
-69.0935
-68.9726
-68.8077
-68.5951
-68.3307
-68.0105
-67.6304
-67.1858
-66.6727
-66.0881
-65.4284
-64.6896
-63.8674
-62.9575
-61.9551
-60.8551
-59.6526
-58.3421
-56.9183
-55.3767
-53.7139
-51.9251
-50.0085
-47.9608
-45.7811
-43.4674
-41.0203
-38.4383
-35.7248
-32.8813
-29.9116
-26.8177
-23.6052
-20.2781
-16.8438
-13.308
-9.67903
-5.96412
-2.17216
1.68878
5.61003
9.58309
13.6003
17.6538
21.7382
25.8446
29.9708
34.1095
38.2632
42.4257
46.6052
50.798
55.021
59.2755
63.5908
67.9781
72.4851
77.1413
82.0269
87.2002
92.8476
98.9761
106.532
114.028
-63.0304
-63.1822
-63.4464
-63.7119
-63.9403
-64.1513
-64.3641
-64.5826
-64.8048
-65.0296
-65.2573
-65.4879
-65.7209
-65.9553
-66.1904
-66.4252
-66.6589
-66.8903
-67.1187
-67.3428
-67.5616
-67.7741
-67.979
-68.1751
-68.3612
-68.5359
-68.6976
-68.8449
-68.976
-69.0889
-69.1817
-69.252
-69.2974
-69.3153
-69.3027
-69.2566
-69.1737
-69.0506
-68.8835
-68.6685
-68.4017
-68.0789
-67.6956
-67.2475
-66.7289
-66.1372
-65.4699
-64.7237
-63.8946
-62.9784
-61.9704
-60.8659
-59.6603
-58.348
-56.9234
-55.3817
-53.7191
-51.9315
-50.0162
-47.9704
-45.7928
-43.4817
-41.0376
-38.4581
-35.7467
-32.9061
-29.9391
-26.8481
-23.6379
-20.313
-16.8803
-13.3458
-9.71774
-6.00336
-2.21151
1.64961
5.5713
9.54502
13.563
17.6173
21.7025
25.8099
29.9368
34.0767
38.2311
42.3947
46.5751
50.7691
54.9928
59.2486
63.5645
67.9527
72.4601
77.1168
82.0023
87.1758
92.8232
98.958
106.524
114.187
94.4124
95.5848
96.6301
97.6361
98.3803
98.8246
98.9338
98.631
97.8288
96.4409
94.3548
91.4752
87.6089
82.7511
76.3493
69.1088
58.4502
49.6291
28.2511
26.7922
93.9343
95.0102
96.0733
97.0668
97.7906
98.2191
98.3115
97.9919
97.1742
95.7724
93.6737
90.7839
86.9074
82.0449
75.6308
68.3956
57.7082
48.9168
27.43
26.1044
93.2277
94.1488
95.2365
96.2127
96.9133
97.3268
97.4031
97.0681
96.2369
94.8242
92.7157
89.8211
85.9369
81.0812
74.6491
67.4514
56.6911
48.0401
26.2654
25.4396
92.6447
93.4366
94.5319
95.478
96.1503
96.5444
96.6004
96.2457
95.3964
93.9678
91.8437
88.9385
85.0393
80.1852
73.7245
66.565
55.71
47.2314
25.1156
24.9461
92.2125
92.9064
94.0006
94.9145
95.5581
95.9305
95.9637
95.5868
94.7163
93.268
91.1239
88.2028
84.2834
79.4235
72.9304
65.7979
54.8512
46.5278
24.1144
24.5897
91.8698
92.4815
93.573
94.4587
95.0754
95.4261
95.4363
95.0366
94.1439
92.6745
90.5092
87.57
83.6291
78.7595
72.2356
65.1208
54.095
45.9019
23.2547
24.3119
91.5865
92.1247
93.2135
94.0756
94.6675
94.9968
94.9843
94.5618
93.6466
92.1554
89.9685
87.01
83.0478
78.1662
71.6142
64.5115
53.4199
45.336
22.513
24.0808
91.3506
91.8222
92.9073
93.7502
94.319
94.6276
94.593
94.148
93.2102
91.6971
89.4882
86.5099
82.5263
77.6314
71.0536
63.9588
52.8141
44.8204
21.8751
23.8782
91.1529
91.5646
92.6441
93.4715
94.0188
94.3074
94.2514
93.7842
92.8241
91.2888
89.0581
86.0596
82.0552
77.1459
70.545
63.454
52.2692
44.3466
21.3294
23.6901
90.9856
91.344
92.4158
93.2305
93.7576
94.0268
93.9499
93.4608
92.4784
90.9211
88.6687
85.6501
81.6255
76.7013
70.0804
62.9892
51.7774
43.9068
20.8658
23.5047
90.8427
91.1545
92.216
93.0202
93.5281
93.7782
93.6808
93.17
92.1654
90.5861
88.3121
85.2734
81.2296
76.29
69.6524
62.5576
51.3315
43.4948
20.4754
23.3128
90.7199
90.992
92.0407
92.836
93.3253
93.5564
93.4386
92.906
91.8793
90.2779
87.9825
84.9236
80.8616
75.9063
69.2554
62.1534
50.9253
43.105
20.1507
23.1072
90.6141
90.8539
91.8874
92.6744
93.1454
93.3574
93.2191
92.6645
91.6154
89.9917
87.6751
84.5961
80.5168
75.5455
68.8848
61.7724
50.5543
42.7332
19.8853
22.8826
90.5237
90.7388
91.7543
92.5334
92.9862
93.1785
93.0195
92.4425
91.3706
89.7244
87.3866
84.2876
80.1919
75.2044
68.5372
61.4112
50.2145
42.3757
19.6741
22.635
90.4478
90.6462
91.6412
92.4117
92.8463
93.0182
92.8378
92.2377
91.1426
89.4734
87.1143
83.995
79.8837
74.8799
68.2094
61.067
49.9027
42.0295
19.5122
22.3611
90.3837
90.5761
91.548
92.3089
92.7248
92.8752
92.6724
92.0484
90.929
89.236
86.8553
83.7156
79.5894
74.5691
67.8985
60.7371
49.6161
41.6921
19.3956
22.0585
90.3274
90.5291
91.4755
92.2245
92.6209
92.7482
92.5218
91.8727
90.728
89.0105
86.6077
83.4475
79.3073
74.2707
67.6029
60.4202
49.3528
41.3619
19.3209
21.7259
90.278
90.5056
91.4247
92.1588
92.5347
92.6372
92.3853
91.7097
90.5387
88.796
86.3709
83.1901
79.0366
73.9837
67.3216
60.1152
49.1111
41.0377
19.2855
21.3623
90.2373
90.5069
91.3967
92.1124
92.4667
92.5425
92.2635
91.5596
90.361
88.592
86.1442
82.9425
78.7762
73.707
67.0533
59.8212
48.8895
40.7188
19.287
20.9671
90.2078
90.5349
91.3942
92.0869
92.4179
92.4648
92.1565
91.4225
90.1946
88.3981
85.9267
82.7038
78.5252
73.44
66.7971
59.5375
48.6869
40.4045
19.3233
20.5399
90.1922
90.5914
91.4198
92.0843
92.3896
92.4049
92.0646
91.2982
90.039
88.2136
85.7178
82.4734
78.283
73.1819
66.5522
59.2636
48.5021
40.0945
19.3923
20.0809
90.1947
90.6782
91.4759
92.1062
92.3828
92.3635
91.9881
91.1868
89.8942
88.0382
85.5171
82.2509
78.049
72.9323
66.318
58.9992
48.3338
39.7891
19.4914
19.5921
90.2205
90.7974
91.565
92.1546
92.3986
92.3413
91.9273
91.0881
89.7597
87.8713
85.324
82.0356
77.8226
72.6909
66.0939
58.7444
48.181
39.4895
19.6174
19.0762
90.2733
90.9494
91.6879
92.2297
92.4367
92.3375
91.8813
91.0011
89.6345
87.7121
85.1377
81.8268
77.6033
72.4571
65.8797
58.4984
48.0446
39.1924
19.7762
18.5242
90.3552
91.1313
91.8434
92.3304
92.4952
92.3505
91.8484
90.9243
89.5172
87.5593
84.9575
81.6241
77.3915
72.2304
65.6775
58.2584
47.9326
38.8815
20.001
17.8898
90.535
91.4242
92.1089
92.5139
92.6123
92.4006
91.8315
90.8435
89.3785
87.3709
84.7313
81.3678
77.1241
71.9435
65.4281
57.9525
47.8184
38.4558
20.3878
16.945
90.9353
91.9073
92.5613
92.8492
92.8409
92.5314
91.8659
90.7861
89.2392
87.1637
84.4736
81.0723
76.8127
71.6155
65.1371
57.6207
47.6717
38.0361
20.7603
15.9586
91.5524
92.5442
93.1456
93.3024
93.1626
92.7355
91.9574
90.771
89.1312
86.9825
84.2388
80.7995
76.5235
71.315
64.8701
57.3307
47.5393
37.6923
21.0862
15.0869
92.4253
93.3618
93.8732
93.8885
93.5942
93.0255
92.1142
90.8034
89.0599
86.8335
84.0333
80.5539
76.2605
71.0429
64.6299
57.0786
47.4293
37.4061
21.3965
14.2882
93.5972
94.3958
94.7587
94.6161
94.1493
93.4187
92.3569
90.9071
89.0481
86.7342
83.8705
80.3471
76.0348
70.8099
64.4258
56.8704
47.3474
37.1779
21.6944
13.5651
95.0669
95.6494
95.7745
95.4298
94.7726
93.8651
92.6371
91.0355
89.0531
86.6459
83.7163
80.1504
75.8234
70.6003
64.2514
56.708
47.2984
37.0149
21.9838
12.9349
96.7787
97.1489
96.9572
96.3356
95.4582
94.3562
92.9372
91.1629
89.0457
86.5389
83.5369
79.9247
75.58
70.3615
64.0492
56.5354
47.2355
36.8869
22.2447
12.4168
98.6664
98.8676
98.2969
97.3272
96.216
94.9189
93.295
91.3368
89.0808
86.4703
83.3877
79.7203
75.3459
70.1209
63.8273
56.3364
47.1215
36.7415
22.4079
11.9935
100.846
100.863
99.7918
98.3937
97.0427
95.5485
93.7033
91.5534
89.1608
86.448
83.2839
79.5599
75.1535
69.9175
63.6333
56.1576
46.9989
36.5994
22.4693
11.6426
103.487
103.197
101.418
99.5215
97.9429
96.2412
94.1514
91.8057
89.2821
86.4692
83.2247
79.4453
75.0079
69.7601
63.4821
56.0187
46.8993
36.491
22.4781
11.3827
106.638
105.778
103.039
100.636
98.8778
96.9558
94.6047
92.0725
89.43
86.5231
83.2033
79.3748
74.9096
69.652
63.3775
55.9256
46.8309
36.4278
22.4515
11.2498
110.073
108.332
104.447
101.615
99.7442
97.6026
95.0072
92.3224
89.5818
86.5933
83.2081
79.3385
74.8476
69.5813
63.3071
55.8674
46.7886
36.4097
22.4165
11.248
113.431
110.618
105.543
102.391
100.447
98.0915
95.2942
92.5001
89.6862
86.6365
83.2063
79.3135
74.8113
69.5481
63.2823
55.8631
46.8
36.4566
22.4283
11.3392
116.386
112.459
106.287
102.953
100.963
98.4256
95.4893
92.6323
89.7724
86.6865
83.2312
79.3302
74.8243
69.5677
63.3099
55.9087
46.8554
36.5458
22.4814
11.4683
118.959
113.891
106.781
103.382
101.361
98.677
95.6508
92.7554
89.8617
86.7511
83.2782
79.3736
74.8649
69.6162
63.3651
55.9809
46.9355
36.657
22.5677
11.6082
121.273
114.985
107.113
103.719
101.662
98.8668
95.7834
92.8634
89.946
86.8203
83.3366
79.4325
74.9232
69.6833
63.4384
56.0699
47.0319
36.7793
22.679
11.7469
123.365
115.773
107.329
103.983
101.892
99.0183
95.8991
92.9631
90.0287
86.8949
83.404
79.5025
74.993
69.7618
63.5219
56.1672
47.1359
36.9029
22.803
11.8767
125.262
116.32
107.468
104.185
102.074
99.1514
96.0078
93.0586
90.1125
86.9727
83.4774
79.5773
75.0684
69.8431
63.6083
56.2636
47.239
37.0192
22.9263
11.9933
126.953
116.802
107.622
104.356
102.228
99.2779
96.1152
93.1523
90.1962
87.0503
83.552
79.6521
75.1447
69.9237
63.6941
56.3569
47.3396
37.1301
23.0448
12.1069
128.125
117.317
107.89
104.551
102.377
99.399
96.2175
93.2408
90.2757
87.1228
83.622
79.7213
75.2162
69.9985
63.7741
56.4433
47.4324
37.234
23.1505
12.2216
)
;

boundaryField
{
    inlet
    {
        type            zeroGradient;
    }
    outlet
    {
        type            fixedValue;
        value           uniform 0;
    }
    upperWall
    {
        type            zeroGradient;
    }
    lowerWall
    {
        type            zeroGradient;
    }
    frontAndBack
    {
        type            empty;
    }
}


// ************************************************************************* //
