/*--------------------------------*- C++ -*----------------------------------*\
| =========                 |                                                 |
| \\      /  F ield         | OpenFOAM: The Open Source CFD Toolbox           |
|  \\    /   O peration     | Version:  5.x                                   |
|   \\  /    A nd           | Web:      www.OpenFOAM.org                      |
|    \\/     M anipulation  |                                                 |
\*---------------------------------------------------------------------------*/
FoamFile
{
    version     2.0;
    format      ascii;
    class       volScalarField;
    location    "284";
    object      epsilon;
}
// * * * * * * * * * * * * * * * * * * * * * * * * * * * * * * * * * * * * * //

dimensions      [0 2 -3 0 0 0 0];

internalField   nonuniform List<scalar> 
5760
(
154.295
152.027
150.085
147.739
145.966
143.684
142.303
140.443
139.566
138.428
138.03
137.659
137.753
138.109
138.593
139.438
140.017
142.852
23.3647
35.9152
42.9663
47.3463
51.0059
54.3519
58.1734
61.8815
66.4396
70.9671
76.0189
81.6614
86.8392
93.5344
98.7567
106.432
110.466
123.364
15.7137
17.4216
20.1126
22.2912
23.9956
25.4823
26.8273
28.1045
29.3421
30.6964
31.8518
33.452
34.5407
36.3772
37.4998
39.4714
40.8845
43.3889
14.8755
14.9706
15.3289
15.8975
16.4501
17.0498
17.5651
18.1258
18.5768
19.1295
19.5178
20.0872
20.4373
21.0155
21.3613
21.9388
22.3208
22.9467
14.8153
14.73
14.7051
14.7215
14.7834
14.886
14.9885
15.1469
15.266
15.4442
15.5639
15.7524
15.8696
16.0606
16.1761
16.3674
16.4861
16.7034
14.8101
14.7249
14.6409
14.5765
14.5141
14.4754
14.4385
14.4226
14.409
14.4097
14.4166
14.4279
14.4409
14.4652
14.4831
14.5148
14.5409
14.5849
14.8094
14.7248
14.6399
14.5643
14.4884
14.4221
14.3563
14.3003
14.2444
14.1987
14.1516
14.116
14.0759
14.0492
14.0148
13.996
13.9656
13.9546
14.8098
14.7241
14.6406
14.5631
14.4873
14.4173
14.3486
14.2857
14.2236
14.1673
14.1114
14.0613
14.0111
13.9666
13.9215
13.8823
13.8419
13.8072
14.8101
14.7237
14.6408
14.5626
14.4875
14.4166
14.3483
14.284
14.222
14.1636
14.1073
14.0542
14.0031
13.9549
13.9084
13.8646
13.8224
13.7826
14.8103
14.7236
14.6409
14.5624
14.4875
14.4162
14.3482
14.2836
14.2218
14.163
14.1067
14.0532
14.002
13.9532
13.9066
13.8621
13.8195
13.7789
14.8103
14.7235
14.6409
14.5623
14.4874
14.4161
14.3481
14.2833
14.2215
14.1626
14.1064
14.0528
14.0016
13.9527
13.906
13.8614
13.8188
13.7781
14.8103
14.7235
14.6408
14.5622
14.4873
14.4159
14.3479
14.2831
14.2213
14.1624
14.1062
14.0525
14.0013
13.9524
13.9057
13.861
13.8184
13.7777
14.8103
14.7235
14.6408
14.5622
14.4872
14.4159
14.3479
14.2831
14.2213
14.1623
14.1061
14.0524
14.0011
13.9522
13.9055
13.8608
13.8182
13.7774
14.8103
14.7235
14.6408
14.5622
14.4872
14.4159
14.3478
14.283
14.2212
14.1623
14.1061
14.0525
14.0014
13.9525
13.9058
13.8613
13.8187
13.778
14.8103
14.7234
14.6409
14.5622
14.4874
14.416
14.3482
14.2834
14.2218
14.163
14.107
14.0534
14.0025
13.9538
13.9074
13.863
13.8208
13.7802
14.8104
14.7235
14.6414
14.5631
14.4903
14.4214
14.3573
14.2961
14.239
14.1841
14.1331
14.0838
14.0382
13.9938
13.9531
13.9131
13.8769
13.8406
14.8111
14.7261
14.6607
14.6095
14.5709
14.5367
14.51
14.4858
14.4675
14.4511
14.4394
14.4293
14.4228
14.4177
14.415
14.414
14.415
14.4132
14.8618
14.9529
15.1959
15.4438
15.6848
15.892
16.0965
16.2735
16.4559
16.6148
16.7851
16.932
17.0945
17.2325
17.3901
17.5205
17.6753
17.7989
16.3432
18.9995
20.9466
22.3309
23.4393
24.331
25.1507
25.863
26.5783
27.2272
27.9108
28.5357
29.2089
29.8239
30.4935
31.1027
31.7734
32.3883
69.6885
68.8801
68.2093
67.5457
66.9705
66.3669
65.8467
65.3008
64.8459
64.3671
63.986
63.5737
63.2614
62.9161
62.6667
62.3826
62.1886
61.9589
2.24038
2.12784
2.87126
3.56693
4.26526
5.02478
5.74125
6.09851
5.25584
6.00701
29.0632
5.99662
36.7198
40.4145
36.4669
45.514
57.2416
72.2325
90.2144
111.249
135.143
161.955
191.615
224.143
259.557
297.926
339.338
383.912
431.788
483.12
538.069
596.799
659.465
726.218
797.188
872.489
952.207
1036.4
1125.1
1218.29
1315.92
1417.9
1524.09
1634.33
1748.38
1865.98
1986.8
2110.5
2236.62
2364.72
2494.23
2624.52
2754.83
2884.3
3011.97
3137.18
3260.84
3381.92
3499.77
3613.9
3723.65
3828.4
3927.54
4020.45
4106.61
4185.45
4256.54
4319.41
4373.77
4419.33
4456
4483.68
4502.3
4510.73
4507.7
4497.99
4482.59
4455.89
4421.09
4378.38
4328.32
4271.46
4208.35
4139.51
4065.63
3987.19
3904.97
3819.4
3731.35
3641.15
3549.76
3457.42
3365.39
3277.36
3230.77
3195.13
3162.94
3122.62
3091.39
2909.39
4.48907
3.3748
3.33506
3.67177
4.33778
5.25995
6.4037
7.8289
9.90235
13.0896
19.8114
21.2459
30.8047
36.492
43.8737
53.0172
63.3475
74.7934
87.2615
100.415
114.618
129.785
145.968
163.244
181.683
201.36
222.346
244.71
268.52
293.836
320.714
349.206
379.356
411.202
444.771
480.083
517.147
555.96
596.507
638.759
682.674
728.196
775.255
823.764
873.619
924.702
976.873
1029.98
1083.83
1138.24
1192.97
1247.76
1302.34
1356.44
1409.87
1462.79
1516.19
1568.66
1619.78
1669.36
1717.12
1762.83
1806.23
1847.08
1885.16
1920.25
1952.16
1980.72
2005.81
2027.29
2045.11
2059.18
2069.39
2075.25
2076.95
2075.77
2071.58
2062.92
2050.82
2035.35
2016.7
1995.1
1970.74
1943.85
1914.67
1883.43
1850.42
1815.83
1779.98
1743.07
1705.44
1667.25
1628.98
1591.72
1563.37
1538.24
1514.06
1489.86
1467.66
1421.85
6.94923
4.87502
4.62295
5.01966
5.90046
7.2632
9.20116
11.8429
15.3404
19.5935
24.8589
30.292
36.9676
43.7219
51.6294
59.9622
69.0137
78.7582
89.2621
100.811
113.014
126.095
140.162
155.246
171.386
188.612
206.957
226.458
247.156
269.086
292.274
316.755
342.554
369.697
398.201
428.079
459.336
491.969
525.968
561.31
597.965
635.891
675.036
715.334
756.705
799.059
842.288
886.27
930.871
975.939
1021.31
1066.82
1112.29
1157.59
1202.66
1247.52
1292.21
1336.01
1378.72
1420.12
1459.99
1498.13
1534.33
1568.38
1600.09
1629.29
1655.82
1679.52
1700.28
1718.02
1732.65
1744.11
1752.31
1756.73
1758.06
1756.82
1752.64
1745.05
1734.52
1721.16
1705.15
1686.65
1665.85
1642.93
1618.1
1591.56
1563.52
1534.19
1503.8
1472.54
1440.66
1408.35
1375.93
1344.07
1315.85
1289.56
1264.08
1239.77
1217.11
1188.12
9.38819
6.53376
6.26066
6.84473
8.05825
9.91485
12.4893
15.8374
19.9611
24.7912
30.1886
35.9839
42.285
48.9804
56.3297
64.2557
72.8601
82.1963
92.327
103.288
115.204
128.091
141.945
156.795
172.677
189.607
207.602
226.691
246.884
268.229
290.784
314.58
339.649
366.019
393.716
422.759
453.162
484.931
518.064
552.552
588.374
625.497
663.878
703.461
744.174
785.932
828.636
872.169
916.404
961.2
1006.4
1051.86
1097.41
1142.93
1188.28
1233.4
1278.04
1321.8
1364.45
1405.77
1445.54
1483.54
1519.55
1553.37
1584.8
1613.66
1639.79
1663.03
1683.27
1700.42
1714.39
1725.15
1732.5
1736.03
1736.79
1734.6
1729.32
1720.79
1709.28
1694.95
1677.95
1658.47
1636.71
1612.85
1587.1
1559.67
1530.78
1500.64
1469.48
1437.51
1404.95
1372.02
1339
1306.38
1275.77
1246.64
1218.39
1191.78
1167.06
1140.33
11.7991
8.38534
8.13571
8.92472
10.4435
12.6741
15.6428
19.3378
23.697
28.612
33.9454
39.6276
45.691
52.2255
59.3612
67.1478
75.6532
84.9408
95.0667
106.077
118.029
130.939
144.822
159.701
175.592
192.534
210.567
229.731
250.081
271.656
294.489
318.624
344.1
370.96
399.24
428.972
460.185
492.899
527.125
562.866
600.111
638.84
679.015
720.585
763.482
807.619
852.895
899.189
946.364
994.271
1042.74
1091.61
1140.69
1189.81
1238.77
1287.33
1335.26
1382.23
1428
1472.32
1514.94
1555.61
1594.09
1630.16
1663.6
1694.21
1721.81
1746.24
1767.36
1785.08
1799.32
1810.05
1816.91
1819.8
1819.8
1816.31
1809.45
1799.18
1785.7
1769.19
1749.82
1727.81
1703.36
1676.7
1648.06
1617.67
1585.76
1552.58
1518.36
1483.34
1447.76
1411.84
1375.87
1340.25
1305.96
1272.96
1241
1210.98
1183.24
1154.69
14.0607
10.2513
10.0813
11.0638
12.8042
15.2532
18.3948
22.1772
26.5148
31.3072
36.4646
41.9693
47.8759
54.2976
61.3367
69.0644
77.5426
86.8298
96.9772
108.03
120.029
133.005
146.985
162.001
178.087
195.288
213.65
233.225
254.069
276.235
299.776
324.748
351.208
379.213
408.815
440.064
473.004
507.67
544.09
582.276
622.231
663.939
707.367
752.465
799.159
847.358
896.947
947.79
999.734
1052.6
1106.2
1160.33
1214.77
1269.28
1323.61
1377.48
1430.6
1482.65
1533.34
1582.38
1629.5
1674.4
1716.82
1756.49
1793.17
1826.64
1856.68
1883.13
1905.83
1924.68
1939.59
1950.55
1957.04
1959.41
1958.33
1953.28
1944.46
1931.91
1915.8
1896.34
1873.75
1848.25
1820.1
1789.55
1756.86
1722.29
1686.12
1648.61
1610.03
1570.65
1530.72
1490.5
1450.26
1410.41
1371.58
1334
1297.64
1263.48
1231.94
1199.85
15.9591
11.9055
11.9181
13.077
14.9431
17.471
20.627
24.3435
28.5372
33.1344
38.0916
43.4244
49.2002
55.5207
62.4754
70.1359
78.5622
87.8105
97.9328
108.976
120.988
134.011
148.086
163.258
179.577
197.097
215.874
235.976
257.473
280.437
304.938
331.054
358.859
388.43
419.839
453.157
488.445
525.757
565.136
606.61
650.189
695.865
743.606
793.358
845.042
898.552
953.755
1010.49
1068.58
1127.82
1187.96
1248.77
1309.97
1371.27
1432.36
1492.9
1552.56
1610.99
1667.84
1722.8
1775.52
1825.68
1872.97
1917.1
1957.78
1994.76
2027.81
2056.73
2081.36
2101.58
2117.3
2128.5
2134.6
2136.33
2133.83
2126.9
2115.71
2100.35
2081.04
2057.99
2031.45
2001.71
1969.05
1933.75
1896.13
1856.49
1815.12
1772.35
1728.46
1683.76
1638.54
1593.07
1547.66
1502.68
1458.64
1415.89
1374.54
1335.64
1299.66
1263.08
16.8491
13.0341
13.5226
14.8324
16.7355
19.2373
22.3096
25.8834
29.8877
34.275
39.034
44.1986
49.8374
56.0334
62.8697
70.4182
78.74
87.8937
97.9377
108.933
120.92
133.954
148.094
163.42
179.988
197.864
217.114
237.823
260.091
284.01
309.675
337.185
366.638
398.133
431.768
467.633
505.813
546.382
589.399
634.905
682.92
733.44
786.431
841.833
899.551
959.462
1021.41
1085.19
1150.61
1217.39
1285.26
1353.92
1423.04
1492.26
1561.22
1629.51
1696.74
1762.52
1826.45
1888.16
1947.25
2003.37
2056.14
2105.25
2150.37
2191.21
2227.53
2259.11
2285.76
2307.35
2323.81
2335.07
2340.63
2341.38
2337.1
2327.86
2313.82
2295.13
2272.02
2244.75
2213.63
2178.95
2141.06
2100.29
2056.98
2011.5
1964.17
1915.36
1865.4
1814.62
1763.35
1711.9
1660.6
1609.81
1559.97
1511.54
1464.7
1420.56
1379.57
1337.9
13.8432
13.2791
14.9391
16.2753
18.141
20.541
23.472
26.8678
30.6692
34.8475
39.407
44.3924
49.8794
55.9584
62.6862
70.1222
78.3288
87.3677
97.302
108.194
120.114
133.134
147.328
162.771
179.553
197.769
217.547
238.954
262.121
287.17
314.222
343.399
374.828
408.635
444.943
483.868
525.519
569.99
617.355
667.669
720.956
777.212
836.398
898.438
963.217
1030.58
1100.34
1172.26
1246.07
1321.47
1398.12
1475.65
1553.67
1631.75
1709.45
1786.32
1861.9
1935.74
2007.38
2076.38
2142.32
2204.77
2263.34
2317.64
2367.34
2412.11
2451.69
2485.83
2514.34
2537.08
2553.99
2564.93
2569.68
2568.92
2562.38
2550.3
2532.87
2510.26
2482.74
2450.63
2414.26
2373.99
2330.21
2283.3
2233.64
2181.65
2127.7
2072.2
2015.52
1958.04
1900.1
1842.07
1784.29
1727.14
1671.03
1616.47
1563.72
1513.91
1467.44
1420.28
13.758
14.4318
16.193
17.3947
19.1367
21.3998
24.1643
27.3687
30.9628
34.9385
39.3356
44.1903
49.5466
55.465
62.0082
69.2487
77.2581
86.1075
95.8711
106.628
118.465
131.474
145.75
161.39
178.506
197.214
217.618
239.859
264.119
290.548
319.294
350.508
384.347
420.967
460.52
503.148
548.982
598.134
650.693
706.72
766.24
829.238
895.66
965.405
1038.33
1114.23
1192.88
1273.98
1357.21
1442.21
1528.56
1615.83
1703.54
1791.2
1878.31
1964.33
2048.74
2131.02
2210.67
2287.2
2360.11
2428.93
2493.24
2552.63
2606.71
2655.15
2697.65
2733.96
2763.9
2787.3
2804.12
2814.21
2817.61
2814.7
2805.27
2789.71
2768.25
2741.06
2708.49
2670.88
2628.63
2582.14
2531.85
2478.18
2421.58
2362.49
2301.36
2238.61
2174.68
2109.97
2044.88
1979.79
1915.07
1851.13
1788.37
1727.33
1668.31
1612.5
1560.17
1507.27
15.0793
15.1567
16.6914
17.9716
19.6772
21.828
24.4301
27.4507
30.8819
34.711
38.9384
43.5911
48.7382
54.4414
60.7775
67.8169
75.6322
84.3044
93.9218
104.581
116.386
129.45
143.891
159.838
177.422
196.798
218.067
241.431
267.105
295.321
326.243
360.056
396.949
437.108
480.714
527.932
578.912
633.779
692.627
755.512
822.445
893.392
968.264
1046.92
1129.17
1214.75
1303.38
1394.69
1488.29
1583.73
1680.54
1778.19
1876.14
1973.82
2070.65
2166.04
2259.39
2350.12
2437.68
2521.52
2601.1
2675.92
2745.52
2809.44
2867.31
2918.76
2963.49
3001.25
3031.84
3055.13
3071.04
3079.54
3080.74
3074.93
3061.8
3042.01
3015.77
2983.29
2944.96
2901.2
2852.43
2799.11
2741.72
2680.74
2616.67
2550
2481.21
2410.78
2339.18
2266.85
2194.23
2121.72
2049.74
1978.69
1908.99
1841.22
1775.67
1713.62
1655.15
1596.4
15.5795
15.2707
16.6787
18.1126
19.8005
21.8684
24.3561
27.2471
30.5067
34.1274
38.1416
42.6026
47.5589
53.0725
59.2172
66.0715
73.7213
82.2619
91.7996
102.453
114.352
127.63
142.441
158.954
177.305
197.597
220.118
245.138
272.862
303.557
337.455
374.769
415.724
460.536
509.406
562.515
620.018
682.04
748.659
819.907
895.762
976.141
1060.9
1149.84
1242.7
1339.14
1438.8
1541.23
1645.97
1752.48
1860.2
1968.54
2076.88
2184.58
2290.99
2395.44
2497.31
2595.95
2690.76
2781.15
2866.56
2946.45
3020.33
3087.75
3148.32
3201.66
3247.48
3285.54
3315.66
3337.7
3351.63
3357.45
3355.49
3345.72
3327.91
3303.02
3271.16
3232.6
3187.79
3137.2
3081.29
3020.57
2955.56
2886.8
2814.83
2740.17
2663.37
2584.93
2505.37
2425.16
2344.77
2264.64
2185.19
2106.86
2030.07
1955.44
1883.21
1814.79
1750.01
1685.38
15.6354
15.149
16.4633
17.9569
19.664
21.6644
24.0233
26.7358
29.8068
33.2541
37.1002
41.3907
46.1807
51.5374
57.5406
64.2827
71.8682
80.4107
90.0403
100.911
113.188
127.025
142.573
159.962
179.487
201.444
226.097
253.725
284.592
318.988
357.216
399.527
446.176
497.405
553.413
614.371
680.414
751.63
828.053
909.655
996.342
1087.95
1184.26
1284.97
1389.72
1498.1
1609.64
1723.82
1840.07
1957.8
2076.36
2195.09
2313.31
2430.33
2545.43
2657.92
2767.12
2872.37
2973.02
3068.46
3158.13
3241.47
3317.98
3387.23
3448.81
3502.37
3547.63
3584.38
3612.45
3631.75
3642.26
3644.08
3637.8
3622.62
3599.13
3568.14
3529.73
3484.27
3432.24
3374.15
3310.51
3241.89
3168.83
3091.91
3011.72
2928.82
2843.78
2757.17
2669.51
2581.31
2493.08
2405.26
2318.31
2232.67
2148.78
2067.27
1988.35
1913.55
1842.41
1772.04
15.5658
14.879
16.1352
17.6117
19.2638
21.1845
23.4172
25.9965
28.9306
32.2392
35.9551
40.1299
44.8278
50.1269
56.1227
62.9336
70.7022
79.5581
89.6562
101.135
114.158
129.003
145.935
165.251
187.235
212.231
240.565
272.562
308.537
348.789
393.697
443.531
498.568
559.053
625.127
696.891
774.402
857.657
946.587
1041.05
1140.84
1245.66
1355.18
1468.98
1586.61
1707.54
1831.21
1957.03
2084.36
2212.54
2340.89
2468.69
2595.23
2719.78
2841.62
2960.04
3074.33
3183.84
3287.92
3385.96
3477.41
3561.71
3638.39
3707.03
3767.24
3818.72
3861.19
3894.5
3918.51
3933.16
3938.47
3934.97
3922.47
3900.53
3870.19
3831.99
3786.07
3732.86
3672.89
3606.69
3534.84
3457.9
3376.48
3291.17
3202.59
3111.36
3018.05
2923.27
2827.56
2731.47
2635.49
2540.12
2445.81
2353.02
2262.17
2173.95
2088.47
2007.43
1930.01
1854.15
15.4869
14.6243
15.7367
17.138
18.7077
20.5325
22.6684
25.1481
27.9928
31.2319
34.9131
39.1145
43.9229
49.4325
55.7611
63.0255
71.3381
80.9491
92.0941
105.043
120.098
137.568
157.813
181.231
208.209
239.158
274.47
314.522
359.652
410.146
466.252
528.287
596.538
671.259
752.319
839.633
933.077
1032.47
1137.56
1248.02
1363.48
1483.51
1607.62
1735.29
1865.96
1999.04
2133.92
2269.95
2406.48
2542.84
2678.33
2812.25
2943.9
3072.57
3197.57
3318.2
3433.8
3543.74
3647.39
3744.21
3833.64
3915.18
3988.39
4052.89
4108.33
4154.47
4191.04
4217.99
4235.19
4242.62
4240.6
4229.56
4208.43
4178.17
4139.38
4092.57
4037.9
3975.88
3907.06
3832.02
3751.33
3665.6
3575.44
3481.48
3384.35
3284.68
3183.1
3080.19
2976.53
2872.68
2769.14
2666.42
2564.96
2465.25
2367.68
2272.97
2181.15
2094.07
2010.52
1929.51
15.2929
14.2976
15.2957
16.6251
18.132
19.9086
22.019
24.5134
27.4354
30.8299
34.7602
39.2828
44.5094
50.62
57.8056
66.2996
76.3949
88.3929
102.659
119.624
139.76
163.535
191.447
224.022
261.748
305.07
354.378
410.004
472.159
540.993
616.564
698.952
788.267
884.223
986.446
1094.58
1208.23
1326.98
1450.36
1577.88
1709.03
1843.27
1980.05
2118.84
2259.06
2400.16
2541.54
2682.64
2822.86
2961.59
3098.22
3232.13
3362.69
3489.27
3611.26
3728.04
3839.01
3943.6
4041.26
4131.49
4213.79
4287.71
4352.83
4408.91
4455.54
4492.63
4519.83
4537.3
4544.86
4542.71
4531.46
4509.92
4479.04
4439.05
4390.65
4334.31
4270.22
4198.91
4120.97
4036.97
3947.49
3853.14
3754.55
3652.33
3547.15
3439.62
3330.37
3220.01
3109.1
2998.21
2887.86
2778.51
2670.63
2564.7
2461.09
2360.53
2262.96
2170.42
2081.21
1995.68
15.0603
14.2314
14.9622
16.2409
17.7816
19.6442
21.9021
24.5989
27.7842
31.5769
36.1001
41.5333
48.1148
56.1221
65.9106
77.9276
92.7199
110.85
132.938
159.711
191.916
230.185
275.083
327.122
386.688
453.94
528.942
611.639
701.714
798.913
902.852
1013.31
1129.63
1250.78
1376.31
1505.7
1638.39
1773.86
1911.6
2051.09
2191.85
2333.44
2475.42
2617.36
2758.84
2899.44
3038.74
3176.31
3311.71
3444.46
3574.08
3700.08
3821.95
3939.17
4051.22
4157.56
4257.71
4351.12
4437.32
4515.9
4586.41
4648.41
4701.51
4745.62
4780.23
4805.48
4820.78
4826.69
4823.04
4810.13
4787.2
4755.03
4713.77
4663.68
4605.53
4539.76
4466.54
4386.43
4300.02
4207.84
4110.48
4008.53
3902.6
3793.31
3681.3
3567.17
3451.56
3335.04
3218.21
3101.58
2985.67
2870.96
2757.87
2646.87
2538.31
2432.94
2330.58
2233.49
2139.38
2050.21
14.9356
13.9578
14.8055
16.1779
17.8856
19.9663
22.5773
25.8286
29.8803
34.9763
41.3858
49.5297
60.0237
73.5196
90.8386
113.011
141.275
176.702
220.224
272.87
335.49
408.218
490.902
583.204
684.568
793.999
910.78
1033.85
1162.01
1294.94
1431.8
1570.82
1711.04
1852.13
1993.72
2135.43
2276.89
2417.79
2557.83
2696.75
2834.34
2970.42
3104.8
3237.34
3367.84
3496.12
3621.96
3745.12
3865.34
3982.29
4095.64
4205.02
4310.02
4410.22
4505.2
4594.48
4677.65
4754.22
4823.76
4885.95
4940.35
4986.49
5024.01
5053.12
5072.88
5083.98
5085.22
5078.5
5061.92
5036.21
5001.55
4958.2
4906.25
4846
4778.26
4703.41
4621.6
4533.4
4439.36
4339.99
4235.84
4127.46
4015.45
3900.4
3782.91
3663.58
3543.02
3421.79
3300.43
3179.48
3059.41
2940.68
2823.68
2708.87
2596.56
2487.5
2381.39
2280.72
2182.57
2090.66
14.6887
13.858
14.8679
16.542
18.7093
21.537
25.3271
30.3117
36.9481
46.1225
58.5846
75.6518
99.5702
132.313
176.048
233.15
306.047
395.345
500.307
620.268
753.938
898.15
1050.46
1208.31
1369.21
1531.12
1694.22
1856.54
2016.17
2171.86
2323.27
2470.68
2614.05
2753.54
2889.33
3021.54
3150.27
3275.63
3397.73
3516.68
3632.63
3745.71
3856.06
3963.77
4068.9
4171.44
4271.36
4368.57
4462.92
4554.21
4642.19
4726.57
4807.01
4883.16
4954.62
5020.93
5081.74
5136.59
5185.05
5226.95
5261.72
5288.81
5307.89
5319.7
5322.37
5317.72
5304.42
5282.44
5252.08
5213.51
5166.78
5112.16
5049.65
4979.58
4902.75
4819.49
4729.92
4634.43
4533.65
4428.11
4318.32
4204.77
4088.02
3968.62
3847.14
3724.14
3600.17
3475.78
3351.48
3227.74
3105.03
2983.75
2864.28
2747.02
2632.26
2520.73
2412
2308.77
2207.52
2113.76
15.1603
13.6218
15.1713
18.0933
21.716
26.7758
34.569
45.6558
61.9139
88.1018
127.187
184.611
270.229
387.416
537.334
718.144
926.883
1154.17
1391.27
1630.99
1867.42
2095.23
2315.01
2524.14
2718.95
2899.85
3066.76
3220.81
3363.87
3496.9
3620.87
3736.94
3846.06
3949.06
4046.62
4139.31
4227.59
4311.89
4392.62
4470.15
4544.86
4617.1
4687.16
4755.29
4821.64
4886.31
4949.32
5010.58
5070.02
5127.49
5182.72
5235.43
5285.27
5331.93
5375
5413.91
5448.44
5477.98
5502.22
5521.17
5533.92
5539.8
5538.62
5531.98
5517.12
5495.08
5465.81
5429.01
5384.49
5332.53
5273.43
5207.5
5134.59
5055.1
4969.8
4878.93
4782.73
4681.71
4576.08
4466.27
4352.71
4235.87
4116.25
3994.34
3870.69
3745.8
3620.19
3494.36
3368.79
3243.92
3120.18
2997.91
2877.48
2759.22
2643.42
2530.73
2420.7
2316.09
2212.94
2118.23
15.6592
12.705
15.6218
23.5659
32.7104
46.6029
74.0432
118.51
191.781
327.525
529.682
804.128
1166.21
1579.1
2016.7
2448.57
2858.02
3231.11
3571.63
3869.35
4122.11
4335.71
4515.09
4665.8
4792.51
4899.36
4988.93
5064.07
5127.63
5181.83
5228.43
5268.96
5304.64
5336.37
5364.84
5390.58
5414.03
5435.62
5455.76
5474.84
5493.27
5511.36
5529.39
5547.55
5565.94
5584.65
5603.54
5622.45
5641.34
5660
5678.1
5695.27
5711.11
5725.23
5737.22
5746.33
5752.6
5755.1
5753.74
5748.83
5738.6
5722.82
5700.87
5673.64
5640.15
5600.56
5554.95
5503.07
5445.89
5382.6
5313.3
5238.2
5157.05
5070.29
4978.6
4882.18
4781.13
4675.83
4566.65
4453.93
4338.05
4219.43
4098.5
3975.7
3851.51
3726.39
3600.81
3475.22
3350.05
3225.68
3102.51
2980.82
2860.95
2743.15
2627.71
2515.16
2405.08
2300.15
2196.21
2101.31
15.9741
8.79225
14.5573
50.1375
93.5892
174.134
373.364
720.299
1232.55
2018.31
2895.74
3782.46
4637.94
5366.74
5979.8
6452.56
6794.35
7037.66
7201.24
7305.13
7363.1
7384.75
7379.04
7355.88
7313.62
7261.45
7201.61
7137.17
7070.39
7002.94
6936.02
6870.43
6806.73
6745.15
6685.75
6628.54
6573.59
6520.99
6470.9
6423.49
6378.93
6337.33
6298.73
6263.16
6230.52
6200.77
6173.47
6148.39
6125.56
6104.47
6084.69
6065.77
6047.26
6028.72
6009.65
5989.04
5966.59
5941.84
5914.49
5884.6
5851.19
5814.27
5773.81
5729.26
5680.01
5625.91
5566.98
5503.01
5434.13
5360.32
5281.71
5198.44
5110.17
5017.37
4920.63
4820.1
4715.84
4608.16
4497.33
4383.64
4267.41
4148.96
4028.68
3906.95
3784.18
3660.78
3537.16
3413.7
3290.8
3168.77
3047.96
2928.58
2810.96
2695.22
2581.7
2470.73
2362.04
2258
2154.63
2060.3
15.516
122.743
368.028
325.06
800.359
1743.15
3439.62
5449.49
7361.71
9220.95
10598.4
11511.5
12015.1
12232.1
12234.3
12161.7
11987.3
11757.4
11497.2
11218.4
10932
10645.1
10362.7
10088.9
9824.02
9570.04
9327.45
9097.93
8881.6
8678.25
8487.4
8308.32
8140.19
7982.03
7832.95
7692.18
7559.2
7433.62
7315.17
7203.69
7098.96
7000.78
6908.88
6823
6742.84
6667.97
6597.65
6531.81
6469.72
6411.07
6355.46
6302.41
6251.41
6201.98
6153.43
6106.56
6059.86
6012.53
5964.03
5914.12
5862.18
5807.69
5750.28
5689.86
5626.13
5558.84
5487.97
5413.34
5335.05
5252.99
5167.31
5078.14
4985
4888.41
4788.87
4686.46
4581.23
4473.4
4363.14
4250.7
4136.29
4020.21
3902.75
3784.24
3665.02
3545.44
3425.85
3306.56
3187.92
3070.16
2953.61
2838.36
2724.78
2612.78
2502.86
2394.96
2289.24
2187.29
2086.07
1992.95
16.2286
689.909
1938.76
5051.4
9463.78
14490.7
19285
22074.5
23100.3
23060.3
22587.6
21680.8
20670.3
19650.1
18653.2
17724
16852.8
16041.9
15288.7
14589
13940.9
13341.6
12787.8
12275.4
11801.4
11363.2
10957.5
10583.7
10238.7
9920.09
9625.26
9351.71
9097.15
8859.39
8636.6
8427.33
8230.55
8045.4
7871.26
7707.52
7553.71
7409.32
7273.83
7146.72
7027.46
6915.5
6811.1
6713.18
6620.89
6533.65
6450.92
6372.17
6296.84
6224.38
6154.19
6085.62
6018.28
5951.58
5884.95
5817.99
5750.21
5681.14
5610.38
5537.7
5462.92
5385.75
5306.19
5224.01
5139.34
5052.01
4962.18
4869.93
4774.71
4677.08
4577.42
4475.78
4372.17
4266.72
4159.55
4050.81
3940.68
3829.36
3717.09
3604.14
3490.78
3377.27
3263.92
3150.96
3038.69
2927.25
2816.95
2707.75
2600.07
2493.58
2389.01
2285.74
2184.67
2086.04
1988.75
1897.4
203.613
13491
26972.1
38936.6
44753.4
45122.8
43821.6
40295
36496.4
33143
30260.9
27739.9
25569.9
23691.3
22056
20624.6
19356.8
18220.8
17193.3
16260.5
15412
14640.5
13938.7
13298.6
12713.7
12179.8
11691.5
11245.5
10836.4
10460.1
10112.9
9791.04
9491.74
9212.02
8949.68
8703.05
8470.98
8252.51
8046.9
7853.47
7671.57
7500.6
7339.86
7188.72
7046.56
6912.67
6786.32
6667.05
6554.23
6447.23
6345.5
6248.5
6155.7
6066.54
5980.48
5896.93
5815.39
5735.35
5656.31
5577.8
5499.41
5420.7
5341.32
5260.98
5179.53
5096.68
5012.46
4926.59
4839.27
4750.24
4659.72
4567.73
4473.69
4378.18
4281.48
4183.61
4084.53
3984.29
3882.96
3780.63
3677.41
3573.46
3468.93
3364.04
3258.97
3153.93
3049.15
2944.78
2841.09
2738.09
2636.12
2534.95
2435.12
2335.94
2238.56
2141.52
2046.91
1952.82
1861.43
1772.29
1378.26
5132.41
11202.5
16451.2
20365.4
22634.7
24014.1
24406.5
24200
23888.6
23201.8
22361.6
21449.2
20501.1
19543.9
18607.6
17701
16818.8
15974.1
15182.4
14448.9
13775.7
13160.6
12597.1
12079.9
11606.4
11172.7
10773.5
10403.3
10058.5
9736.51
9434.31
9150.2
8880.84
8624.72
8381.04
8149.46
7929.62
7721.26
7523.94
7337.19
7160.6
6993.37
6835.09
6685.12
6542.84
6407.59
6278.86
6156.17
6039.02
5926.98
5819.64
5716.59
5617.34
5521.48
5428.53
5338.05
5249.59
5162.77
5077.16
4992.42
4908.17
4824.16
4740.08
4655.85
4571.16
4486.15
4400.45
4314.42
4227.64
4140.54
4052.92
3964.33
3875.36
3786.08
3696.68
3606.86
3516.65
3426.11
3335.23
3244.08
3152.73
3061.26
2969.77
2878.39
2787.2
2696.36
2605.9
2516.04
2426.64
2338.07
2249.8
2162.62
2075.26
1989.6
1902.72
1818.92
1732.28
1651.4
1565.46
157.884
217.266
501.858
743.062
1132.23
1556.44
2028.17
2505.45
2985.69
3471.27
3959.84
4430.97
4895.33
5332.43
5742.58
6116.16
6442.42
6738.05
7000.74
7227.54
7409.76
7550.35
7646.07
7702.41
7715.95
7696.69
7658.74
7588.01
7497.56
7393.4
7279.62
7157.24
7028.36
6889.43
6745.94
6601.38
6458.24
6317.75
6180.88
6047.75
5918.57
5793.36
5671.28
5553.24
5438.62
5327.08
5218.54
5112.96
5010.31
4910.47
4813.51
4719.4
4627.96
4538.98
4452.35
4367.87
4285.3
4204.42
4125.04
4046.87
3969.71
3893.3
3817.53
3742.15
3667.25
3592.53
3518.31
3444.15
3370.66
3297.22
3224.61
3152.23
3079.89
3008.16
2937.05
2866.62
2796.47
2726.82
2657.45
2588.38
2519.63
2451.16
2382.92
2314.95
2247.24
2179.74
2112.5
2045.42
1978.68
1911.89
1845.58
1778.7
1712.55
1644.92
1578.99
1509.38
1444.28
1370.68
1309.13
1228.63
45.547
47.1774
59.705
66.8757
86.4173
99.6361
128.449
147.816
189.138
213.352
268.38
300.589
367.145
412.25
484.474
554.8
639.953
736.323
840.872
956.976
1080.32
1213.26
1351.84
1496.59
1643.73
1791.88
1939.51
2083.69
2224.36
2357.93
2481.34
2595.68
2699.44
2797.61
2887.71
2967.29
3035.47
3091.16
3134.83
3166.08
3186.61
3195.81
3195.04
3187.94
3173.22
3151.06
3123.53
3091.45
3055.66
3016.63
2975.9
2933.17
2888.65
2842.86
2796.39
2749.35
2701.89
2654.16
2606.08
2557.69
2509.09
2460.33
2411.62
2362.89
2314.5
2266.25
2218.68
2171.35
2125.09
2079.21
2034.5
1990.56
1947.17
1904.66
1863.15
1821.95
1781.41
1741.91
1703.17
1665.09
1627.48
1590.25
1553.34
1516.58
1479.74
1442.82
1405.66
1368.15
1330.38
1291.85
1253.11
1212.73
1172.58
1129.66
1088.18
1040.83
998.756
943.587
905.41
834.313
23.338
23.5134
24.3801
24.8624
26.1323
27.0906
28.853
30.6434
33.0028
35.3302
38.2969
41.1991
44.8565
48.2795
53.2061
57.0505
64.1692
68.495
78.3217
83.7543
97.027
104.052
121.984
130.537
152.86
163.532
186.155
203.332
230.581
261.023
290.175
320.967
356.631
395.161
436.256
479.255
523.618
568.521
613.208
656.942
698.838
738.524
775.025
808.473
838.039
864.157
886.023
904.761
918.616
931.334
938.325
944.454
945.078
944.185
941.209
936.223
929.495
921.301
912.001
901.73
890.811
879.205
867.349
854.962
842.814
830.264
818.02
805.904
794.29
782.75
771.861
761.491
751.618
742.42
733.425
726.004
719.789
714.634
710.109
706.079
702.142
698.293
694.184
690.075
684.986
679.626
673.059
665.676
657.303
647.673
636.622
623.88
610.416
593.693
577.226
554.876
535.64
505.111
486.19
434.672
16.7644
16.8105
16.8913
16.9533
17.0603
17.1735
17.3375
17.5312
17.7695
18.0368
18.3523
18.6946
19.0884
19.5014
19.9804
20.4648
21.0404
21.6102
22.3003
22.9782
23.8188
24.6169
25.7493
26.6046
28.0504
29.062
30.7444
32.0861
34.2454
36.2318
39.7634
41.1521
45.3941
46.718
51.1895
53.4446
58.5424
61.9054
67.9448
72.2225
79.4717
83.9499
92.261
96.328
104.666
108.691
116.62
120.759
128.656
131.647
138.089
140.496
145.474
147.293
150.589
152.145
153.432
154.45
155.192
155.762
156.08
156.323
156.434
156.462
156.508
156.48
156.088
156.253
156.264
156.315
156.373
156.707
157.24
158.102
159.248
160.732
162.503
164.613
166.9
169.499
172.254
175.047
178.947
181.021
185.69
187.12
191.018
192.041
194.072
195.301
195.102
194.761
193.896
191.626
189.022
183.73
178.966
170.036
160.936
145.154
14.5852
14.5785
14.57
14.5611
14.552
14.5457
14.5402
14.5413
14.5468
14.5559
14.5736
14.5892
14.626
14.6526
14.6954
14.7378
14.7916
14.851
14.9176
14.9893
15.0698
15.1538
15.2516
15.3496
15.4677
15.5862
15.7279
15.8786
16.0653
16.2409
16.5304
16.6548
16.9577
17.1206
17.4374
17.6926
18.0901
18.3983
18.9128
19.2471
19.8996
20.219
20.9762
21.2521
22.0027
22.2722
22.9894
23.2586
23.9291
24.1691
24.7406
24.9864
25.3037
25.5352
25.7468
25.9259
26.0623
26.1722
26.2435
26.2929
26.3093
26.3213
26.308
26.3273
26.2997
26.3203
26.2627
26.2628
26.2621
26.3
26.3409
26.4244
26.5412
26.7204
26.9786
27.292
27.6846
28.1313
28.658
29.2379
29.8907
30.5559
31.3423
32.2347
32.837
34.3116
34.8459
36.1952
36.9512
37.4208
38.5739
38.8787
39.6061
39.8224
39.859
39.4634
39.1499
37.9316
36.1376
31.9907
13.9245
13.8909
13.8566
13.8218
13.7864
13.7507
13.7146
13.6784
13.6422
13.6062
13.5705
13.5351
13.5007
13.4668
13.4338
13.4015
13.3701
13.3397
13.3101
13.2814
13.2536
13.2266
13.2004
13.175
13.1507
13.1275
13.1058
13.0856
13.0673
13.0497
13.0351
13.0182
13.0054
12.9918
12.9825
12.9756
12.9706
12.9691
12.972
12.9746
12.9828
12.9882
12.9997
13.0057
13.016
13.0196
13.0254
13.0256
13.0232
13.0139
13.0024
12.9869
12.966
12.9394
12.9052
12.8656
12.8184
12.7666
12.7078
12.6454
12.5783
12.5107
12.438
12.3676
12.2923
12.2211
12.146
12.0756
12.0035
11.9372
11.8701
11.8106
11.7531
11.7063
11.6669
11.6347
11.6125
11.5942
11.5925
11.5833
11.5906
11.6068
11.6348
11.6722
11.7135
11.7777
11.8375
11.9133
11.987
12.0534
12.1286
12.1889
12.246
12.2857
12.3006
12.2828
12.283
12.1443
12.0396
11.5054
13.7668
13.7225
13.678
13.633
13.5877
13.542
13.4959
13.4495
13.4026
13.3555
13.308
13.2602
13.2121
13.1638
13.1152
13.0665
13.0175
12.9684
12.919
12.8696
12.8199
12.7701
12.7201
12.67
12.6196
12.5692
12.5186
12.468
12.4171
12.3663
12.3151
12.264
12.2127
12.1614
12.1099
12.0586
12.0071
11.9557
11.904
11.8526
11.8007
11.749
11.6967
11.6445
11.5915
11.5385
11.4844
11.4305
11.375
11.3195
11.2625
11.2058
11.1475
11.0894
11.0294
10.9694
10.9074
10.8457
10.7821
10.7191
10.6546
10.5913
10.5263
10.4632
10.3982
10.3358
10.2712
10.2099
10.1462
10.0866
10.0244
9.96678
9.90657
9.85128
9.79353
9.74082
9.68561
9.63571
9.58325
9.53708
9.48799
9.44632
9.4013
9.36361
9.32286
9.29002
9.2542
9.22701
9.19784
9.17575
9.15579
9.14024
9.12993
9.12422
9.12666
9.14063
9.15315
9.21336
9.23536
9.34577
13.7395
13.6924
13.6449
13.597
13.5487
13.5
13.451
13.4015
13.3517
13.3014
13.2508
13.1998
13.1484
13.0966
13.0445
12.992
12.9391
12.8859
12.8322
12.7783
12.724
12.6693
12.6142
12.5589
12.5032
12.4472
12.3907
12.3341
12.2769
12.2197
12.1619
12.104
12.0456
11.9871
11.928
11.8689
11.8092
11.7496
11.6892
11.629
11.568
11.5072
11.4456
11.3844
11.3222
11.2604
11.1977
11.1356
11.0724
11.01
10.9465
10.884
10.8203
10.7579
10.6941
10.6319
10.5684
10.5066
10.4435
10.3824
10.32
10.2599
10.1983
10.1394
10.0788
10.0213
9.9616
9.90594
9.84774
9.79397
9.73694
9.68493
9.62909
9.5789
9.52446
9.47643
9.42372
9.37845
9.32815
9.28625
9.23759
9.19714
9.15052
9.11278
9.07049
9.03692
9.00021
8.97444
8.94553
8.92967
8.91451
8.90977
8.91178
8.93028
8.94917
9.01536
9.05926
9.22119
9.25018
9.89129
13.7352
13.6875
13.6394
13.5908
13.5419
13.4925
13.4427
13.3925
13.3418
13.2908
13.2394
13.1876
13.1353
13.0827
13.0296
12.9762
12.9223
12.8681
12.8135
12.7585
12.7031
12.6473
12.5911
12.5346
12.4776
12.4204
12.3626
12.3046
12.2461
12.1875
12.1282
12.0689
12.0088
11.9489
11.8881
11.8275
11.7661
11.7048
11.6427
11.5809
11.5181
11.4557
11.3923
11.3295
11.2655
11.2023
11.1379
11.0745
11.0098
10.9464
10.8816
10.8183
10.7536
10.6907
10.6264
10.5643
10.5006
10.4395
10.3768
10.3169
10.2553
10.1969
10.1366
10.08
10.0213
9.96652
9.90983
9.85706
9.80139
9.75043
9.69596
9.6472
9.59427
9.54816
9.4974
9.45454
9.40672
9.36824
9.32408
9.29224
9.25321
9.23169
9.20071
9.19159
9.17276
9.17371
9.17789
9.19772
9.21875
9.27805
9.31902
9.42852
9.49648
9.68044
9.79607
10.0962
10.302
10.8287
11.1366
13.3047
13.7344
13.6866
13.6383
13.5897
13.5406
13.4911
13.4412
13.3909
13.3401
13.289
13.2374
13.1854
13.133
13.0802
13.027
12.9734
12.9194
12.865
12.8101
12.7549
12.6992
12.6433
12.5868
12.53
12.4727
12.4152
12.3571
12.2989
12.24
12.1811
12.1214
12.0618
12.0013
11.941
11.8798
11.8189
11.7569
11.6954
11.6327
11.5706
11.5073
11.4447
11.3806
11.3176
11.253
11.1898
11.1248
11.0614
10.9961
10.9329
10.8676
10.8047
10.7398
10.6774
10.6131
10.5516
10.4881
10.4277
10.3652
10.3064
10.2451
10.1883
10.1287
10.0741
10.0166
9.9648
9.90995
9.86135
9.81023
9.76599
9.71938
9.681
9.63958
9.60944
9.57476
9.55404
9.52939
9.51912
9.50949
9.51254
9.51887
9.54407
9.56552
9.62464
9.66384
9.76851
9.83222
9.995
10.0929
10.335
10.4815
10.8405
11.0535
11.612
11.9374
12.8529
13.5154
14.8438
17.0737
22.9835
13.734
13.6862
13.6379
13.5893
13.5402
13.4907
13.4408
13.3905
13.3397
13.2886
13.237
13.1851
13.1326
13.0798
13.0265
12.973
12.9188
12.8644
12.8095
12.7543
12.6985
12.6425
12.5859
12.5291
12.4717
12.4142
12.3559
12.2977
12.2386
12.1797
12.1198
12.0602
11.9995
11.9393
11.8779
11.8169
11.7548
11.6933
11.6303
11.5683
11.5046
11.4421
11.3778
11.315
11.2502
11.1872
11.1219
11.059
10.9935
10.931
10.8656
10.8037
10.7388
10.6781
10.614
10.5549
10.4923
10.4356
10.3751
10.3214
10.2639
10.2143
10.1605
10.1164
10.0673
10.0302
9.98773
9.9589
9.92576
9.90616
9.8862
9.87686
9.87453
9.88316
9.89177
9.92892
9.95194
10.023
10.0673
10.1778
10.2503
10.4135
10.5204
10.7541
10.9046
11.2328
11.4441
11.9041
12.2055
12.8596
13.2739
14.2725
14.8475
16.4843
17.4294
20.1675
22.4544
26.6928
34.5634
53.8525
13.7336
13.6858
13.6375
13.5889
13.5398
13.4903
13.4403
13.39
13.3392
13.2881
13.2364
13.1845
13.132
13.0792
13.0259
12.9723
12.9182
12.8638
12.8088
12.7537
12.6978
12.6419
12.5852
12.5286
12.471
12.4137
12.3553
12.2973
12.2381
12.1795
12.1194
12.0603
11.9994
11.9398
11.8781
11.8181
11.7557
11.6953
11.6322
11.5716
11.508
11.4473
11.3833
11.3229
11.2588
11.199
11.1352
11.0764
11.0134
10.9565
10.8949
10.8407
10.7813
10.7313
10.675
10.6305
10.5791
10.5413
10.497
10.4674
10.4331
10.4131
10.3928
10.3831
10.3811
10.3927
10.4018
10.4413
10.4652
10.5397
10.5817
10.6993
10.7616
10.9335
11.0161
11.2613
11.3727
11.7007
11.8534
12.2796
12.4913
13.0461
13.3324
14.0675
14.4555
15.4486
15.9893
17.371
18.1556
20.1646
21.2948
24.4828
26.1554
31.6452
34.6606
44.1805
51.6957
67.4423
91.9187
147.744
13.7344
13.6867
13.6385
13.59
13.541
13.4916
13.4418
13.3916
13.341
13.29
13.2385
13.1869
13.1346
13.0821
13.029
12.9759
12.922
12.8683
12.8136
12.7592
12.7038
12.6489
12.5928
12.5375
12.4807
12.4251
12.3676
12.3119
12.2539
12.1982
12.1398
12.0844
12.0258
11.9709
11.9123
11.8584
11.8
11.7478
11.6899
11.6402
11.5833
11.537
11.4822
11.4402
11.3889
11.3525
11.3068
11.2773
11.24
11.2188
11.1935
11.1821
11.1734
11.178
11.1825
11.211
11.2294
11.2895
11.3235
11.4228
11.4756
11.6206
11.6963
11.8948
11.9974
12.2596
12.3939
12.7314
12.9036
13.3306
13.5493
14.0833
14.36
15.0252
15.3716
16.2081
16.6428
17.7016
18.2506
19.6153
20.3227
22.1164
23.0612
25.4776
26.7956
30.1613
32.0832
36.9647
39.8849
47.2968
51.8337
63.7001
70.9919
90.6279
103.264
135.341
159.958
209.12
265.002
376.276
13.737
13.6901
13.6427
13.5951
13.5472
13.4991
13.4507
13.4022
13.3533
13.3045
13.2553
13.2062
13.1568
13.1076
13.058
13.0089
12.9594
12.9106
12.8613
12.8132
12.7641
12.7171
12.6687
12.6231
12.5757
12.5321
12.4864
12.4454
12.4021
12.3644
12.3245
12.2911
12.2561
12.2282
12.1998
12.1789
12.1594
12.1476
12.1401
12.1426
12.1459
12.1696
12.1851
12.2377
12.2682
12.3568
12.4055
12.5383
12.6086
12.7941
12.8896
13.1368
13.2612
13.5792
13.7363
14.1343
14.3277
14.8171
15.0512
15.6437
15.9246
16.6351
16.9707
17.8203
18.2211
19.2397
19.72
20.9495
21.5297
23.0275
23.7361
25.5824
26.4614
28.77
29.8807
32.8223
34.2592
38.0805
40.0176
45.0557
47.8097
54.6004
58.6232
68.0011
74.0229
87.2226
96.4197
115.144
129.319
155.692
177.191
213.782
244.647
293.459
333.964
394.896
442.242
511.028
571.297
677.212
13.8045
13.7668
13.7286
13.692
13.655
13.6198
13.5843
13.5509
13.5173
13.4861
13.4548
13.4263
13.3979
13.3728
13.3481
13.3272
13.307
13.2917
13.2771
13.2686
13.2612
13.2618
13.2619
13.2744
13.2839
13.3116
13.3329
13.3785
13.4144
13.4813
13.5366
13.6302
13.7111
13.8386
13.9531
14.1242
14.2829
14.5099
14.7255
15.0235
15.3096
15.6951
16.0651
16.5545
17.0199
17.629
18.1981
18.9405
19.6181
20.5058
21.2946
22.3378
23.2396
24.45
25.4683
26.8611
28.0056
29.6019
30.8933
32.733
34.212
36.3614
38.0954
40.6527
42.7426
45.8452
48.4249
52.2573
55.5106
60.3161
64.4993
70.6075
76.0941
83.9511
91.2584
101.521
111.35
124.923
138.234
156.315
174.356
198.395
222.585
254.029
285.615
325.381
364.589
412.039
457.108
509.151
555.733
606.818
648.87
693.021
725.578
760.486
784.271
811.597
849.82
916.331
14.4223
14.4415
14.4573
14.4843
14.5071
14.5432
14.5745
14.6216
14.6632
14.7237
14.7781
14.8548
14.9255
15.0218
15.1141
15.2351
15.3555
15.5071
15.6625
15.8508
16.0475
16.2793
16.5246
16.8086
17.1103
17.4586
17.8238
18.2527
18.6812
19.2065
19.7424
20.4062
21.095
21.9481
22.8541
23.9639
25.1606
26.5997
28.1593
29.9934
31.9729
34.2487
36.6789
39.4168
42.2975
45.4915
48.7955
52.4233
56.1097
60.1487
64.1825
68.6287
73.0068
77.9053
82.6778
88.1435
93.4414
99.6631
105.804
113.184
120.635
129.718
139.061
150.496
162.414
176.848
192.044
210.205
229.497
252.234
276.549
304.828
335.157
369.888
406.995
448.711
492.811
541.31
591.558
645.306
699.203
754.974
807.811
860.928
907.406
952.134
987.181
1019.62
1040.76
1060.38
1069.42
1079.02
1080.51
1083.35
1082.22
1082.78
1082.19
1085.79
1096.54
1151.13
17.9698
18.1939
18.4046
18.6667
18.9098
19.221
19.5063
19.8809
20.2198
20.6747
21.0807
21.6346
22.1231
22.8231
23.4471
24.3157
25.0974
26.1499
27.0954
28.3207
29.4495
30.8603
32.2148
33.8145
35.4549
37.2427
39.2633
41.1605
43.3161
46.1429
49.3641
53.4922
58.2133
64.1471
70.8921
79.1457
88.3907
99.3583
111.384
125.194
139.969
156.412
173.573
192.147
211.116
231.205
251.423
272.563
293.746
315.865
338.168
361.734
385.857
411.836
438.912
468.736
500.137
535.664
573.869
617.197
663.781
715.901
771.256
832.172
895.322
963.258
1032.44
1105.34
1178.31
1253.11
1326.68
1399.95
1469.5
1536.25
1596.41
1651.37
1697.7
1736.77
1766.25
1787.17
1799.8
1802.26
1797.8
1792.44
1773.32
1759.65
1736.93
1715.51
1688.55
1665.27
1636.11
1611.87
1581.69
1557.63
1527.97
1506.38
1480.21
1464.14
1454.96
1511.8
33.1599
34.1738
35.2157
36.4873
37.7687
39.3601
40.9252
42.8912
44.7685
47.16
49.3705
52.2395
54.7966
58.1615
61.0257
64.9338
68.0988
72.6012
76.0746
81.248
85.0099
90.8975
94.8907
101.549
105.744
113.308
117.993
130.978
150.056
175.109
205.918
245.647
294.013
353.915
424.102
507.439
601.095
707.505
821.786
946.206
1074.03
1208.32
1341.08
1477.33
1608.34
1741.75
1868.31
1998.03
2121.51
2249.34
2372.95
2503.08
2629.83
2764.23
2896.03
3034.11
3170.47
3307.6
3435
3557.56
3664.64
3763
3843.29
3911.69
3964.58
4007.75
4036.32
4056.67
4062.42
4058.11
4050.49
4024.97
3998.06
3959.24
3912.62
3861.39
3803.61
3741.77
3674.89
3604.35
3530.22
3453.22
3372.99
3292.86
3209.99
3128.98
3045.51
2966.29
2884.51
2809.24
2731.02
2660.85
2586.86
2522.66
2454.08
2396.32
2338.16
2285.82
2259.65
2295.07
61.9128
61.9201
62.0255
62.0978
62.2691
62.4337
62.6904
62.9798
63.3465
63.7859
64.286
64.9213
65.5671
66.4418
67.2461
68.4084
69.3817
70.8779
72.0352
73.8976
75.262
77.5083
79.102
81.7529
83.5404
86.9173
87.5129
441.816
618.127
847.879
1128.14
1467.2
1862.5
2317.57
2822.43
3373.17
3951.06
4546.18
5134.28
5705.16
6234.4
6718.2
7135.68
7494.17
7776.09
8002.01
8153.21
8264.41
8310.31
8327.7
8315.71
8278.53
8223.49
8162.12
8094.73
8030.65
7968.97
7915.7
7865.39
7822.53
7779.11
7738.79
7693.35
7645.45
7589.98
7531.09
7463.96
7393.83
7315.93
7235.92
7150.35
7063.91
6971.64
6878.59
6781.83
6685.26
6585.67
6486.09
6383.28
6279.54
6171.7
6062.41
5947.67
5833.09
5712.42
5594.12
5468.33
5348.49
5220.19
5100.35
4970.1
4848.69
4713.2
4584.64
4438.22
4288.27
4129.03
3909.38
3739.29
3054.86
3159.89
3328.42
3464.86
3585.3
3698.6
3814.39
3931.72
4051.62
4175.75
4306.23
4444.39
4592.18
4755.75
4929.07
5130.91
5372.01
5578.24
6046.9
6230.16
7148.18
1469.25
1518.54
1560.21
1598.6
1634.32
1669.02
1702.83
1736.1
1769.18
1802.51
1836.94
1871.47
1910.75
1947.23
1995.62
2042.11
2095.48
2174.23
2250.16
2363.5
1204.95
1229.84
1252.16
1273.23
1292.5
1310.33
1326.89
1342.35
1356.83
1370.58
1384.19
1396.49
1411.18
1422.07
1440.49
1452.59
1475.47
1492.93
1537.63
1546.18
1147.24
1161.57
1175.23
1188.05
1199.4
1209.23
1217.7
1224.86
1230.76
1235.62
1239.86
1242.39
1246.33
1246.69
1252.29
1251.73
1260.48
1260.28
1283.98
1268.81
1155.43
1162.88
1170.94
1178.32
1184.37
1188.86
1192
1193.68
1193.95
1192.87
1190.76
1186.79
1183.7
1176.95
1174.81
1166.01
1166.55
1156.41
1167.78
1142.71
1195.25
1198.18
1201.29
1203.84
1205.16
1204.92
1203.4
1200.27
1195.65
1189.68
1182.64
1173.64
1165.25
1152.9
1145.18
1129.19
1124.32
1105.96
1109.3
1077.61
1253.38
1252.48
1250.99
1249
1245.85
1241.2
1235.17
1227.58
1218.46
1207.88
1196.17
1182.44
1169.17
1151.78
1139.41
1117.61
1108.41
1082.76
1080.11
1042.17
1323.23
1318.33
1312.43
1305.94
1298.34
1289.31
1278.85
1266.86
1253.36
1238.32
1222.11
1203.85
1185.97
1163.84
1146.97
1119.79
1106.77
1074.84
1067.37
1022.83
1400.58
1391.44
1381.06
1370
1357.88
1344.37
1329.46
1313.06
1295.18
1275.73
1255.11
1232.41
1210.08
1183.38
1162.18
1129.97
1113.38
1075.44
1063.94
1013
1482.37
1468.71
1453.72
1437.96
1421.18
1403.09
1383.65
1362.8
1340.51
1316.67
1291.68
1264.6
1237.93
1206.8
1181.42
1144.44
1124.46
1080.89
1065.7
1008.73
1566.09
1547.67
1527.88
1507.27
1485.7
1462.93
1438.89
1413.54
1386.82
1358.61
1329.3
1297.92
1267.03
1231.59
1202.18
1160.68
1137.43
1088.62
1070.1
1007.46
1649.51
1626.08
1601.33
1575.74
1549.27
1521.74
1493.07
1463.2
1432.07
1399.53
1365.98
1330.4
1295.43
1255.85
1222.6
1176.84
1150.39
1096.87
1075.28
1007.39
1730.46
1701.85
1672.01
1641.36
1609.95
1577.62
1544.31
1509.95
1474.47
1437.69
1400.03
1360.4
1321.54
1278.03
1241.17
1191.46
1161.91
1104.24
1079.85
1007.27
1806.82
1772.93
1737.93
1702.21
1665.85
1628.77
1590.88
1552.11
1512.41
1471.53
1429.95
1386.48
1343.99
1296.82
1256.63
1203.33
1170.9
1109.56
1082.66
1006.08
1876.42
1837.24
1797.12
1756.39
1715.19
1673.46
1631.12
1588.11
1544.37
1499.62
1454.38
1407.34
1361.54
1311.05
1267.88
1211.37
1176.26
1111.88
1082.92
1003.03
1937.04
1892.69
1847.58
1802.03
1756.17
1709.99
1663.44
1616.43
1568.92
1520.6
1472.03
1421.74
1372.93
1319.48
1273.69
1214.64
1177.38
1110.55
1079.85
997.434
1986.43
1937.15
1887.33
1837.23
1787.02
1736.72
1686.25
1635.45
1584.43
1532.84
1481.28
1428.31
1377.19
1321.47
1273.72
1212.58
1173.5
1104.83
1072.8
988.734
2022.26
1968.35
1914.05
1859.69
1805.42
1751.3
1697.33
1643.54
1589.81
1535.71
1481.91
1426.76
1373.73
1316.19
1266.92
1204.34
1163.92
1094.14
1061.21
976.449
2041
1983.19
1925.4
1867.78
1810.43
1753.43
1696.77
1640.37
1584.29
1528.09
1472.5
1415.74
1361.44
1302.74
1252.57
1189.27
1148.07
1077.99
1044.62
960.174
2042.53
1981.71
1920.94
1860.54
1800.59
1741.19
1682.38
1624.06
1566.35
1508.74
1452.07
1394.43
1339.57
1280.46
1230.08
1166.87
1125.49
1055.97
1022.65
939.577
2023.54
1960.59
1897.8
1835.55
1773.9
1712.99
1652.87
1593.47
1534.93
1476.75
1419.8
1362.09
1307.46
1248.78
1198.93
1136.69
1095.78
1027.75
994.99
914.392
1981.71
1917.84
1854.17
1791.19
1728.92
1667.52
1607.09
1547.58
1489.17
1431.33
1375.01
1318.13
1264.61
1207.26
1158.74
1098.4
1058.65
993.096
961.416
884.424
1915.05
1851.69
1788.5
1726.06
1664.41
1603.71
1544.12
1485.58
1428.36
1371.89
1317.21
1262.15
1210.65
1155.61
1109.26
1051.81
1013.9
951.883
921.795
849.553
1821.97
1760.73
1699.55
1639.1
1579.45
1520.78
1463.28
1406.95
1352.07
1298.11
1246.12
1193.94
1145.43
1093.71
1050.39
996.864
961.496
904.09
876.092
809.74
1701.4
1644.08
1586.58
1529.71
1473.58
1418.37
1364.34
1311.51
1260.23
1209.95
1161.76
1113.56
1069.04
1021.68
982.244
933.679
901.533
849.828
824.391
765.024
1503.73
1454.15
1403.95
1354.09
1304.76
1256.21
1208.74
1162.4
1117.61
1073.87
1032.25
990.798
952.88
912.706
879.553
838.929
811.96
769.19
747.821
699.007
1184.47
1149.5
1113.38
1076.96
1040.63
1004.71
969.465
935.04
901.814
869.5
838.984
808.795
781.556
752.896
729.614
701.221
682.345
652.888
637.759
604.323
813.198
796.364
777.896
758.423
738.617
718.674
698.654
678.902
659.677
641.122
623.704
606.808
591.892
576.527
564.409
549.656
539.932
524.976
516.6
500.355
436.977
437.208
436.434
433.78
431.28
427.309
422.344
417.291
412.077
407.536
403.303
400.047
397.455
395.546
394.339
393.013
392.378
391.496
390.401
391.015
149.397
156.802
162.98
168.776
173.445
178.388
182.97
188.442
193.515
199.847
205.707
213.223
219.772
228.324
234.999
244.328
250.936
261.758
268.079
281.574
34.6959
37.6603
40.466
43.8919
46.9952
50.8999
54.3184
59.0027
63.0692
69.0531
74.1454
82.0064
88.4792
98.8386
107.168
121.412
131.219
148.362
158.912
180.773
11.895
12.442
12.8443
13.5601
14.0689
15.0599
15.7267
17.1752
18.1449
20.3699
21.8469
25.3093
27.6929
33.3237
37.2111
46.3079
52.5069
65.847
76.1223
98.2097
9.34223
9.38723
9.40215
9.49679
9.53622
9.71384
9.79693
10.0956
10.2418
10.7013
10.9671
11.7222
12.2388
13.612
14.7031
17.387
19.8905
25.0594
31.5863
45.0416
9.81398
9.80391
9.78852
9.8111
9.81342
9.86651
9.88584
9.99413
10.0361
10.2307
10.3099
10.6322
10.7922
11.3168
11.6629
12.5724
13.4525
15.0842
18.201
24.424
13.1089
13.0525
13.0021
13.041
13.0656
13.2312
13.3329
13.6303
13.798
14.3089
14.5448
15.4056
15.7836
17.1901
17.8247
20.0882
21.3179
24.6398
27.3892
33.8005
22.8811
22.9267
22.832
22.9039
23.0369
23.6164
24.0367
25.3134
26.1058
28.4511
29.8242
33.7079
35.9354
42.0022
45.5301
54.2048
59.2011
70.7134
77.3834
92.8507
53.3791
53.6046
53.891
54.9378
56.1171
59.1453
62.4735
67.9206
73.7533
82.1677
90.8157
102.245
113.275
126.854
138.682
152.71
163.296
176.816
184.57
198.034
149.666
153.095
154.994
160.154
167.647
177.99
190.04
203.652
218.226
232.977
246.944
259.355
269.402
277.008
282.729
286.872
290.978
294.311
298.704
301.429
380.844
387.123
389.204
393.585
400.566
407.959
414.789
419.657
423.55
423.524
421.643
417.009
410.794
404.805
400.946
398.428
398.505
398.652
400.265
399.444
675.649
670.324
656.763
643.103
633.137
622.222
611.171
597.29
582.843
566.417
547.817
530.064
516.28
507.498
503.494
501.325
501.311
501.348
502.495
505.712
908.372
894.981
869.589
842.411
819.433
791.384
765.284
734.383
707.785
679.242
651.729
632.492
622.808
618.763
617.453
615.946
615.735
617.471
619.752
639.751
1142.12
1119.98
1084.6
1039.16
999.746
954.301
917.039
875.469
846.486
813.476
788.976
777.631
770.634
764.539
757.615
753.116
752.62
762.497
771.66
829.098
1507.37
1455.68
1392.03
1311.79
1254.33
1198.32
1161.62
1123.06
1105.03
1085.84
1056.33
1012.69
971.541
940.253
922.291
920.288
928.069
957.588
992.033
1113.02
2274.95
2168.57
2011.49
1909.72
1863.13
1827.85
1824.7
1824.25
1850.78
1891.83
1509.42
1253.77
1146.61
1105.35
1104.09
1122.51
1164.58
1236.91
1322
1531.52
3624.46
3906.53
4230.94
4455.04
4635.35
4781.33
4968.24
5123.21
5323.26
5508.94
1112.94
1032.16
1038.22
1079.49
1132.49
1195.68
1269.75
1356.52
1464.11
1629.26
)
;

boundaryField
{
    inlet
    {
        type            fixedValue;
        value           uniform 14.855;
    }
    outlet
    {
        type            zeroGradient;
    }
    upperWall
    {
        Cmu             0.09;
        kappa           0.41;
        E               9.8;
        type            epsilonWallFunction;
        value           nonuniform List<scalar> 
138
(
69.6885
68.8801
68.2093
67.5457
66.9705
66.3669
65.8467
65.3008
64.8459
64.3671
63.986
63.5737
63.2614
62.9161
62.6667
62.3826
62.1886
61.9589
61.9128
61.9201
62.0255
62.0978
62.2691
62.4337
62.6904
62.9798
63.3465
63.7859
64.286
64.9213
65.5671
66.4418
67.2461
68.4084
69.3817
70.8779
72.0352
73.8976
75.262
77.5083
79.102
81.7529
83.5404
86.9173
87.5129
441.816
618.127
847.879
1128.14
1467.2
1862.5
2317.57
2822.43
3373.17
3951.06
4546.18
5134.28
5705.16
6234.4
6718.2
7135.68
7494.17
7776.09
8002.01
8153.21
8264.41
8310.31
8327.7
8315.71
8278.53
8223.49
8162.12
8094.73
8030.65
7968.97
7915.7
7865.39
7822.53
7779.11
7738.79
7693.35
7645.45
7589.98
7531.09
7463.96
7393.83
7315.93
7235.92
7150.35
7063.91
6971.64
6878.59
6781.83
6685.26
6585.67
6486.09
6383.28
6279.54
6171.7
6062.41
5947.67
5833.09
5712.42
5594.12
5468.33
5348.49
5220.19
5100.35
4970.1
4848.69
4713.2
4584.64
4438.22
4288.27
4129.03
3909.38
3739.29
3054.86
3624.46
3906.53
4230.94
4455.04
4635.35
4781.33
4968.24
5123.21
5323.26
5508.94
1112.94
1032.16
1038.22
1079.49
1132.49
1195.68
1269.75
1356.52
1464.11
1629.26
)
;
    }
    lowerWall
    {
        Cmu             0.09;
        kappa           0.41;
        E               9.8;
        type            epsilonWallFunction;
        value           nonuniform List<scalar> 
163
(
154.295
152.027
150.085
147.739
145.966
143.684
142.303
140.443
139.566
138.428
138.03
137.659
137.753
138.109
138.593
139.438
140.017
142.852
2.24038
4.48907
6.94923
9.38819
11.7991
14.0607
15.9591
16.8491
13.8432
13.758
15.0793
15.5795
15.6354
15.5658
15.4869
15.2929
15.0603
14.9356
14.6887
15.1603
15.6592
15.9741
15.516
16.2286
203.613
2.24038
2.12784
2.87126
3.56693
4.26526
5.02478
5.74125
6.09851
5.25584
6.00701
29.0632
5.99662
36.7198
40.4145
36.4669
45.514
57.2416
72.2325
90.2144
111.249
135.143
161.955
191.615
224.143
259.557
297.926
339.338
383.912
431.788
483.12
538.069
596.799
659.465
726.218
797.188
872.489
952.207
1036.4
1125.1
1218.29
1315.92
1417.9
1524.09
1634.33
1748.38
1865.98
1986.8
2110.5
2236.62
2364.72
2494.23
2624.52
2754.83
2884.3
3011.97
3137.18
3260.84
3381.92
3499.77
3613.9
3723.65
3828.4
3927.54
4020.45
4106.61
4185.45
4256.54
4319.41
4373.77
4419.33
4456
4483.68
4502.3
4510.73
4507.7
4497.99
4482.59
4455.89
4421.09
4378.38
4328.32
4271.46
4208.35
4139.51
4065.63
3987.19
3904.97
3819.4
3731.35
3641.15
3549.76
3457.42
3365.39
3277.36
3230.77
3195.13
3162.94
3122.62
3091.39
2909.39
3159.89
3328.42
3464.86
3585.3
3698.6
3814.39
3931.72
4051.62
4175.75
4306.23
4444.39
4592.18
4755.75
4929.07
5130.91
5372.01
5578.24
6046.9
6230.16
7148.18
)
;
    }
    frontAndBack
    {
        type            empty;
    }
}


// ************************************************************************* //
