/*--------------------------------*- C++ -*----------------------------------*\
| =========                 |                                                 |
| \\      /  F ield         | OpenFOAM: The Open Source CFD Toolbox           |
|  \\    /   O peration     | Version:  5.x                                   |
|   \\  /    A nd           | Web:      www.OpenFOAM.org                      |
|    \\/     M anipulation  |                                                 |
\*---------------------------------------------------------------------------*/
FoamFile
{
    version     2.0;
    format      ascii;
    class       volScalarField;
    location    "151";
    object      k;
}
// * * * * * * * * * * * * * * * * * * * * * * * * * * * * * * * * * * * * * //

dimensions      [0 2 -2 0 0 0 0];

internalField   nonuniform List<scalar> 
5760
(
0.321065
0.223526
0.159632
0.119287
0.0935779
0.0770598
0.0661973
0.0587422
0.0533489
0.0492455
0.0459969
0.0433334
0.0411331
0.0392068
0.0376907
0.0361212
0.0352194
0.034118
0.35959
0.290492
0.232526
0.193404
0.167126
0.149
0.136011
0.126278
0.118673
0.112528
0.107438
0.103133
0.0994588
0.0962382
0.0935173
0.0909018
0.0890516
0.0861568
0.36229
0.315667
0.271078
0.235413
0.208467
0.188107
0.172494
0.160252
0.150417
0.142338
0.135576
0.129824
0.124878
0.120554
0.116799
0.113373
0.110525
0.107441
0.363245
0.328404
0.293102
0.262068
0.236536
0.215912
0.199247
0.185663
0.17445
0.165066
0.157112
0.150289
0.144379
0.139203
0.134657
0.130585
0.127029
0.123586
0.363697
0.335484
0.306533
0.279805
0.25651
0.236736
0.220086
0.206057
0.194176
0.184038
0.175318
0.167754
0.161146
0.155328
0.15018
0.145582
0.141495
0.137667
0.363901
0.339565
0.314992
0.291798
0.270858
0.252439
0.236427
0.222564
0.210552
0.200113
0.190997
0.182997
0.175938
0.169677
0.164098
0.159099
0.154613
0.150455
0.363977
0.341929
0.320339
0.299888
0.281085
0.264153
0.249087
0.235759
0.223991
0.213594
0.204388
0.196213
0.188928
0.182412
0.176564
0.171294
0.16653
0.162125
0.363997
0.343258
0.323648
0.305241
0.288221
0.272695
0.258665
0.246058
0.23476
0.224643
0.215575
0.207436
0.200115
0.193512
0.187542
0.182128
0.1772
0.172644
0.363995
0.343941
0.325538
0.308527
0.292853
0.278498
0.265423
0.25356
0.24282
0.233107
0.224319
0.216362
0.209147
0.202592
0.196625
0.191181
0.186197
0.181583
0.363989
0.344326
0.326736
0.310783
0.296229
0.282933
0.270794
0.25972
0.249624
0.240422
0.232031
0.224374
0.217379
0.210979
0.205115
0.199731
0.194774
0.190175
0.363983
0.344504
0.327388
0.312152
0.298458
0.286066
0.274801
0.264531
0.255147
0.246559
0.238687
0.23146
0.224816
0.218699
0.213058
0.207847
0.203024
0.198543
0.363979
0.344554
0.327614
0.312702
0.299458
0.287604
0.276922
0.267242
0.258428
0.250373
0.242986
0.236192
0.22993
0.224144
0.218787
0.213819
0.209201
0.204897
0.363978
0.344554
0.327634
0.312772
0.299613
0.287878
0.277342
0.267826
0.259188
0.25131
0.244097
0.237469
0.231361
0.225716
0.220487
0.215632
0.211117
0.206911
0.363979
0.344515
0.327472
0.312385
0.298908
0.286782
0.275809
0.265835
0.256736
0.24841
0.240771
0.233747
0.227275
0.221299
0.215771
0.210649
0.205898
0.201489
0.363985
0.344303
0.326722
0.310826
0.296372
0.283198
0.271183
0.260221
0.250217
0.24108
0.232728
0.225083
0.218076
0.211643
0.205729
0.200282
0.19526
0.190631
0.363997
0.343464
0.324282
0.306426
0.28997
0.274943
0.261308
0.24898
0.237852
0.227807
0.218733
0.210524
0.203084
0.196325
0.190172
0.184558
0.179426
0.17474
0.363993
0.340997
0.318284
0.296891
0.277388
0.259943
0.244479
0.230816
0.218746
0.208066
0.198589
0.190154
0.18262
0.175867
0.169793
0.164312
0.159349
0.154866
0.363975
0.335121
0.305944
0.279307
0.256148
0.23633
0.219422
0.204965
0.192546
0.181819
0.172499
0.164358
0.157205
0.150889
0.145282
0.140285
0.135802
0.131806
0.363793
0.321582
0.282338
0.249741
0.223422
0.20211
0.184701
0.170331
0.158346
0.148256
0.139691
0.132365
0.12605
0.120574
0.115788
0.111591
0.107862
0.104605
0.34667
0.287115
0.241833
0.206032
0.177466
0.154566
0.136131
0.121196
0.108997
0.0989475
0.0905949
0.0835975
0.0776843
0.0726579
0.0683391
0.0646288
0.0613785
0.0585724
1.76714e-05
9.88195e-05
0.000204636
0.000294335
0.000376607
0.000467019
0.00056891
0.000685988
0.000819982
0.000973714
0.00115421
0.00137211
0.00163831
0.00196501
0.00236161
0.00282947
0.00336761
0.00397235
0.00463707
0.00535334
0.00611361
0.00691131
0.00774051
0.00859586
0.00947243
0.0103654
0.0112701
0.0121815
0.0130945
0.0140033
0.014902
0.0157842
0.0166442
0.0174784
0.0182908
0.0190654
0.0197976
0.0204827
0.0211161
0.0216932
0.0222102
0.0226638
0.0230516
0.0233718
0.0236236
0.0238061
0.0239045
0.0239351
0.0239278
0.0238465
0.023703
0.0235023
0.0232485
0.022946
0.0225993
0.022213
0.0217916
0.0213396
0.0208614
0.0203611
0.0198431
0.0193114
0.0187684
0.0182177
0.0176625
0.0171058
0.0165501
0.0159978
0.0154507
0.0149107
0.0143794
0.0138581
0.013348
0.0128501
0.0123651
0.0118936
0.0114363
0.0109933
0.010565
0.0101515
0.00975295
0.00936935
0.00900071
0.00864668
0.00830709
0.00798169
0.00767018
0.00737214
0.00708715
0.00681471
0.00655441
0.00630567
0.0060682
0.00584024
0.00562459
0.00541202
0.00522274
0.00499859
0.00484916
0.00430978
9.49563e-05
0.000628102
0.00114173
0.00154185
0.00189983
0.00225886
0.00264955
0.0030794
0.0035474
0.00405382
0.00460583
0.00521449
0.00588796
0.00663216
0.00744842
0.00833193
0.00927724
0.0102784
0.0113297
0.0124263
0.0135635
0.0147376
0.0159444
0.0171801
0.0184405
0.0197212
0.0210172
0.0223233
0.0236336
0.0249414
0.0262394
0.027519
0.0287701
0.0299804
0.0311343
0.0322354
0.0332824
0.0342675
0.0351838
0.0360246
0.0367841
0.0374572
0.0380403
0.0385305
0.0389263
0.0392275
0.0394223
0.0395136
0.0395383
0.0394762
0.0393249
0.0390934
0.0387876
0.0384134
0.0379771
0.0374846
0.0369422
0.0363558
0.0357314
0.0350747
0.0343916
0.0336867
0.0329641
0.032228
0.0314828
0.0307324
0.02998
0.0292287
0.0284813
0.0277401
0.0270073
0.0262847
0.0255741
0.0248767
0.0241938
0.0235264
0.0228752
0.022241
0.0216242
0.0210252
0.0204443
0.0198817
0.0193373
0.0188114
0.0183041
0.0178152
0.0173446
0.0168918
0.0164565
0.0160383
0.0156367
0.0152515
0.0148824
0.0145281
0.0141907
0.0138575
0.0135547
0.0132166
0.0129947
0.0123697
0.000226125
0.00127865
0.00206538
0.00267505
0.00324259
0.00382405
0.00444342
0.00510525
0.00580635
0.00654498
0.00732461
0.00815259
0.00903718
0.00998386
0.0109956
0.0120741
0.0132176
0.014422
0.0156835
0.0169972
0.018358
0.0197604
0.0211991
0.0226687
0.024164
0.0256798
0.0272106
0.0287507
0.0302939
0.0318332
0.033361
0.0348686
0.0363469
0.0377862
0.0391778
0.0405141
0.0417863
0.0429848
0.0441006
0.0451253
0.0460513
0.0468723
0.0475835
0.0481812
0.0486635
0.0490299
0.0492727
0.0493883
0.0494152
0.0493371
0.0491525
0.0488701
0.0484971
0.0480407
0.0475084
0.0469076
0.0462458
0.0455301
0.0447678
0.0439657
0.0431304
0.0422679
0.0413835
0.0404822
0.0395689
0.0386481
0.0377237
0.0367995
0.0358785
0.0349637
0.0340574
0.0331619
0.032279
0.0314106
0.0305579
0.0297222
0.0289044
0.0281055
0.0273259
0.0265663
0.0258271
0.0251084
0.0244105
0.0237336
0.0230777
0.0224427
0.0218285
0.0212348
0.0206611
0.0201072
0.0195728
0.0190576
0.0185615
0.0180836
0.0176262
0.0171805
0.0167684
0.0163347
0.0160439
0.0154729
0.000399683
0.00196309
0.00296431
0.00372464
0.00442895
0.00514515
0.00589884
0.00669389
0.00752654
0.00839526
0.0093042
0.0102618
0.0112773
0.0123585
0.0135101
0.0147334
0.0160267
0.0173869
0.0188089
0.0202873
0.0218166
0.0233911
0.0250054
0.0266543
0.0283328
0.0300356
0.0317574
0.0334923
0.0352335
0.0369738
0.0387047
0.0404172
0.0421014
0.0437467
0.0453423
0.0468769
0.0483387
0.0497165
0.0509992
0.0521769
0.0532406
0.054183
0.0549981
0.0556818
0.0562317
0.0566474
0.0569227
0.0570532
0.0570763
0.0569768
0.0567564
0.0564236
0.0559865
0.0554537
0.0548336
0.0541349
0.0533661
0.0525357
0.0516519
0.0507224
0.0497548
0.048756
0.0477321
0.046689
0.0456322
0.0445667
0.043497
0.0424272
0.0413609
0.0403013
0.0392511
0.0382128
0.0371886
0.0361802
0.0351894
0.0342174
0.0332653
0.0323341
0.0314245
0.0305371
0.0296724
0.0288306
0.028012
0.0272167
0.0264447
0.025696
0.0249704
0.0242675
0.023587
0.0229286
0.0222921
0.0216773
0.021084
0.0205119
0.0199629
0.0194313
0.0189344
0.0184304
0.0180615
0.0175028
0.000603281
0.0026293
0.00382162
0.00470157
0.00550043
0.00629942
0.00713003
0.00799973
0.00890786
0.00985547
0.0108486
0.0118965
0.013009
0.0141933
0.0154535
0.0167903
0.0182018
0.0196841
0.0212329
0.0228433
0.02451
0.026228
0.0279924
0.0297984
0.031641
0.0335149
0.0354146
0.0373334
0.039264
0.0411979
0.0431256
0.0450364
0.0469189
0.0487604
0.0505477
0.0522671
0.0539051
0.0554484
0.0568845
0.058202
0.0593907
0.0604422
0.0613499
0.0621091
0.0627174
0.0631743
0.0634753
0.0636165
0.0636327
0.0635103
0.0632538
0.0628719
0.0623738
0.0617689
0.0610668
0.0602774
0.0594101
0.0584744
0.0574795
0.0564341
0.0553466
0.0542245
0.0530749
0.0519042
0.0507186
0.0495235
0.0483239
0.0471243
0.0459287
0.0447405
0.0435628
0.0423984
0.0412495
0.0401183
0.0390063
0.0379151
0.0368459
0.0357996
0.0347771
0.0337791
0.0328059
0.0318581
0.0309357
0.0300389
0.0291677
0.0283221
0.0275017
0.0267061
0.0259352
0.0251886
0.024466
0.0237674
0.0230927
0.0224419
0.0218164
0.0212131
0.0206453
0.0200837
0.0196439
0.0190568
0.000806471
0.00324389
0.00459695
0.00557181
0.00643632
0.00728492
0.00815727
0.00906733
0.0100196
0.0110185
0.0120713
0.0131871
0.0143746
0.0156397
0.0169856
0.0184125
0.0199186
0.021501
0.0231559
0.0248791
0.0266665
0.0285138
0.0304166
0.0323703
0.03437
0.03641
0.038484
0.0405845
0.042703
0.0448293
0.0469523
0.0490593
0.0511366
0.0531695
0.0551424
0.0570398
0.0588461
0.0605465
0.062127
0.0635749
0.0648791
0.0660303
0.0670216
0.067848
0.068507
0.0689983
0.0693191
0.0694675
0.0694736
0.069327
0.0690338
0.0686037
0.0680466
0.067373
0.0665935
0.0657189
0.0647596
0.0637262
0.0626284
0.061476
0.060278
0.0590426
0.0577777
0.0564902
0.0551866
0.0538731
0.0525549
0.0512371
0.0499237
0.0486187
0.0473253
0.0460465
0.0447847
0.0435421
0.0423207
0.0411218
0.0399469
0.0387971
0.0376731
0.0365757
0.0355053
0.0344625
0.0334474
0.0324601
0.0315006
0.0305688
0.0296642
0.0287865
0.0279355
0.0271109
0.0263125
0.0255403
0.0247942
0.0240744
0.0233822
0.0227164
0.0220869
0.0214745
0.0209708
0.0203532
0.000990237
0.00377355
0.00525744
0.00630743
0.00721905
0.00809841
0.00899358
0.00992579
0.0109051
0.0119389
0.0130352
0.0142024
0.0154477
0.016776
0.0181899
0.0196897
0.0212744
0.0229419
0.0246896
0.0265146
0.0284136
0.0303831
0.0324191
0.0345171
0.0366718
0.0388771
0.0411254
0.043408
0.0457146
0.0480332
0.0503505
0.0526515
0.0549203
0.0571397
0.0592921
0.0613599
0.063326
0.065174
0.0668885
0.068456
0.0698647
0.0711048
0.0721692
0.073053
0.0737538
0.0742713
0.0746052
0.0747567
0.0747487
0.0745764
0.074246
0.0737683
0.0731543
0.0724155
0.0715633
0.0706092
0.0695647
0.0684409
0.0672485
0.0659979
0.0646986
0.0633596
0.0619892
0.0605949
0.0591837
0.0577621
0.0563357
0.0549099
0.0534891
0.0520775
0.0506785
0.0492953
0.0479305
0.0465865
0.0452652
0.0439683
0.0426972
0.041453
0.0402367
0.039049
0.0378904
0.0367613
0.0356621
0.0345929
0.0335535
0.0325437
0.0315632
0.0306114
0.0296883
0.0287935
0.0279269
0.0270885
0.0262785
0.0254971
0.0247455
0.0240236
0.0233393
0.0226808
0.0221198
0.0214745
0.00114188
0.0041986
0.0057845
0.00689321
0.00784021
0.00874071
0.00964985
0.0105954
0.0115922
0.0126505
0.0137789
0.0149849
0.0162748
0.0176529
0.019122
0.0206828
0.0223353
0.0240788
0.025912
0.027833
0.0298396
0.0319287
0.0340968
0.0363391
0.0386497
0.0410215
0.0434456
0.0459113
0.0484062
0.0509162
0.0534254
0.0559163
0.0583704
0.0607683
0.0630904
0.0653173
0.0674303
0.0694117
0.0712455
0.0729175
0.0744155
0.0757298
0.0768533
0.0777814
0.0785123
0.0790462
0.0793848
0.079533
0.0795064
0.0793066
0.0789378
0.0784134
0.0777452
0.0769452
0.0760257
0.0749989
0.0738768
0.0726712
0.0713935
0.0700544
0.0686641
0.0672321
0.065767
0.0642769
0.0627691
0.0612504
0.0597268
0.0582039
0.0566864
0.0551786
0.0536844
0.0522069
0.050749
0.0493132
0.0479015
0.0465157
0.0451574
0.0438277
0.0425276
0.0412578
0.0400191
0.0388118
0.0376362
0.0364926
0.0353808
0.0343004
0.0332509
0.032232
0.0312435
0.0302852
0.029357
0.0284589
0.0275912
0.0267543
0.0259493
0.0251769
0.0244435
0.0237425
0.0231299
0.0224578
0.00125479
0.0045122
0.00617311
0.00732636
0.00830086
0.00921788
0.0101376
0.0110927
0.0121021
0.0131784
0.0143309
0.0155669
0.0168924
0.0183116
0.0198277
0.0214426
0.0231575
0.024973
0.0268892
0.0289054
0.0310201
0.0332307
0.0355335
0.0379233
0.0403932
0.0429345
0.0455364
0.048186
0.0508683
0.0535664
0.0562616
0.0589338
0.0615621
0.0641248
0.0666005
0.0689683
0.0712084
0.0733026
0.0752343
0.0769892
0.0785556
0.079924
0.0810879
0.0820435
0.0827895
0.0833271
0.0836601
0.0837952
0.0837458
0.0835166
0.083108
0.082538
0.0818188
0.0809627
0.0799826
0.0788911
0.0777006
0.0764234
0.0750712
0.0736552
0.0721859
0.0706732
0.0691259
0.0675525
0.0659606
0.0643573
0.0627487
0.0611407
0.0595383
0.0579459
0.0563676
0.0548068
0.0532664
0.051749
0.0502569
0.048792
0.0473557
0.0459495
0.0445744
0.0432311
0.0419204
0.0406428
0.0393985
0.0381878
0.0370107
0.0358667
0.0347551
0.0336756
0.0326281
0.0316125
0.0306288
0.029677
0.0287574
0.0278705
0.0270174
0.0261996
0.025422
0.024682
0.0240229
0.0233245
0.00132801
0.00471778
0.00642886
0.00761392
0.00860976
0.00954088
0.0104703
0.0114344
0.012455
0.0135466
0.014719
0.01598
0.017336
0.018792
0.0203522
0.0220199
0.0237974
0.0256868
0.0276895
0.0298059
0.0320347
0.0343736
0.0368183
0.0393624
0.0419976
0.0447127
0.0474946
0.0503273
0.0531929
0.0560713
0.0589409
0.0617791
0.0645625
0.0672677
0.069872
0.0723535
0.074692
0.0768693
0.0788693
0.0806782
0.0822851
0.0836814
0.0848618
0.0858234
0.0865661
0.0870922
0.0874069
0.0875179
0.0874418
0.0871789
0.0867299
0.0861163
0.0853503
0.0844445
0.0834119
0.0822653
0.0810174
0.0796806
0.0782668
0.0767874
0.0752531
0.0736738
0.0720587
0.0704164
0.0687547
0.0670808
0.0654012
0.0637218
0.0620477
0.0603837
0.0587339
0.0571018
0.0554906
0.053903
0.0523413
0.0508076
0.0493036
0.0478305
0.0463897
0.0449819
0.0436078
0.0422682
0.0409631
0.039693
0.0384578
0.0372573
0.0360903
0.0349569
0.0338568
0.0327902
0.0317569
0.0307571
0.0297911
0.0288597
0.0279638
0.0271052
0.0262881
0.0255124
0.0248117
0.0240881
0.00136334
0.00482531
0.0065637
0.00776902
0.00878085
0.00972482
0.0106655
0.0116404
0.0126731
0.0137796
0.0149712
0.0162569
0.017644
0.0191391
0.0207474
0.0224735
0.0243213
0.0262945
0.0283952
0.0306242
0.0329806
0.0354611
0.0380602
0.0407696
0.0435781
0.0464719
0.0494342
0.0524456
0.0554846
0.0585281
0.0615515
0.0645299
0.0674382
0.0702521
0.072948
0.0755044
0.0779016
0.0801222
0.0821513
0.0839766
0.0855887
0.0869806
0.0881481
0.0890901
0.0898077
0.0903044
0.0905867
0.0906625
0.0905552
0.0902533
0.0897643
0.0891102
0.088303
0.0873553
0.08628
0.0850898
0.0837974
0.082415
0.0809545
0.0794271
0.0778437
0.0762141
0.0745475
0.0728526
0.0711373
0.0694088
0.0676738
0.0659381
0.0642073
0.062486
0.0607785
0.0590886
0.0574195
0.0557741
0.0541548
0.0525639
0.051003
0.0494737
0.0479772
0.0465145
0.0450863
0.0436934
0.0423361
0.0410146
0.0397291
0.0384793
0.0372641
0.0360835
0.0349375
0.0338261
0.0327493
0.0317074
0.0307008
0.0297301
0.0287964
0.0279018
0.0270497
0.0262418
0.025504
0.0247568
0.00135995
0.00483959
0.00658812
0.00780583
0.00883126
0.00978903
0.0107433
0.0117323
0.0127808
0.0139062
0.0151218
0.0164385
0.0178654
0.0194102
0.0210796
0.02288
0.024817
0.0268949
0.0291162
0.0314814
0.0339884
0.0366321
0.0394043
0.0422934
0.0452846
0.0483596
0.0514975
0.0546752
0.0578675
0.0610483
0.0641909
0.0672689
0.0702567
0.0731299
0.075866
0.0784446
0.0808478
0.0830603
0.0850694
0.0868651
0.08844
0.0897891
0.09091
0.0918033
0.0924715
0.0929194
0.0931541
0.0931849
0.093041
0.0926953
0.0921678
0.0914775
0.0906363
0.0896563
0.0885499
0.0873295
0.0860073
0.0845952
0.0831048
0.081547
0.0799323
0.0782704
0.0765705
0.074841
0.0730899
0.0713245
0.0695512
0.0677762
0.0660048
0.064242
0.0624922
0.0607591
0.0590463
0.0573566
0.0556927
0.0540569
0.0524511
0.0508769
0.0493356
0.0478284
0.0463561
0.0449194
0.0435188
0.0421546
0.0408269
0.0395356
0.0382796
0.037059
0.0358739
0.0347243
0.0336104
0.0325325
0.0314909
0.0304864
0.0295202
0.0285943
0.0277117
0.0268752
0.0261048
0.0253361
0.00134013
0.00480649
0.00654799
0.00776677
0.00879773
0.00976432
0.0107308
0.011737
0.0128104
0.0139648
0.0152175
0.0165815
0.0180674
0.0196851
0.0214434
0.0233503
0.0254122
0.0276329
0.0300138
0.0325532
0.035246
0.0380834
0.0410526
0.0441367
0.0473157
0.0505662
0.053863
0.057179
0.0604862
0.0637567
0.0669631
0.0700793
0.0730809
0.0759454
0.0786528
0.0811855
0.0835287
0.0856704
0.0876009
0.0893131
0.0908028
0.0920664
0.0931038
0.0939173
0.0945112
0.0948905
0.0950623
0.0950422
0.0948532
0.0944612
0.0938986
0.0931785
0.0923122
0.0913112
0.0901871
0.0889517
0.0876163
0.0861922
0.0846902
0.083121
0.0814944
0.0798199
0.0781064
0.0763617
0.0745942
0.0728106
0.0710177
0.0692213
0.067427
0.0656397
0.0638638
0.0621034
0.060362
0.0586425
0.056948
0.0552808
0.0536428
0.0520359
0.0504615
0.0489208
0.0474149
0.0459445
0.0445102
0.0431124
0.0417512
0.0404266
0.0391376
0.0378846
0.0366676
0.0354868
0.0343423
0.0332346
0.032164
0.0311314
0.0301379
0.0291856
0.0282771
0.027416
0.0266174
0.0258297
0.00129749
0.00472158
0.00644467
0.00766024
0.0086974
0.00967798
0.0106659
0.0117009
0.0128104
0.0140134
0.0153284
0.0167706
0.018354
0.0200907
0.0219907
0.0240624
0.0263114
0.0287386
0.0313405
0.0341102
0.0370365
0.0401037
0.0432917
0.046577
0.0499332
0.0533323
0.0567453
0.0601431
0.063497
0.0667797
0.0699658
0.0730321
0.0759575
0.0787237
0.0813151
0.0837186
0.0859236
0.0879222
0.0897088
0.0912787
0.0926323
0.0937661
0.0946824
0.0953841
0.0958712
0.0961561
0.0962465
0.0961704
0.0959216
0.0954861
0.0948929
0.0941516
0.0932724
0.0922655
0.0911412
0.0899099
0.088582
0.0871677
0.0856769
0.0841192
0.082504
0.08084
0.0791356
0.0773982
0.0756345
0.0738528
0.0720596
0.0702608
0.0684619
0.0666679
0.0648833
0.0631121
0.0613581
0.0596241
0.0579137
0.0562291
0.0545725
0.0529457
0.0513504
0.0497881
0.0482597
0.0467662
0.0453082
0.0438863
0.0425008
0.0411514
0.0398378
0.0385602
0.0373189
0.0361141
0.034946
0.033815
0.0327215
0.0316666
0.0306512
0.0296777
0.028748
0.0278662
0.0270438
0.02624
0.00123584
0.00458411
0.00627864
0.00748802
0.00853388
0.00953775
0.0105654
0.0116592
0.012843
0.0141407
0.0155767
0.0171701
0.0189364
0.0208886
0.0230363
0.0253847
0.0279347
0.0306776
0.0335981
0.0366784
0.0398967
0.0432266
0.0466389
0.0501034
0.0535894
0.0570667
0.0605065
0.0638813
0.067166
0.0703383
0.0733783
0.0762688
0.0789954
0.0815456
0.0839101
0.0860817
0.0880545
0.0898254
0.0913934
0.0927547
0.0939024
0.0948409
0.0955816
0.0961306
0.0964989
0.0966873
0.0966999
0.09657
0.096264
0.0957947
0.0951799
0.0944279
0.0935472
0.0925468
0.0914357
0.0902231
0.0889179
0.0875294
0.0860663
0.0845375
0.0829513
0.081316
0.0796394
0.0779304
0.0761949
0.0744388
0.0726683
0.0708892
0.069107
0.0673265
0.0655524
0.0637889
0.0620397
0.0603078
0.0585963
0.0569085
0.0552466
0.0536128
0.0520089
0.0504364
0.0488965
0.0473904
0.0459187
0.0444822
0.0430811
0.0417154
0.0403852
0.0390909
0.0378326
0.0366107
0.0354256
0.0342776
0.0331673
0.0320955
0.0310635
0.0300734
0.0291271
0.0282286
0.0273866
0.0265696
0.00116816
0.00442144
0.00608341
0.00729166
0.00836126
0.00941501
0.0105221
0.0117165
0.0130371
0.0145264
0.0162095
0.0181079
0.0202356
0.0225994
0.0251977
0.0280193
0.0310401
0.0342278
0.0375534
0.0409852
0.0444884
0.0480281
0.0515718
0.0550893
0.0585535
0.06194
0.0652271
0.0683956
0.0714293
0.0743154
0.0770427
0.0796027
0.0819883
0.0841942
0.0862178
0.0880572
0.0897107
0.0911793
0.0924534
0.093534
0.0944389
0.0951789
0.0957489
0.0961508
0.0963869
0.0964633
0.0963997
0.0961951
0.0958348
0.0953369
0.0947088
0.0939573
0.0930892
0.0921117
0.091032
0.0898576
0.0885959
0.0872546
0.0858414
0.0843637
0.0828291
0.0812449
0.0796182
0.0779559
0.0762643
0.0745497
0.0728181
0.071075
0.0693259
0.0675755
0.0658285
0.0640889
0.0623609
0.0606486
0.058954
0.0572801
0.0556294
0.0540043
0.0524065
0.050838
0.0493001
0.047794
0.0463205
0.0448805
0.0434744
0.0421026
0.0407657
0.0394638
0.0381975
0.036967
0.0357728
0.0346153
0.0334953
0.0324135
0.0313711
0.0303703
0.0294126
0.0285024
0.0276457
0.0268193
0.00110714
0.00426375
0.00590046
0.00712472
0.00824712
0.00939603
0.0106268
0.0120141
0.0136199
0.0154895
0.0176504
0.0201159
0.0228779
0.0259129
0.0291846
0.032633
0.0361955
0.0398295
0.0434943
0.047151
0.0507664
0.0543113
0.0577634
0.0611047
0.0643209
0.0674003
0.070334
0.0731137
0.0757342
0.0781924
0.0804856
0.0826127
0.0845729
0.0863658
0.0879941
0.0894593
0.0907616
0.0918851
0.0928543
0.0936812
0.0943581
0.0948874
0.095274
0.09552
0.0956265
0.0956033
0.0954649
0.0951884
0.0947892
0.094271
0.0936387
0.0928972
0.0920514
0.0911067
0.0900686
0.0889428
0.0877355
0.0864527
0.085101
0.0836866
0.082216
0.0806957
0.079132
0.0775311
0.075899
0.0742415
0.0725643
0.0708726
0.0691716
0.0674662
0.0657607
0.0640595
0.0623662
0.0606847
0.059018
0.0573692
0.0557409
0.0541354
0.052555
0.0510013
0.0494761
0.0479807
0.0465162
0.0450833
0.0436827
0.0423151
0.0409809
0.0396808
0.0384152
0.0371844
0.0359891
0.0348298
0.0337072
0.032622
0.0315756
0.03057
0.0296065
0.0286895
0.0278231
0.0269912
0.00105622
0.00411869
0.00574787
0.00702338
0.00825592
0.00956173
0.0110764
0.0129031
0.0151199
0.0177677
0.0208355
0.0242815
0.0280187
0.0319538
0.03596
0.0399645
0.0439119
0.0477596
0.0514792
0.0550517
0.0584663
0.061713
0.0647905
0.0676996
0.0704416
0.0730187
0.0754338
0.0776876
0.0797835
0.0817255
0.0835165
0.0851599
0.0866588
0.0880154
0.089235
0.0903159
0.0912479
0.0920616
0.0927529
0.093322
0.0937704
0.0941
0.0943152
0.0944162
0.0944045
0.0942969
0.0940744
0.0937458
0.093314
0.092781
0.0921494
0.0914223
0.090603
0.089695
0.0887024
0.0876294
0.0864806
0.085261
0.0839756
0.0826299
0.0812292
0.0797791
0.0782852
0.0767531
0.0751883
0.073596
0.0719816
0.0703501
0.0687064
0.0670552
0.0654008
0.0637474
0.0620988
0.0604588
0.0588305
0.0572169
0.055621
0.0540451
0.0524914
0.0509619
0.0494584
0.0479823
0.0465344
0.0451163
0.0437288
0.0423727
0.0410486
0.0397573
0.0384992
0.0372748
0.0360848
0.0349298
0.0338104
0.0327277
0.0316827
0.0306773
0.0297128
0.0287934
0.0279218
0.0270877
0.00101586
0.00399216
0.00565387
0.00705057
0.00849065
0.0102255
0.0124446
0.015295
0.0188048
0.0229012
0.0274012
0.0321381
0.0368677
0.0414507
0.0458333
0.0499761
0.0538505
0.057457
0.0608073
0.0639151
0.0667974
0.069464
0.0719339
0.0742217
0.0763403
0.0783003
0.0801111
0.0817788
0.0833106
0.084714
0.085994
0.0871558
0.0882034
0.0891409
0.0899663
0.0906746
0.0912959
0.0918181
0.0922441
0.092578
0.0928185
0.0929667
0.093028
0.0929994
0.0928886
0.0926868
0.0923991
0.0920248
0.0915644
0.0910188
0.090389
0.0896766
0.0888832
0.0880112
0.087063
0.0860417
0.0849505
0.0837933
0.082574
0.0812969
0.0799668
0.0785881
0.0771659
0.075705
0.0742103
0.0726868
0.0711393
0.0695725
0.0679911
0.0663995
0.0648019
0.0632024
0.0616049
0.0600128
0.0584295
0.056858
0.0553013
0.0537617
0.0522417
0.0507433
0.0492682
0.0478179
0.0463939
0.0449975
0.0436298
0.0422917
0.040984
0.0397075
0.0384628
0.0372504
0.0360712
0.0349256
0.0338144
0.0327386
0.0316993
0.0306982
0.0297365
0.0288182
0.0279451
0.0271112
0.000983515
0.00389848
0.0056881
0.00735872
0.00944485
0.0123702
0.0163259
0.0213027
0.0269532
0.0329035
0.0387025
0.0441337
0.0491335
0.0536642
0.057745
0.0614114
0.064688
0.0676216
0.0702574
0.072631
0.074776
0.0767142
0.0784728
0.0800717
0.0815285
0.0828559
0.0840645
0.0851626
0.0861573
0.0870559
0.087864
0.0885863
0.0892265
0.0897822
0.0902519
0.0906579
0.0909915
0.0912538
0.091446
0.0915742
0.0916318
0.0916196
0.0915497
0.0914042
0.0911946
0.0909164
0.0905694
0.0901524
0.0896647
0.089106
0.088476
0.0877751
0.0870039
0.0861632
0.0852547
0.0842801
0.0832417
0.0821422
0.0809847
0.0797726
0.0785096
0.0771998
0.0758472
0.0744561
0.073031
0.0715761
0.0700961
0.0685952
0.0670777
0.065548
0.0640099
0.0624675
0.0609244
0.0593842
0.05785
0.056325
0.054812
0.0533136
0.051832
0.0503694
0.0489277
0.0475085
0.0461135
0.0447439
0.0434011
0.042086
0.0407996
0.0395428
0.0383161
0.0371204
0.0359562
0.0348244
0.0337256
0.0326607
0.0316308
0.0306376
0.0296821
0.0287679
0.0278965
0.0270647
0.000981282
0.00391982
0.00604366
0.00870951
0.0127851
0.0186986
0.0258481
0.0335679
0.0409628
0.0475553
0.053376
0.0584407
0.0627908
0.0665179
0.0697209
0.0724823
0.0748594
0.0769152
0.0787054
0.080272
0.0816486
0.0828621
0.0839358
0.0848879
0.0857378
0.0864948
0.087168
0.0877651
0.0882921
0.0887549
0.089158
0.0895054
0.0897928
0.090022
0.0902094
0.0903462
0.090435
0.0904759
0.0904682
0.0904213
0.0903212
0.0901714
0.089978
0.089732
0.089436
0.0890875
0.088685
0.0882266
0.0877107
0.087136
0.0865016
0.0858068
0.0850513
0.0842351
0.0833588
0.0824234
0.0814303
0.0803813
0.0792787
0.078125
0.0769233
0.0756768
0.0743891
0.0730638
0.0717047
0.0703158
0.0689012
0.0674647
0.0660105
0.0645424
0.0630642
0.0615797
0.0600924
0.0586057
0.0571227
0.0556465
0.0541799
0.0527254
0.0512854
0.049862
0.0484572
0.0470729
0.0457105
0.0443717
0.0430576
0.0417694
0.0405081
0.0392746
0.0380698
0.0368943
0.0357488
0.0346342
0.0335511
0.0325004
0.031483
0.0305006
0.029554
0.0286466
0.0277796
0.0269515
0.00102126
0.00422382
0.00779278
0.013874
0.0226442
0.0329287
0.0426778
0.0509424
0.0579594
0.0636876
0.0683783
0.0722322
0.0753801
0.077961
0.0800894
0.0818516
0.0833128
0.0845213
0.0855293
0.0863738
0.0870801
0.0876717
0.0881671
0.0885792
0.0889281
0.0892161
0.0894509
0.0896391
0.0897851
0.0898933
0.0899672
0.0900049
0.0900013
0.0899784
0.089924
0.0898383
0.0897239
0.0895803
0.0894058
0.0892049
0.0889706
0.0887021
0.0884017
0.0880645
0.08769
0.0872757
0.0868195
0.0863191
0.0857724
0.0851776
0.0845331
0.0838376
0.0830901
0.0822901
0.0814373
0.0805322
0.0795754
0.078568
0.0775116
0.0764082
0.07526
0.0740697
0.0728402
0.0715747
0.0702765
0.0689489
0.0675957
0.0662204
0.0648267
0.0634182
0.0619984
0.0605708
0.0591388
0.0577056
0.0562743
0.0548477
0.0534286
0.0520195
0.0506229
0.0492408
0.0478753
0.0465282
0.0452011
0.0438956
0.042613
0.0413545
0.0401212
0.038914
0.0377339
0.0365814
0.0354575
0.0343628
0.0332981
0.0322641
0.0312619
0.0302926
0.0293574
0.0284588
0.0275988
0.0267753
0.00141817
0.00594832
0.01496
0.0283844
0.0419306
0.0531089
0.061894
0.0686086
0.0738516
0.0778754
0.08101
0.0834696
0.085396
0.0869054
0.0880826
0.0889998
0.089707
0.0902327
0.0906241
0.0909061
0.0910927
0.0912047
0.0912554
0.091252
0.091218
0.0911444
0.0910402
0.0909114
0.0907608
0.0905917
0.0904046
0.0901936
0.0899721
0.0897372
0.0894872
0.0892212
0.0889399
0.0886427
0.0883279
0.0879971
0.0876462
0.0872731
0.0868781
0.0864577
0.08601
0.0855328
0.0850235
0.0844797
0.0838989
0.083279
0.0826181
0.0819145
0.0811669
0.0803741
0.0795357
0.0786513
0.0777211
0.0767458
0.0757263
0.074664
0.0735607
0.0724184
0.0712395
0.0700267
0.0687828
0.0675107
0.0662137
0.064895
0.0635578
0.0622054
0.0608412
0.0594682
0.0580898
0.0567088
0.0553282
0.0539509
0.0525793
0.0512161
0.0498634
0.0485236
0.0471986
0.0458901
0.0446
0.0433296
0.0420804
0.0408536
0.0396503
0.0384715
0.0373181
0.0361909
0.0350907
0.0340181
0.0329739
0.0319587
0.0309735
0.0300194
0.0290975
0.0282096
0.0273586
0.0265406
0.0045149
0.0140646
0.0335991
0.0510693
0.0633091
0.0719717
0.078144
0.0825837
0.0858916
0.0883429
0.0901686
0.0915271
0.0925245
0.0932445
0.0937351
0.0940504
0.094223
0.0942624
0.0942195
0.0941036
0.0939185
0.0936868
0.0934174
0.0931154
0.0927949
0.0924546
0.092099
0.0917321
0.0913564
0.0909756
0.090583
0.0901877
0.089788
0.0893848
0.0889772
0.0885642
0.0881452
0.0877197
0.087286
0.086844
0.0863912
0.0859251
0.0854446
0.0849472
0.0844305
0.0838921
0.0833295
0.0827401
0.0821216
0.0814717
0.0807882
0.0800693
0.0793135
0.0785194
0.0776861
0.076813
0.0759
0.0749471
0.073955
0.0729246
0.0718571
0.0707542
0.0696177
0.0684499
0.0672532
0.06603
0.0647832
0.0635156
0.06223
0.0609295
0.059617
0.0582955
0.0569678
0.0556368
0.0543053
0.0529758
0.0516509
0.0503329
0.0490242
0.0477267
0.0464425
0.0451733
0.0439209
0.0426866
0.0414719
0.0402781
0.0391062
0.0379572
0.0368321
0.0357317
0.0346567
0.0336078
0.0325857
0.031591
0.0306245
0.0296871
0.02878
0.0279043
0.0270643
0.0262522
0.0174458
0.0347912
0.055828
0.0700848
0.0789978
0.0848499
0.0888758
0.0916814
0.0936998
0.0951325
0.0961372
0.0968112
0.0972314
0.0974613
0.0975194
0.0974549
0.0972845
0.0970115
0.0966768
0.0962907
0.0958573
0.0953903
0.0948978
0.0943848
0.0938605
0.0933267
0.0927863
0.0922425
0.0916975
0.0911537
0.0906071
0.0900644
0.089524
0.0889862
0.0884507
0.0879166
0.0873831
0.0868491
0.0863133
0.0857748
0.0852317
0.0846815
0.0841228
0.0835532
0.0829703
0.0823719
0.0817554
0.0811186
0.080459
0.0797744
0.0790626
0.0783219
0.0775505
0.0767471
0.0759105
0.0750399
0.0741348
0.0731953
0.0722214
0.0712138
0.0701733
0.0691012
0.067999
0.0668684
0.0657115
0.0645303
0.0633272
0.0621047
0.0608654
0.0596119
0.0583468
0.0570728
0.0557926
0.0545087
0.0532238
0.0519402
0.0506603
0.0493864
0.0481206
0.0468649
0.0456211
0.0443912
0.0431765
0.0419787
0.0407991
0.0396389
0.0384991
0.0373809
0.0362851
0.0352125
0.0341639
0.0331398
0.032141
0.0311679
0.0302214
0.029302
0.0284111
0.0275488
0.0267214
0.0259154
0.0416752
0.0590254
0.0732349
0.0828021
0.0890034
0.0930869
0.0958569
0.0977443
0.0990402
0.0998856
0.100408
0.100666
0.100727
0.100647
0.100431
0.100095
0.0996787
0.0991866
0.09864
0.098051
0.0974259
0.0967737
0.0961018
0.0954153
0.0947208
0.0940215
0.0933201
0.0926193
0.0919214
0.091226
0.0905369
0.0898535
0.0891767
0.0885065
0.0878428
0.0871851
0.0865322
0.0858834
0.0852372
0.0845927
0.0839483
0.0833017
0.0826513
0.0819951
0.0813309
0.0806566
0.0799702
0.0792694
0.078552
0.0778161
0.0770598
0.0762812
0.0754788
0.0746513
0.0737974
0.0729164
0.0720075
0.0710705
0.0701054
0.0691123
0.068092
0.0670451
0.0659729
0.0648765
0.0637576
0.062618
0.0614594
0.0602839
0.0590938
0.0578911
0.0566782
0.0554573
0.0542309
0.0530011
0.0517703
0.0505407
0.0493143
0.0480932
0.0468794
0.0456748
0.044481
0.0432998
0.0421325
0.0409807
0.0398456
0.0387284
0.0376301
0.0365518
0.0354942
0.0344581
0.0334443
0.0324532
0.0314854
0.0305415
0.029622
0.0287272
0.0278587
0.0270149
0.0262059
0.025408
0.0856005
0.0867854
0.0898122
0.0934109
0.0965665
0.0990482
0.100865
0.102124
0.102953
0.10342
0.103637
0.103621
0.103476
0.103165
0.102742
0.102222
0.101628
0.10097
0.100261
0.0995138
0.0987344
0.0979308
0.0971095
0.0962756
0.0954345
0.0945898
0.0937446
0.0929014
0.0920625
0.0912286
0.0904005
0.0895811
0.088771
0.087969
0.0871759
0.0863915
0.0856142
0.0848438
0.0840789
0.0833186
0.0825614
0.0818056
0.0810496
0.0802917
0.0795301
0.0787631
0.077989
0.0772059
0.0764122
0.0756061
0.0747861
0.0739506
0.0730985
0.0722284
0.0713393
0.0704305
0.0695013
0.0685513
0.0675805
0.0665887
0.0655764
0.064544
0.0634922
0.0624221
0.0613347
0.0602313
0.0591134
0.0579825
0.0568403
0.0556886
0.0545291
0.0533638
0.0521946
0.0510234
0.0498521
0.0486824
0.0475164
0.0463557
0.0452019
0.0440569
0.042922
0.0417987
0.0406884
0.0395924
0.0385118
0.0374476
0.0364009
0.0353726
0.0343633
0.0333738
0.0324047
0.0314565
0.0305296
0.0296243
0.0287413
0.0278801
0.0270431
0.026226
0.025445
0.0246598
0.105269
0.103866
0.103523
0.10378
0.104451
0.105255
0.105928
0.106395
0.106654
0.106675
0.106571
0.106298
0.105891
0.105374
0.104766
0.10408
0.103329
0.102525
0.101677
0.100793
0.0998824
0.0989499
0.0980014
0.0970419
0.0960757
0.0951066
0.0941374
0.0931709
0.092209
0.091253
0.0903074
0.089367
0.088432
0.0875094
0.086598
0.0856966
0.0848031
0.0839182
0.0830403
0.0821687
0.0813023
0.0804395
0.0795788
0.0787191
0.0778589
0.076997
0.076132
0.0752624
0.0743871
0.0735046
0.0726138
0.0717135
0.0708028
0.0698807
0.0689464
0.0679992
0.0670387
0.0660645
0.0650764
0.0640743
0.0630585
0.0620291
0.0609868
0.059932
0.0588657
0.0577886
0.0567019
0.0556067
0.0545043
0.053396
0.0522831
0.0511672
0.0500497
0.0489322
0.0478161
0.0467031
0.0455944
0.0444917
0.0433963
0.0423096
0.0412328
0.0401673
0.0391141
0.0380743
0.0370491
0.0360392
0.0350456
0.0340689
0.03311
0.0321694
0.0312475
0.0303449
0.0294619
0.0285985
0.0277554
0.0269318
0.0261307
0.0253448
0.0245975
0.0238296
0.120737
0.118196
0.116204
0.114698
0.113627
0.11288
0.112303
0.111788
0.111274
0.110707
0.110098
0.109425
0.108687
0.10789
0.10704
0.106141
0.105201
0.104225
0.103218
0.102188
0.101137
0.100072
0.0989952
0.0979112
0.0968232
0.0957342
0.0946467
0.0935629
0.0924847
0.0914132
0.0903509
0.0892991
0.0882576
0.0872217
0.0861918
0.085172
0.0841657
0.0831695
0.082181
0.0811999
0.0802252
0.0792555
0.0782896
0.0773268
0.076366
0.0754064
0.074447
0.0734867
0.0725247
0.0715601
0.0705919
0.0696196
0.0686423
0.0676594
0.0666706
0.0656752
0.0646731
0.0636639
0.0626475
0.061624
0.0605934
0.0595558
0.0585117
0.0574615
0.0564056
0.0553446
0.0542794
0.0532107
0.0521393
0.0510662
0.0499925
0.0489191
0.0478471
0.0467778
0.0457121
0.0446513
0.0435965
0.0425487
0.0415092
0.0404788
0.0394588
0.03845
0.0374533
0.0364698
0.0355001
0.034545
0.0336054
0.0326816
0.0317745
0.0308843
0.0300117
0.0291568
0.02832
0.0275012
0.0267012
0.0259184
0.0251574
0.0244069
0.0236988
0.0229538
0.134324
0.131106
0.128223
0.125677
0.123471
0.121579
0.119934
0.118472
0.117137
0.115878
0.114669
0.113486
0.112315
0.111144
0.109968
0.108785
0.107593
0.106392
0.105183
0.103967
0.102746
0.101522
0.100295
0.0990695
0.0978457
0.0966257
0.0954111
0.0942032
0.0930032
0.091812
0.0906308
0.0894605
0.0883012
0.0871539
0.0860181
0.0848892
0.0837642
0.0826483
0.0815454
0.0804537
0.0793691
0.0782904
0.077217
0.0761487
0.0750847
0.0740244
0.0729672
0.0719124
0.0708594
0.0698076
0.0687567
0.0677061
0.0666555
0.0656047
0.0645534
0.0635015
0.0624488
0.0613954
0.0603411
0.0592861
0.0582306
0.0571746
0.0561185
0.0550625
0.054007
0.0529524
0.0518991
0.0508477
0.0497987
0.0487527
0.0477104
0.0466725
0.0456396
0.0446125
0.0435919
0.0425787
0.0415735
0.0405771
0.0395903
0.0386138
0.0376484
0.0366947
0.0357534
0.0348251
0.0339105
0.0330102
0.0321245
0.0312541
0.0303994
0.0295606
0.0287382
0.0279324
0.0271435
0.0263712
0.0256167
0.0248772
0.0241597
0.0234483
0.0227844
0.0220684
0.146705
0.142997
0.139543
0.136342
0.133402
0.130721
0.128277
0.126041
0.123978
0.122055
0.120244
0.118521
0.116868
0.115267
0.113709
0.112183
0.110683
0.109205
0.107745
0.106299
0.104868
0.103449
0.102041
0.100645
0.0992611
0.0978885
0.0965277
0.0951791
0.093843
0.0925193
0.0912085
0.0899107
0.0886259
0.0873542
0.0860951
0.0848483
0.0836138
0.0823866
0.0811623
0.0799484
0.0787501
0.0775585
0.0763743
0.0751974
0.0740273
0.0728635
0.0717057
0.0705533
0.069406
0.0682637
0.067126
0.0659929
0.0648643
0.0637403
0.062621
0.0615063
0.0603964
0.0592916
0.058192
0.0570978
0.0560092
0.0549264
0.0538498
0.0527795
0.0517159
0.050659
0.0496094
0.0485672
0.0475327
0.0465063
0.0454883
0.044479
0.0434788
0.0424881
0.0415073
0.0405367
0.0395768
0.0386279
0.0376904
0.0367647
0.0358512
0.0349504
0.0340625
0.033188
0.0323272
0.0314805
0.0306482
0.0298306
0.0290279
0.0282404
0.0274685
0.026712
0.0259716
0.0252466
0.0245387
0.0238442
0.0231727
0.0225029
0.0218871
0.021206
0.158053
0.153971
0.150109
0.146462
0.143029
0.139809
0.136797
0.133979
0.131338
0.128856
0.126512
0.124288
0.122168
0.120136
0.11818
0.116288
0.114452
0.112665
0.11092
0.109212
0.107537
0.105891
0.104273
0.102679
0.101107
0.0995575
0.0980282
0.0965185
0.0950274
0.0935543
0.0920987
0.0906599
0.0892375
0.087831
0.0864394
0.0850619
0.0836983
0.0823482
0.0810119
0.0796769
0.0783556
0.0770461
0.0757476
0.0744594
0.073181
0.0719118
0.0706515
0.0693999
0.0681568
0.0669221
0.065696
0.0644784
0.0632697
0.06207
0.0608797
0.059699
0.0585284
0.0573682
0.0562188
0.0550805
0.0539537
0.0528387
0.0517358
0.0506453
0.0495672
0.0485019
0.0474496
0.0464102
0.045384
0.0443711
0.0433714
0.0423851
0.0414122
0.0404528
0.0395068
0.0385743
0.0376553
0.0367499
0.035858
0.0349798
0.0341152
0.0332644
0.0324274
0.0316043
0.0307952
0.0300003
0.0292195
0.028453
0.027701
0.0269636
0.0262409
0.0255328
0.0248401
0.0241617
0.0235003
0.0228507
0.0222262
0.0215992
0.0210347
0.0203942
0.168337
0.163979
0.159823
0.155859
0.152083
0.148492
0.14508
0.141842
0.138769
0.13585
0.133073
0.130426
0.127896
0.125472
0.123142
0.120897
0.118729
0.116628
0.114588
0.112603
0.110667
0.108775
0.106925
0.105111
0.103332
0.101585
0.0998679
0.0981783
0.0965147
0.0948758
0.09326
0.0916664
0.0900936
0.0885409
0.0870064
0.0854888
0.0839885
0.0825049
0.0810366
0.0795831
0.0781375
0.0767083
0.0752939
0.0738933
0.0725058
0.0711308
0.0697682
0.0684176
0.0670792
0.065753
0.0644392
0.063138
0.0618499
0.0605752
0.0593145
0.0580681
0.0568368
0.0556209
0.054421
0.0532376
0.0520711
0.0509221
0.0497907
0.0486772
0.047582
0.046505
0.0454465
0.0444065
0.0433848
0.0423814
0.0413962
0.0404289
0.0394793
0.0385471
0.0376321
0.0367338
0.035852
0.0349863
0.0341365
0.0333022
0.0324832
0.0316791
0.0308897
0.0301149
0.0293544
0.0286081
0.0278759
0.0271577
0.0264535
0.0257634
0.0250873
0.0244253
0.023778
0.0231443
0.0225278
0.0219217
0.0213437
0.020759
0.0202477
0.0196512
0.177137
0.172604
0.168256
0.164084
0.160082
0.156244
0.152566
0.149042
0.145668
0.142435
0.139337
0.136366
0.133512
0.130768
0.128125
0.125576
0.123111
0.120725
0.118411
0.116163
0.113975
0.111843
0.109761
0.107726
0.105736
0.103786
0.101875
0.0999983
0.0981552
0.0963433
0.0945606
0.0928055
0.0910766
0.0893725
0.0876901
0.086028
0.0843888
0.0827703
0.0811692
0.0795845
0.0780203
0.0764754
0.0749485
0.0734389
0.0719458
0.070469
0.0690081
0.0675632
0.0661342
0.0647213
0.0633249
0.0619453
0.0605828
0.0592382
0.0579118
0.0566044
0.0553166
0.054049
0.0528023
0.051577
0.0503737
0.0491927
0.0480345
0.0468993
0.0457875
0.044699
0.043634
0.0425924
0.0415739
0.0405784
0.0396055
0.0386547
0.0377255
0.0368174
0.0359297
0.0350619
0.0342133
0.0333833
0.0325713
0.0317765
0.0309984
0.0302364
0.0294899
0.0287586
0.028042
0.0273397
0.0266514
0.0259768
0.0253159
0.0246685
0.0240346
0.0234142
0.022808
0.0222149
0.0216392
0.0210732
0.0205382
0.0199937
0.0195352
0.0189823
0.185656
0.181005
0.176519
0.17219
0.168012
0.163979
0.160087
0.156331
0.152708
0.149212
0.145839
0.142583
0.139438
0.1364
0.133462
0.130619
0.127865
0.125194
0.122601
0.12008
0.117626
0.115235
0.112903
0.110627
0.108404
0.10623
0.104102
0.102016
0.0999716
0.097965
0.0959944
0.0940579
0.0921537
0.0902804
0.0884314
0.0866081
0.0848091
0.0830353
0.0812911
0.079581
0.0778936
0.0762287
0.0745858
0.0729643
0.071364
0.0697844
0.0682255
0.0666873
0.0651699
0.0636733
0.0621981
0.0607444
0.0593128
0.0579039
0.0565182
0.0551564
0.0538192
0.0525072
0.051221
0.0499612
0.0487283
0.0475227
0.0463448
0.0451949
0.0440731
0.0429794
0.0419139
0.0408762
0.039866
0.0388829
0.0379262
0.0369954
0.0360897
0.0352081
0.03435
0.0335142
0.0326999
0.031906
0.0311316
0.0303758
0.0296376
0.0289162
0.0282108
0.0275207
0.0268453
0.026184
0.0255363
0.024902
0.0242806
0.0236721
0.0230765
0.0224937
0.0219245
0.021368
0.0208287
0.0202993
0.0198025
0.0192964
0.0188876
0.0183759
0.194049
0.18936
0.184802
0.180372
0.176067
0.171884
0.167821
0.163873
0.160039
0.156314
0.152696
0.149181
0.145766
0.142448
0.139222
0.136087
0.133037
0.13007
0.127181
0.124364
0.121616
0.118935
0.116318
0.113761
0.111262
0.108819
0.106429
0.104089
0.101798
0.0995535
0.0973529
0.0951948
0.0930774
0.0909985
0.0889663
0.086978
0.0850283
0.0831143
0.0812326
0.0793805
0.0775577
0.0757637
0.0739981
0.0722605
0.0705505
0.0688679
0.0672126
0.0655845
0.0639836
0.06241
0.0608639
0.0593457
0.0578557
0.0563944
0.0549624
0.0535601
0.0521882
0.050847
0.0495371
0.0482588
0.0470126
0.0457989
0.0446178
0.0434693
0.0423534
0.0412699
0.0402186
0.0391988
0.0382101
0.0372516
0.0363225
0.0354219
0.0345487
0.0337017
0.0328798
0.0320816
0.031306
0.0305517
0.0298174
0.0291019
0.0284042
0.0277231
0.0270577
0.0264071
0.0257706
0.0251475
0.0245372
0.0239394
0.0233538
0.0227802
0.0222186
0.0216691
0.0211324
0.0206081
0.0201
0.0196036
0.0191373
0.018669
0.0182988
0.0178262
0.200448
0.195754
0.191167
0.186685
0.182303
0.178021
0.173836
0.169746
0.16575
0.161845
0.158029
0.154301
0.150659
0.147101
0.143626
0.140231
0.136914
0.133675
0.13051
0.127423
0.124411
0.121472
0.118603
0.115802
0.113065
0.110392
0.107779
0.105225
0.102727
0.100285
0.0978952
0.0955571
0.0932686
0.0910286
0.0888325
0.0866796
0.0845693
0.082501
0.0804737
0.0784864
0.0765382
0.0746282
0.0727555
0.0709196
0.0691198
0.0673557
0.065627
0.0639335
0.0622751
0.0606516
0.0590633
0.0575103
0.0559925
0.0545104
0.0530639
0.0516533
0.0502789
0.0489406
0.0476389
0.0463736
0.0451448
0.0439525
0.0427965
0.0416765
0.0405922
0.0395429
0.038528
0.0375467
0.0365979
0.0356808
0.0347939
0.0339362
0.0331062
0.0323025
0.0315237
0.0307683
0.0300349
0.0293222
0.0286287
0.0279532
0.0272945
0.0266515
0.0260232
0.0254087
0.0248073
0.0242184
0.0236414
0.023076
0.0225219
0.0219789
0.0214473
0.0209271
0.0204188
0.0199232
0.0194415
0.018975
0.018532
0.0181011
0.0177532
0.0173251
0.202489
0.197781
0.193162
0.188631
0.184187
0.179828
0.175553
0.171361
0.167252
0.163225
0.159279
0.155413
0.151626
0.147918
0.144288
0.140735
0.137259
0.133858
0.130531
0.127277
0.124094
0.120981
0.117938
0.114963
0.112056
0.109215
0.106439
0.103727
0.101078
0.0984901
0.0959625
0.093494
0.0910833
0.0887289
0.0864295
0.0841836
0.0819901
0.0798478
0.0777556
0.0757125
0.0737172
0.0717689
0.0698668
0.0680102
0.0661984
0.0644307
0.0627064
0.061025
0.0593859
0.0577886
0.0562327
0.054718
0.0532439
0.0518104
0.050417
0.0490636
0.0477498
0.0464753
0.0452398
0.0440429
0.042884
0.0417625
0.0406778
0.0396292
0.0386156
0.0376362
0.0366898
0.0357753
0.0348914
0.0340369
0.0332103
0.0324104
0.0316356
0.0308845
0.0301559
0.0294483
0.0287605
0.0280912
0.0274392
0.0268036
0.0261832
0.0255773
0.0249849
0.0244055
0.0238383
0.0232829
0.0227389
0.0222059
0.021684
0.0211727
0.0206724
0.0201833
0.0197051
0.0192405
0.0187868
0.0183527
0.0179322
0.0175413
0.0172057
0.0168449
0.196827
0.191862
0.187004
0.182252
0.177605
0.173063
0.168624
0.164287
0.160051
0.155915
0.151878
0.147938
0.144094
0.140344
0.136687
0.133121
0.129645
0.126256
0.122954
0.119735
0.1166
0.113544
0.110567
0.107667
0.104842
0.102089
0.0994086
0.0967975
0.0942543
0.0917771
0.0893644
0.0870143
0.0847254
0.0824964
0.0803257
0.0782119
0.0761535
0.0741491
0.0721974
0.0702969
0.0684464
0.0666446
0.0648903
0.0631823
0.0615198
0.0599015
0.0583268
0.0567947
0.0553045
0.0538553
0.0524465
0.0510774
0.0497474
0.0484557
0.0472017
0.0459847
0.0448041
0.0436592
0.0425491
0.0414731
0.0404303
0.0394198
0.0384407
0.0374919
0.0365725
0.0356813
0.0348173
0.0339794
0.0331666
0.0323777
0.0316118
0.0308679
0.0301449
0.0294418
0.028758
0.0280923
0.0274441
0.0268124
0.0261967
0.025596
0.02501
0.0244377
0.0238788
0.0233327
0.0227989
0.022277
0.0217667
0.0212675
0.0207796
0.0203024
0.0198362
0.0193812
0.0189364
0.0185061
0.018083
0.0176842
0.0172878
0.0169366
0.0166121
0.0163162
0.185739
0.180559
0.175526
0.170637
0.165889
0.161281
0.156808
0.152469
0.148259
0.144175
0.140214
0.136373
0.132647
0.129035
0.125531
0.122133
0.118838
0.115642
0.112542
0.109535
0.106617
0.103787
0.10104
0.0983742
0.0957869
0.0932753
0.0908367
0.0884686
0.0861687
0.0839346
0.0817639
0.0796546
0.0776045
0.0756117
0.0736743
0.0717907
0.069959
0.0681777
0.0664453
0.0647602
0.063121
0.0615263
0.0599747
0.0584651
0.0569962
0.0555669
0.0541761
0.0528229
0.0515062
0.0502252
0.048979
0.0477666
0.0465872
0.04544
0.044324
0.0432386
0.0421827
0.0411556
0.0401564
0.0391842
0.0382383
0.0373179
0.0364221
0.0355502
0.0347015
0.0338753
0.033071
0.0322878
0.0315254
0.030783
0.0300602
0.0293564
0.0286713
0.0280042
0.0273547
0.0267223
0.0261066
0.0255068
0.0249228
0.0243537
0.0237993
0.0232587
0.022732
0.022218
0.0217169
0.0212276
0.0207505
0.0202843
0.0198296
0.0193855
0.018952
0.0185296
0.0181162
0.0177176
0.0173224
0.0169546
0.0165785
0.0162563
0.0159438
0.0156654
0.169809
0.164635
0.159652
0.154853
0.150234
0.145786
0.141503
0.13738
0.13341
0.129586
0.125902
0.122354
0.118934
0.115637
0.112458
0.109392
0.106434
0.103579
0.100822
0.0981584
0.0955849
0.0930971
0.0906913
0.0883638
0.0861111
0.0839299
0.0818172
0.0797699
0.0777853
0.0758606
0.0739932
0.0721809
0.0704211
0.0687117
0.0670507
0.065436
0.0638659
0.0623386
0.0608525
0.0594059
0.0579974
0.0566255
0.0552888
0.0539861
0.0527159
0.0514772
0.0502688
0.0490895
0.0479383
0.0468143
0.0457165
0.0446439
0.0435959
0.0425714
0.0415699
0.0405907
0.039633
0.0386965
0.0377806
0.0368849
0.036009
0.0351528
0.034316
0.0334983
0.0326998
0.0319203
0.0311597
0.0304179
0.029695
0.0289906
0.0283049
0.0276375
0.0269883
0.0263568
0.0257432
0.0251466
0.0245669
0.0240035
0.0234562
0.0229239
0.0224068
0.0219037
0.0214146
0.0209382
0.0204749
0.020023
0.0195833
0.019154
0.0187358
0.0183274
0.017929
0.0175406
0.0171596
0.0167927
0.0164252
0.0160857
0.0157285
0.0154245
0.0151304
0.0147859
0.150179
0.145311
0.140667
0.136235
0.132005
0.127966
0.124109
0.120423
0.116899
0.113528
0.110302
0.107212
0.104251
0.101413
0.0986889
0.0960737
0.0935611
0.0911454
0.0888211
0.0865833
0.0844272
0.0823484
0.0803425
0.0784058
0.0765345
0.0747251
0.0729744
0.0712793
0.0696369
0.0680444
0.0664992
0.0649989
0.0635412
0.0621237
0.0607443
0.0594011
0.058092
0.0568152
0.055569
0.0543516
0.0531615
0.0519973
0.0508573
0.0497403
0.0486451
0.0475704
0.0465152
0.0454785
0.0444595
0.0434573
0.0424715
0.0415016
0.0405471
0.0396079
0.0386837
0.0377749
0.0368812
0.0360031
0.0351407
0.0342946
0.0334649
0.0326523
0.0318571
0.0310798
0.0303207
0.0295802
0.0288586
0.0281561
0.0274728
0.0268088
0.0261641
0.0255383
0.0249316
0.0243432
0.0237734
0.0232209
0.0226861
0.0221674
0.0216654
0.0211781
0.0207062
0.0202476
0.0198032
0.0193705
0.0189506
0.0185411
0.0181432
0.0177542
0.0173757
0.0170051
0.0166434
0.0162896
0.0159414
0.0156047
0.0152638
0.0149481
0.0146079
0.0143087
0.0140331
0.0135413
0.127653
0.123385
0.119353
0.115542
0.111937
0.108525
0.105291
0.102224
0.0993121
0.0965442
0.0939106
0.091402
0.08901
0.0867267
0.084545
0.0824579
0.0804593
0.0785434
0.0767047
0.0749382
0.0732393
0.0716036
0.070027
0.0685056
0.0670359
0.0656145
0.0642383
0.0629042
0.0616095
0.0603513
0.0591271
0.0579345
0.056771
0.0556343
0.0545222
0.0534327
0.0523636
0.051313
0.0502791
0.0492602
0.0482546
0.0472611
0.0462783
0.0453052
0.0443409
0.0433846
0.0424361
0.0414949
0.040561
0.0396347
0.0387162
0.0378061
0.0369052
0.0360143
0.0351342
0.0342664
0.0334114
0.0325708
0.0317453
0.0309362
0.0301444
0.0293707
0.028616
0.0278808
0.0271658
0.0264713
0.0257975
0.0251445
0.0245125
0.023901
0.0233102
0.0227392
0.0221881
0.0216557
0.0211422
0.0206461
0.0201674
0.0197045
0.0192576
0.0188247
0.0184063
0.018
0.0176067
0.0172237
0.0168521
0.0164891
0.0161362
0.0157901
0.0154528
0.0151209
0.0147959
0.0144758
0.0141588
0.0138493
0.0135325
0.0132337
0.0129071
0.0125984
0.0123229
0.0116363
0.101217
0.0977961
0.0946094
0.0916351
0.0888536
0.0862473
0.0838004
0.081499
0.0793309
0.077285
0.0753511
0.0735202
0.0717838
0.0701344
0.0685649
0.0670689
0.0656407
0.0642747
0.0629661
0.0617102
0.0605027
0.0593396
0.0582171
0.0571316
0.0560799
0.0550586
0.0540648
0.0530955
0.0521479
0.0512192
0.0503069
0.0494085
0.0485215
0.0476436
0.0467726
0.0459066
0.0450435
0.0441817
0.0433197
0.0424563
0.0415905
0.0407217
0.0398494
0.0389738
0.038095
0.0372136
0.0363306
0.0354472
0.0345646
0.0336847
0.0328091
0.0319398
0.0310786
0.0302277
0.0293889
0.0285641
0.0277549
0.0269632
0.0261901
0.025437
0.0247048
0.0239943
0.0233061
0.0226407
0.0219981
0.0213784
0.0207813
0.0202067
0.0196539
0.0191226
0.0186119
0.0181211
0.0176494
0.0171959
0.0167598
0.0163398
0.0159354
0.015545
0.0151684
0.0148037
0.0144509
0.014108
0.0137751
0.0134503
0.0131337
0.0128233
0.0125198
0.0122206
0.0119268
0.0116358
0.0113483
0.0110624
0.0107765
0.010493
0.0102001
0.00991381
0.00960214
0.00927244
0.00899057
0.00809304
0.0557711
0.0529477
0.050331
0.0479102
0.0456721
0.0436021
0.0416855
0.0399079
0.0382562
0.0367182
0.0352829
0.0339403
0.0326815
0.0314985
0.0303842
0.0293323
0.0283369
0.0273931
0.0264963
0.0256424
0.0248277
0.0240489
0.023303
0.0225873
0.0218992
0.0212366
0.0205973
0.0199795
0.0193815
0.0188017
0.0182386
0.0176909
0.0171574
0.0166371
0.0161289
0.0156319
0.0151453
0.0146685
0.0142008
0.0137418
0.0132912
0.0128486
0.012414
0.0119874
0.0115688
0.0111582
0.0107561
0.0103625
0.0099778
0.00960232
0.00923639
0.00888034
0.00853448
0.00819908
0.00787438
0.00756061
0.00725785
0.00696623
0.00668572
0.00641632
0.00615789
0.00591035
0.00567342
0.00544693
0.00523054
0.005024
0.00482691
0.00463897
0.00445976
0.00428893
0.00412605
0.00397076
0.00382262
0.00368128
0.00354634
0.0034174
0.00329412
0.00317611
0.00306309
0.00295465
0.00285057
0.00275041
0.00265406
0.00256106
0.00247138
0.00238453
0.00230058
0.00221898
0.00213985
0.0020628
0.00198781
0.00191455
0.00184261
0.00177249
0.00170191
0.00163392
0.00156235
0.00148904
0.00142555
0.00123342
0.00503735
0.00503344
0.00495609
0.00483363
0.0046831
0.00454518
0.00442769
0.00432432
0.00423578
0.00416082
0.00409905
0.00403978
0.00398887
0.00395258
0.00392082
0.00392251
0.00389353
0.00398337
0.00393243
0.00427208
0.0132157
0.0132368
0.0131336
0.0129754
0.0128446
0.0127401
0.0126673
0.01263
0.0126347
0.0126692
0.012735
0.0128284
0.0129616
0.0131442
0.01337
0.0136893
0.0140106
0.0145033
0.0149479
0.0157306
0.0158822
0.0159532
0.0158811
0.0157087
0.0155196
0.0153343
0.0151631
0.0150163
0.0148981
0.0148069
0.0147433
0.014704
0.0147019
0.0147302
0.0147892
0.0149292
0.0150688
0.0153336
0.0156266
0.0159445
0.0176566
0.0176981
0.0176247
0.0174443
0.0172248
0.0169927
0.0167605
0.0165413
0.01634
0.0161597
0.0160018
0.015864
0.0157549
0.0156729
0.0156127
0.0156126
0.0156267
0.0156997
0.0158516
0.0158874
0.0190815
0.0190617
0.0189564
0.0187571
0.0185182
0.0182552
0.0179823
0.0177129
0.0174536
0.0172094
0.0169834
0.0167738
0.0165895
0.0164249
0.0162871
0.0161806
0.0161138
0.0160625
0.0160949
0.015985
0.0202771
0.0202005
0.0200482
0.0198302
0.0195714
0.0192837
0.0189802
0.0186734
0.0183712
0.0180789
0.0178016
0.0175377
0.0172976
0.0170707
0.0168785
0.0166931
0.0165748
0.0164291
0.0163947
0.0161849
0.0213095
0.0211788
0.0209848
0.0207408
0.0204597
0.0201492
0.0198201
0.0194836
0.0191477
0.0188179
0.0185005
0.018194
0.0179107
0.0176355
0.0174025
0.0171576
0.0170038
0.0167874
0.0167136
0.0164286
0.0222158
0.0220337
0.0218003
0.0215273
0.021222
0.0208892
0.0205372
0.0201756
0.0198121
0.0194521
0.0191025
0.0187618
0.018444
0.0181307
0.0178654
0.0175751
0.0173946
0.0171247
0.017025
0.0166836
0.0230157
0.0227856
0.0225144
0.0222113
0.0218808
0.0215256
0.0211524
0.0207689
0.020382
0.0199971
0.019621
0.0192527
0.0189069
0.0185632
0.0182715
0.0179464
0.0177444
0.0174338
0.0173156
0.0169308
0.0237208
0.023446
0.0231388
0.0228058
0.0224498
0.0220726
0.0216793
0.021276
0.0208691
0.0204632
0.0200652
0.0196742
0.0193056
0.0189374
0.0186243
0.0182721
0.0180525
0.0177109
0.0175786
0.0171601
0.0243381
0.0240224
0.0236811
0.023319
0.0229381
0.0225394
0.022127
0.0217058
0.0212813
0.0208577
0.0204416
0.020032
0.0196448
0.019257
0.0189265
0.0185532
0.0183194
0.0179543
0.0178109
0.0173661
0.0248721
0.0245191
0.024146
0.0237565
0.0233517
0.0229326
0.0225022
0.0220648
0.0216249
0.0211863
0.0207552
0.0203305
0.0199283
0.019525
0.0191805
0.0187911
0.0185459
0.0181631
0.0180111
0.017546
0.025326
0.0249395
0.0245372
0.0241221
0.023695
0.0232567
0.0228098
0.0223578
0.0219045
0.0214533
0.0210099
0.0205732
0.0201592
0.0197438
0.0193885
0.0189869
0.018733
0.0183374
0.0181788
0.0176988
0.0257019
0.0252856
0.024857
0.0244186
0.0239712
0.0235154
0.0230537
0.0225887
0.022124
0.0216623
0.0212092
0.0207631
0.0203402
0.0199159
0.0195524
0.0191421
0.018882
0.0184774
0.018314
0.0178239
0.0260017
0.0255594
0.0251076
0.0246485
0.0241829
0.0237117
0.0232368
0.0227608
0.0222866
0.0218166
0.021356
0.0209031
0.0204737
0.0200432
0.0196741
0.0192583
0.0189939
0.0185838
0.0184174
0.0179213
0.0262269
0.0257624
0.0252906
0.0248138
0.0243326
0.0238481
0.0233621
0.0228769
0.0223952
0.0219189
0.021453
0.0209955
0.0205619
0.0201279
0.0197555
0.0193367
0.01907
0.0186575
0.0184896
0.0179915
0.0263794
0.0258964
0.0254078
0.024916
0.0244219
0.0239265
0.0234316
0.0229393
0.022452
0.0219715
0.0215024
0.0210424
0.020607
0.0201716
0.019798
0.0193788
0.0191116
0.0186993
0.0185314
0.0180347
0.0264599
0.0259622
0.0254607
0.0249575
0.0244534
0.0239499
0.0234485
0.0229514
0.0224606
0.0219779
0.0215074
0.0210469
0.0206115
0.0201768
0.0198039
0.0193864
0.0191203
0.0187104
0.0185438
0.0180516
0.0264726
0.0259644
0.0254533
0.0249415
0.0244303
0.023921
0.0234154
0.0229155
0.0224233
0.0219401
0.0214703
0.0210111
0.0205775
0.0201454
0.0197749
0.019361
0.0190973
0.0186922
0.0185279
0.018043
0.0264196
0.0259044
0.025387
0.0248699
0.0243543
0.023842
0.0233346
0.0228341
0.0223424
0.0218609
0.0213934
0.0209374
0.0205073
0.0200794
0.0197128
0.0193044
0.0190443
0.0186457
0.0184848
0.0180097
0.0263035
0.025785
0.0252647
0.0247453
0.0242284
0.0237157
0.023209
0.0227101
0.022221
0.0217428
0.0212794
0.0208281
0.0204032
0.0199811
0.0196197
0.0192183
0.0189626
0.0185723
0.0184156
0.0179523
0.0261281
0.0256097
0.0250898
0.0245713
0.0240558
0.0235452
0.0230415
0.0225464
0.0220618
0.0215888
0.0211311
0.0206861
0.0202676
0.0198526
0.0194976
0.0191046
0.018854
0.0184735
0.0183215
0.0178718
0.0258974
0.0253824
0.0248661
0.0243513
0.02384
0.0233341
0.0228357
0.0223463
0.021868
0.0214018
0.0209513
0.0205139
0.020103
0.0196964
0.0193487
0.0189651
0.0187202
0.0183509
0.0182038
0.0177692
0.0256161
0.0251076
0.0245978
0.0240895
0.0235849
0.0230861
0.022595
0.0221133
0.021643
0.0211851
0.0207431
0.0203144
0.0199122
0.0195149
0.0191751
0.018802
0.0185627
0.0182061
0.0180634
0.0176456
0.0252895
0.0247903
0.0242896
0.0237904
0.0232949
0.0228052
0.0223234
0.0218512
0.0213903
0.020942
0.0205097
0.0200907
0.019698
0.0193106
0.0189793
0.0186174
0.0183836
0.0180407
0.0179016
0.0175022
0.0247994
0.0243159
0.0238308
0.0233469
0.0228664
0.0223916
0.0219246
0.021467
0.0210207
0.0205868
0.0201687
0.0197638
0.0193847
0.0190115
0.018692
0.0183456
0.0181192
0.0177956
0.0176607
0.0172867
0.0240798
0.0236229
0.0231639
0.0227054
0.0222498
0.0217994
0.0213562
0.0209218
0.0204981
0.0200861
0.0196892
0.0193051
0.0189457
0.0185923
0.0182898
0.0179643
0.0177491
0.0174499
0.0173225
0.0169803
0.023285
0.0228598
0.022432
0.0220039
0.0215779
0.0211562
0.0207407
0.0203329
0.0199347
0.0195472
0.0191738
0.0188121
0.0184739
0.0181414
0.0178569
0.0175523
0.01735
0.0170732
0.0169556
0.0166429
0.0224497
0.0220598
0.0216666
0.0212721
0.0208785
0.020488
0.0201023
0.0197228
0.0193516
0.0189895
0.0186402
0.018301
0.0179841
0.0176719
0.0174053
0.0171199
0.0169309
0.0166739
0.0165659
0.0162803
0.0216084
0.0212557
0.0208986
0.020539
0.0201791
0.0198204
0.0194648
0.0191137
0.018769
0.0184315
0.0181051
0.0177871
0.0174898
0.0171959
0.0169456
0.016677
0.0165001
0.0162596
0.0161597
0.015898
0.0207925
0.0204775
0.0201567
0.0198319
0.0195049
0.0191772
0.0188504
0.0185257
0.0182052
0.0178897
0.0175835
0.0172834
0.017003
0.0167239
0.0164874
0.0162318
0.0160648
0.0158373
0.0157429
0.0155007
0.0200285
0.0197509
0.0194652
0.0191736
0.0188777
0.0185784
0.0182771
0.0179751
0.017675
0.0173771
0.0170868
0.0168002
0.0165325
0.0162639
0.0160377
0.0157909
0.0156311
0.0154126
0.0153212
0.0150935
0.0193348
0.0190942
0.0188419
0.0185811
0.0183131
0.0180381
0.0177575
0.0174731
0.0171876
0.0169016
0.0166217
0.0163432
0.0160836
0.0158206
0.0156014
0.015359
0.0152042
0.0149909
0.0149
0.014682
0.0187187
0.0185158
0.0182955
0.0180628
0.0178184
0.0175623
0.0172961
0.0170222
0.0167444
0.0164637
0.0161883
0.0159124
0.0156568
0.0153954
0.0151806
0.0149394
0.0147885
0.0145778
0.0144867
0.0142746
0.0181738
0.0180116
0.0178226
0.0176151
0.0173891
0.0171444
0.0168843
0.0166128
0.0163354
0.0160537
0.0157781
0.0155013
0.0152476
0.0149862
0.014776
0.0145354
0.0143906
0.0141825
0.0140935
0.0138862
0.017699
0.0175808
0.0174218
0.0172345
0.0170177
0.0167744
0.0165106
0.0162341
0.0159518
0.0156665
0.0153902
0.0151138
0.0148648
0.0146073
0.0144063
0.0141717
0.0140397
0.0138403
0.0137614
0.0135654
0.0172815
0.0172063
0.017074
0.0168968
0.0166764
0.0164242
0.0161507
0.0158677
0.0155825
0.0152988
0.0150286
0.0147613
0.0145257
0.014283
0.0141005
0.0138855
0.0137763
0.0135979
0.0135453
0.013379
0.0168746
0.0168394
0.016734
0.0165503
0.0163142
0.0160497
0.0157692
0.0154878
0.0152103
0.014941
0.0146898
0.0144459
0.0142369
0.0140251
0.0138729
0.0136966
0.0136236
0.0134858
0.0134858
0.0133741
0.0164316
0.0164194
0.0163308
0.0161323
0.0158778
0.0156099
0.0153366
0.0150739
0.0148215
0.0145843
0.0143695
0.0141666
0.0139995
0.0138375
0.0137308
0.0136159
0.0135927
0.013535
0.0136146
0.0135731
0.0159013
0.0158978
0.0158
0.0155799
0.0153243
0.0150768
0.0148345
0.0146131
0.0144076
0.0142214
0.0140604
0.0139167
0.0138072
0.0137127
0.0136671
0.0136347
0.0136819
0.0137142
0.0139114
0.0139839
0.0152164
0.0151952
0.0150553
0.0148329
0.0146136
0.0144199
0.014237
0.0140779
0.0139383
0.0138194
0.013726
0.0136545
0.0136128
0.0135967
0.0136214
0.0136747
0.0138157
0.0139305
0.0142578
0.0144928
0.0142188
0.0141544
0.0139711
0.0138057
0.0136712
0.0135582
0.0134548
0.0133712
0.0133063
0.0132593
0.013235
0.013235
0.0132567
0.0133071
0.0134038
0.0135269
0.0137514
0.013938
0.0143538
0.0147759
0.0125527
0.0124503
0.0123078
0.012265
0.0122396
0.0122131
0.0121859
0.0121675
0.0121622
0.0121678
0.0121891
0.0122266
0.0122856
0.0123722
0.0124994
0.0126549
0.0128955
0.013127
0.0135212
0.0141164
0.00916878
0.00913506
0.00916663
0.00923258
0.00928071
0.00929115
0.00928678
0.00927724
0.0092691
0.00926321
0.00926489
0.00927491
0.00929694
0.00933818
0.00940193
0.00949436
0.00961924
0.00979951
0.00998219
0.0105834
0.00153355
0.00147623
0.00144781
0.00144018
0.00143116
0.00141671
0.00139994
0.00138288
0.00136654
0.00135087
0.00133661
0.00132376
0.00131279
0.00130471
0.00130009
0.00129909
0.00130352
0.00131348
0.00132696
0.00140338
)
;

boundaryField
{
    inlet
    {
        type            fixedValue;
        value           uniform 0.375;
    }
    outlet
    {
        type            zeroGradient;
    }
    upperWall
    {
        type            kqRWallFunction;
        value           nonuniform List<scalar> 
138
(
0.34667
0.287115
0.241833
0.206032
0.177466
0.154566
0.136131
0.121196
0.108997
0.0989475
0.0905949
0.0835975
0.0776843
0.0726579
0.0683391
0.0646288
0.0613785
0.0585724
0.0557711
0.0529477
0.050331
0.0479102
0.0456721
0.0436021
0.0416855
0.0399079
0.0382562
0.0367182
0.0352829
0.0339403
0.0326815
0.0314985
0.0303842
0.0293323
0.0283369
0.0273931
0.0264963
0.0256424
0.0248277
0.0240489
0.023303
0.0225873
0.0218992
0.0212366
0.0205973
0.0199795
0.0193815
0.0188017
0.0182386
0.0176909
0.0171574
0.0166371
0.0161289
0.0156319
0.0151453
0.0146685
0.0142008
0.0137418
0.0132912
0.0128486
0.012414
0.0119874
0.0115688
0.0111582
0.0107561
0.0103625
0.0099778
0.00960232
0.00923639
0.00888034
0.00853448
0.00819908
0.00787438
0.00756061
0.00725785
0.00696623
0.00668572
0.00641632
0.00615789
0.00591035
0.00567342
0.00544693
0.00523054
0.005024
0.00482691
0.00463897
0.00445976
0.00428893
0.00412605
0.00397076
0.00382262
0.00368128
0.00354634
0.0034174
0.00329412
0.00317611
0.00306309
0.00295465
0.00285057
0.00275041
0.00265406
0.00256106
0.00247138
0.00238453
0.00230058
0.00221898
0.00213985
0.0020628
0.00198781
0.00191455
0.00184261
0.00177249
0.00170191
0.00163392
0.00156235
0.00148904
0.00142555
0.00123342
0.00153355
0.00147623
0.00144781
0.00144018
0.00143116
0.00141671
0.00139994
0.00138288
0.00136654
0.00135087
0.00133661
0.00132376
0.00131279
0.00130471
0.00130009
0.00129909
0.00130352
0.00131348
0.00132696
0.00140338
)
;
    }
    lowerWall
    {
        type            kqRWallFunction;
        value           nonuniform List<scalar> 
163
(
0.321065
0.223526
0.159632
0.119287
0.0935779
0.0770598
0.0661973
0.0587422
0.0533489
0.0492455
0.0459969
0.0433334
0.0411331
0.0392068
0.0376907
0.0361212
0.0352194
0.034118
1.76714e-05
9.49563e-05
0.000226125
0.000399683
0.000603281
0.000806471
0.000990237
0.00114188
0.00125479
0.00132801
0.00136334
0.00135995
0.00134013
0.00129749
0.00123584
0.00116816
0.00110714
0.00105622
0.00101586
0.000983515
0.000981282
0.00102126
0.00141817
0.0045149
0.0174458
1.76714e-05
9.88195e-05
0.000204636
0.000294335
0.000376607
0.000467019
0.00056891
0.000685988
0.000819982
0.000973714
0.00115421
0.00137211
0.00163831
0.00196501
0.00236161
0.00282947
0.00336761
0.00397235
0.00463707
0.00535334
0.00611361
0.00691131
0.00774051
0.00859586
0.00947243
0.0103654
0.0112701
0.0121815
0.0130945
0.0140033
0.014902
0.0157842
0.0166442
0.0174784
0.0182908
0.0190654
0.0197976
0.0204827
0.0211161
0.0216932
0.0222102
0.0226638
0.0230516
0.0233718
0.0236236
0.0238061
0.0239045
0.0239351
0.0239278
0.0238465
0.023703
0.0235023
0.0232485
0.022946
0.0225993
0.022213
0.0217916
0.0213396
0.0208614
0.0203611
0.0198431
0.0193114
0.0187684
0.0182177
0.0176625
0.0171058
0.0165501
0.0159978
0.0154507
0.0149107
0.0143794
0.0138581
0.013348
0.0128501
0.0123651
0.0118936
0.0114363
0.0109933
0.010565
0.0101515
0.00975295
0.00936935
0.00900071
0.00864668
0.00830709
0.00798169
0.00767018
0.00737214
0.00708715
0.00681471
0.00655441
0.00630567
0.0060682
0.00584024
0.00562459
0.00541202
0.00522274
0.00499859
0.00484916
0.00430978
0.00503735
0.00503344
0.00495609
0.00483363
0.0046831
0.00454518
0.00442769
0.00432432
0.00423578
0.00416082
0.00409905
0.00403978
0.00398887
0.00395258
0.00392082
0.00392251
0.00389353
0.00398337
0.00393243
0.00427208
)
;
    }
    frontAndBack
    {
        type            empty;
    }
}


// ************************************************************************* //
