# Forces     
# CofR       : (5.000000e-01 0.000000e+00 0.000000e+00)
# Time       forces(pressure viscous porous)	moments(pressure viscous porous)
1            	((-2.396493e-02 -1.938459e-01 7.593715e-21) (2.793445e-04 -1.763930e-05 6.589736e-21) (0.000000e+00 0.000000e+00 0.000000e+00)) ((-2.752777e-22 3.019072e-21 7.936242e-02) (-1.379501e-22 1.633473e-21 1.362989e-05) (0.000000e+00 0.000000e+00 0.000000e+00))
2            	((-1.269731e-02 -1.301581e-01 5.030602e-21) (2.992548e-04 2.738721e-08 3.056399e-24) (0.000000e+00 0.000000e+00 0.000000e+00)) ((-2.155054e-22 2.316401e-21 5.115474e-02) (-1.048676e-25 1.868625e-24 8.641428e-06) (0.000000e+00 0.000000e+00 0.000000e+00))
3            	((-7.910712e-03 -1.047653e-01 4.965669e-21) (3.195316e-04 1.502215e-05 2.391829e-22) (0.000000e+00 0.000000e+00 0.000000e+00)) ((-2.152832e-22 2.310934e-21 3.982542e-02) (-5.092718e-24 6.113253e-23 2.267714e-06) (0.000000e+00 0.000000e+00 0.000000e+00))
4            	((-5.775085e-03 -9.007323e-02 5.288176e-21) (3.209079e-04 2.059796e-05 6.515031e-23) (0.000000e+00 0.000000e+00 0.000000e+00)) ((-2.146845e-22 2.321842e-21 3.374240e-02) (-1.341895e-24 1.647557e-23 -5.672068e-07) (0.000000e+00 0.000000e+00 0.000000e+00))
5            	((-4.376322e-03 -8.104117e-02 5.255987e-21) (3.160256e-04 2.156097e-05 7.101564e-23) (0.000000e+00 0.000000e+00 0.000000e+00)) ((-2.068769e-22 2.245657e-21 3.021893e-02) (-1.519852e-24 1.850966e-23 -1.521383e-06) (0.000000e+00 0.000000e+00 0.000000e+00))
6            	((-3.702918e-03 -7.652477e-02 5.173316e-21) (3.066042e-04 1.990482e-05 7.652248e-23) (0.000000e+00 0.000000e+00 0.000000e+00)) ((-1.974361e-22 2.151278e-21 2.867535e-02) (-1.599668e-24 1.910482e-23 -1.252113e-06) (0.000000e+00 0.000000e+00 0.000000e+00))
7            	((-3.790015e-03 -7.862106e-02 4.781736e-21) (2.945323e-04 1.912653e-05 1.371610e-22) (0.000000e+00 0.000000e+00 0.000000e+00)) ((-1.877879e-22 2.038998e-21 2.966220e-02) (-2.990074e-24 3.514133e-23 -1.460693e-06) (0.000000e+00 0.000000e+00 0.000000e+00))
8            	((-3.980264e-03 -8.157542e-02 4.409826e-21) (2.784728e-04 1.831462e-05 1.519210e-22) (0.000000e+00 0.000000e+00 0.000000e+00)) ((-1.790021e-22 1.935963e-21 3.097652e-02) (-3.303107e-24 3.880090e-23 -1.610890e-06) (0.000000e+00 0.000000e+00 0.000000e+00))
9            	((-4.068379e-03 -8.411184e-02 4.152287e-21) (2.632738e-04 1.710684e-05 1.917501e-22) (0.000000e+00 0.000000e+00 0.000000e+00)) ((-1.747877e-22 1.882460e-21 3.198674e-02) (-4.121193e-24 4.857157e-23 -1.522772e-06) (0.000000e+00 0.000000e+00 0.000000e+00))
10           	((-3.583632e-03 -8.255736e-02 3.863359e-21) (2.458911e-04 1.585361e-05 1.796697e-22) (0.000000e+00 0.000000e+00 0.000000e+00)) ((-1.687166e-22 1.809615e-21 3.124666e-02) (-3.858926e-24 4.540737e-23 -1.412672e-06) (0.000000e+00 0.000000e+00 0.000000e+00))
11           	((-2.643538e-03 -7.862449e-02 3.661421e-21) (2.255598e-04 1.488867e-05 1.896546e-22) (0.000000e+00 0.000000e+00 0.000000e+00)) ((-1.648010e-22 1.761831e-21 2.941707e-02) (-4.066201e-24 4.831387e-23 -1.500401e-06) (0.000000e+00 0.000000e+00 0.000000e+00))
12           	((-1.864894e-03 -7.259890e-02 4.092843e-21) (2.034825e-04 1.453188e-05 1.479336e-22) (0.000000e+00 0.000000e+00 0.000000e+00)) ((-1.690394e-22 1.824526e-21 2.690210e-02) (-2.996796e-24 3.606319e-23 -1.898018e-06) (0.000000e+00 0.000000e+00 0.000000e+00))
13           	((-1.206503e-03 -6.906587e-02 3.944978e-21) (1.833866e-04 1.351451e-05 1.755397e-22) (0.000000e+00 0.000000e+00 0.000000e+00)) ((-1.661041e-22 1.788885e-21 2.527460e-02) (-3.742028e-24 4.452048e-23 -1.995001e-06) (0.000000e+00 0.000000e+00 0.000000e+00))
14           	((3.295406e-05 -6.376971e-02 3.778873e-21) (1.583578e-04 1.302823e-05 1.748853e-22) (0.000000e+00 0.000000e+00 0.000000e+00)) ((-1.634892e-22 1.755362e-21 2.280162e-02) (-3.728830e-24 4.455832e-23 -2.445223e-06) (0.000000e+00 0.000000e+00 0.000000e+00))
15           	((5.620655e-06 -6.332501e-02 3.952217e-21) (1.399665e-04 1.244458e-05 1.626181e-22) (0.000000e+00 0.000000e+00 0.000000e+00)) ((-1.670469e-22 1.798257e-21 2.257179e-02) (-3.378136e-24 3.971945e-23 -2.678105e-06) (0.000000e+00 0.000000e+00 0.000000e+00))
16           	((6.149302e-04 -5.779191e-02 4.000667e-21) (1.205826e-04 1.183086e-05 1.212265e-22) (0.000000e+00 0.000000e+00 0.000000e+00)) ((-1.646592e-22 1.777963e-21 2.026622e-02) (-2.515356e-24 3.013552e-23 -2.903231e-06) (0.000000e+00 0.000000e+00 0.000000e+00))
17           	((1.412462e-03 -5.159441e-02 3.661625e-21) (1.039254e-04 1.109787e-05 1.065889e-22) (0.000000e+00 0.000000e+00 0.000000e+00)) ((-1.547833e-22 1.666217e-21 1.767249e-02) (-2.306755e-24 2.769388e-23 -3.027386e-06) (0.000000e+00 0.000000e+00 0.000000e+00))
18           	((2.318522e-03 -4.617047e-02 3.290623e-21) (8.691007e-05 1.031951e-05 1.456645e-22) (0.000000e+00 0.000000e+00 0.000000e+00)) ((-1.469632e-22 1.572447e-21 1.528153e-02) (-3.124544e-24 3.743726e-23 -3.142940e-06) (0.000000e+00 0.000000e+00 0.000000e+00))
19           	((2.287536e-03 -4.595890e-02 3.302007e-21) (7.721236e-05 9.696455e-06 1.466895e-22) (0.000000e+00 0.000000e+00 0.000000e+00)) ((-1.474752e-22 1.577922e-21 1.517136e-02) (-3.073826e-24 3.637535e-23 -3.123018e-06) (0.000000e+00 0.000000e+00 0.000000e+00))
20           	((2.583853e-03 -4.218921e-02 3.200745e-21) (6.742428e-05 9.063317e-06 1.086897e-22) (0.000000e+00 0.000000e+00 0.000000e+00)) ((-1.429367e-22 1.529380e-21 1.364550e-02) (-2.289225e-24 2.736139e-23 -3.077247e-06) (0.000000e+00 0.000000e+00 0.000000e+00))
21           	((2.760254e-03 -4.014093e-02 3.119064e-21) (6.206397e-05 8.523477e-06 1.273646e-22) (0.000000e+00 0.000000e+00 0.000000e+00)) ((-1.403366e-22 1.500350e-21 1.280563e-02) (-2.666980e-24 3.179064e-23 -2.973856e-06) (0.000000e+00 0.000000e+00 0.000000e+00))
22           	((3.034739e-03 -3.796065e-02 2.915667e-21) (5.725627e-05 8.160086e-06 1.338380e-22) (0.000000e+00 0.000000e+00 0.000000e+00)) ((-1.359573e-22 1.448064e-21 1.186983e-02) (-2.846802e-24 3.391925e-23 -2.921665e-06) (0.000000e+00 0.000000e+00 0.000000e+00))
23           	((3.565785e-03 -3.515031e-02 2.750650e-21) (5.174974e-05 7.934833e-06 1.313341e-22) (0.000000e+00 0.000000e+00 0.000000e+00)) ((-1.327873e-22 1.409299e-21 1.061834e-02) (-2.777273e-24 3.323070e-23 -2.923152e-06) (0.000000e+00 0.000000e+00 0.000000e+00))
24           	((3.509125e-03 -3.497870e-02 2.795805e-21) (5.081195e-05 7.836639e-06 1.407161e-22) (0.000000e+00 0.000000e+00 0.000000e+00)) ((-1.338836e-22 1.422091e-21 1.054103e-02) (-2.968555e-24 3.524879e-23 -2.859386e-06) (0.000000e+00 0.000000e+00 0.000000e+00))
25           	((3.459086e-03 -3.484206e-02 2.821476e-21) (5.152114e-05 7.733156e-06 1.325472e-22) (0.000000e+00 0.000000e+00 0.000000e+00)) ((-1.346728e-22 1.430948e-21 1.047417e-02) (-2.803480e-24 3.327079e-23 -2.747159e-06) (0.000000e+00 0.000000e+00 0.000000e+00))
26           	((3.586262e-03 -3.395680e-02 2.755497e-21) (5.226028e-05 7.665507e-06 1.311543e-22) (0.000000e+00 0.000000e+00 0.000000e+00)) ((-1.336273e-22 1.417567e-21 1.007256e-02) (-2.776790e-24 3.306924e-23 -2.642311e-06) (0.000000e+00 0.000000e+00 0.000000e+00))
27           	((3.667338e-03 -3.324794e-02 2.824139e-21) (5.354957e-05 7.777218e-06 1.368806e-22) (0.000000e+00 0.000000e+00 0.000000e+00)) ((-1.348079e-22 1.432374e-21 9.768528e-03) (-2.872489e-24 3.427043e-23 -2.596530e-06) (0.000000e+00 0.000000e+00 0.000000e+00))
28           	((3.879660e-03 -3.217665e-02 2.767730e-21) (5.372880e-05 7.799396e-06 1.313359e-22) (0.000000e+00 0.000000e+00 0.000000e+00)) ((-1.340326e-22 1.422066e-21 9.269231e-03) (-2.760870e-24 3.300287e-23 -2.541080e-06) (0.000000e+00 0.000000e+00 0.000000e+00))
29           	((3.969397e-03 -3.144413e-02 2.888805e-21) (5.434808e-05 7.829398e-06 1.319211e-22) (0.000000e+00 0.000000e+00 0.000000e+00)) ((-1.362085e-22 1.449077e-21 8.948847e-03) (-2.741959e-24 3.281360e-23 -2.473340e-06) (0.000000e+00 0.000000e+00 0.000000e+00))
30           	((3.958228e-03 -3.163857e-02 2.978420e-21) (5.660815e-05 7.858678e-06 1.322121e-22) (0.000000e+00 0.000000e+00 0.000000e+00)) ((-1.385498e-22 1.476045e-21 9.002321e-03) (-2.771018e-24 3.302703e-23 -2.388444e-06) (0.000000e+00 0.000000e+00 0.000000e+00))
31           	((3.958674e-03 -3.163559e-02 3.003562e-21) (5.877603e-05 7.825743e-06 1.300554e-22) (0.000000e+00 0.000000e+00 0.000000e+00)) ((-1.395266e-22 1.486665e-21 8.970766e-03) (-2.738006e-24 3.263668e-23 -2.273074e-06) (0.000000e+00 0.000000e+00 0.000000e+00))
32           	((4.026582e-03 -3.125684e-02 3.020473e-21) (6.083404e-05 7.722832e-06 1.458948e-22) (0.000000e+00 0.000000e+00 0.000000e+00)) ((-1.400762e-22 1.492783e-21 8.785583e-03) (-3.069087e-24 3.665925e-23 -2.125509e-06) (0.000000e+00 0.000000e+00 0.000000e+00))
33           	((4.061615e-03 -3.121112e-02 3.050159e-21) (6.323039e-05 7.672865e-06 1.561621e-22) (0.000000e+00 0.000000e+00 0.000000e+00)) ((-1.410851e-22 1.503943e-21 8.734951e-03) (-3.280671e-24 3.918546e-23 -2.008281e-06) (0.000000e+00 0.000000e+00 0.000000e+00))
34           	((4.167470e-03 -3.041803e-02 3.046288e-21) (6.515936e-05 7.636513e-06 1.345477e-22) (0.000000e+00 0.000000e+00 0.000000e+00)) ((-1.407733e-22 1.500768e-21 8.390074e-03) (-2.831376e-24 3.386116e-23 -1.906830e-06) (0.000000e+00 0.000000e+00 0.000000e+00))
35           	((4.177697e-03 -3.054424e-02 3.105081e-21) (6.822056e-05 7.600931e-06 1.444785e-22) (0.000000e+00 0.000000e+00 0.000000e+00)) ((-1.423563e-22 1.518909e-21 8.417390e-03) (-3.037495e-24 3.626038e-23 -1.786493e-06) (0.000000e+00 0.000000e+00 0.000000e+00))
36           	((4.218441e-03 -3.022383e-02 3.074935e-21) (7.060167e-05 7.589982e-06 1.380021e-22) (0.000000e+00 0.000000e+00 0.000000e+00)) ((-1.418848e-22 1.512854e-21 8.261383e-03) (-2.899059e-24 3.465521e-23 -1.687793e-06) (0.000000e+00 0.000000e+00 0.000000e+00))
37           	((4.234003e-03 -3.032659e-02 3.120649e-21) (7.317761e-05 7.579809e-06 1.514801e-22) (0.000000e+00 0.000000e+00 0.000000e+00)) ((-1.432099e-22 1.527859e-21 8.279116e-03) (-3.183737e-24 3.802405e-23 -1.586863e-06) (0.000000e+00 0.000000e+00 0.000000e+00))
38           	((4.282365e-03 -2.982565e-02 3.150113e-21) (7.519847e-05 7.614248e-06 1.420307e-22) (0.000000e+00 0.000000e+00 0.000000e+00)) ((-1.436111e-22 1.533207e-21 8.062125e-03) (-2.978096e-24 3.562853e-23 -1.518634e-06) (0.000000e+00 0.000000e+00 0.000000e+00))
39           	((4.346266e-03 -2.956926e-02 3.144307e-21) (7.741836e-05 7.592936e-06 1.427018e-22) (0.000000e+00 0.000000e+00 0.000000e+00)) ((-1.437300e-22 1.534043e-21 7.932703e-03) (-2.994344e-24 3.579731e-23 -1.429964e-06) (0.000000e+00 0.000000e+00 0.000000e+00))
40           	((4.368167e-03 -2.946187e-02 3.138565e-21) (7.882580e-05 7.602773e-06 1.500654e-22) (0.000000e+00 0.000000e+00 0.000000e+00)) ((-1.440742e-22 1.537032e-21 7.854614e-03) (-3.145622e-24 3.762765e-23 -1.378431e-06) (0.000000e+00 0.000000e+00 0.000000e+00))
41           	((4.375043e-03 -2.964075e-02 3.187930e-21) (8.079002e-05 7.585813e-06 1.445656e-22) (0.000000e+00 0.000000e+00 0.000000e+00)) ((-1.454584e-22 1.552790e-21 7.906558e-03) (-3.025180e-24 3.615733e-23 -1.301085e-06) (0.000000e+00 0.000000e+00 0.000000e+00))
42           	((4.413042e-03 -2.918336e-02 3.215679e-21) (8.218648e-05 7.631358e-06 1.432944e-22) (0.000000e+00 0.000000e+00 0.000000e+00)) ((-1.458557e-22 1.558013e-21 7.707989e-03) (-2.995411e-24 3.586474e-23 -1.264448e-06) (0.000000e+00 0.000000e+00 0.000000e+00))
43           	((4.470391e-03 -2.894349e-02 3.204359e-21) (8.404300e-05 7.631958e-06 1.452803e-22) (0.000000e+00 0.000000e+00 0.000000e+00)) ((-1.457995e-22 1.556893e-21 7.589312e-03) (-3.048057e-24 3.645143e-23 -1.202725e-06) (0.000000e+00 0.000000e+00 0.000000e+00))
44           	((4.479023e-03 -2.872011e-02 3.220503e-21) (8.528970e-05 7.696880e-06 1.498182e-22) (0.000000e+00 0.000000e+00 0.000000e+00)) ((-1.463601e-22 1.563076e-21 7.475954e-03) (-3.139637e-24 3.758198e-23 -1.184737e-06) (0.000000e+00 0.000000e+00 0.000000e+00))
45           	((4.517492e-03 -2.858420e-02 3.232832e-21) (8.717361e-05 7.731026e-06 1.453813e-22) (0.000000e+00 0.000000e+00 0.000000e+00)) ((-1.467883e-22 1.567799e-21 7.402777e-03) (-3.052938e-24 3.649710e-23 -1.136056e-06) (0.000000e+00 0.000000e+00 0.000000e+00))
46           	((4.523505e-03 -2.842621e-02 3.255197e-21) (8.843569e-05 7.826229e-06 1.503557e-22) (0.000000e+00 0.000000e+00 0.000000e+00)) ((-1.475451e-22 1.576176e-21 7.315339e-03) (-3.147566e-24 3.767862e-23 -1.130211e-06) (0.000000e+00 0.000000e+00 0.000000e+00))
47           	((4.559648e-03 -2.828000e-02 3.274076e-21) (9.030058e-05 7.900109e-06 1.465504e-22) (0.000000e+00 0.000000e+00 0.000000e+00)) ((-1.480467e-22 1.581937e-21 7.240468e-03) (-3.070468e-24 3.672129e-23 -1.100141e-06) (0.000000e+00 0.000000e+00 0.000000e+00))
48           	((4.537549e-03 -2.837305e-02 3.288195e-21) (9.160294e-05 8.021566e-06 1.526111e-22) (0.000000e+00 0.000000e+00 0.000000e+00)) ((-1.489241e-22 1.591040e-21 7.251455e-03) (-3.193268e-24 3.820924e-23 -1.107912e-06) (0.000000e+00 0.000000e+00 0.000000e+00))
49           	((4.533063e-03 -2.852092e-02 3.340992e-21) (9.353766e-05 8.145863e-06 1.487933e-22) (0.000000e+00 0.000000e+00 0.000000e+00)) ((-1.502572e-22 1.606487e-21 7.297381e-03) (-3.107750e-24 3.715915e-23 -1.098342e-06) (0.000000e+00 0.000000e+00 0.000000e+00))
50           	((4.620329e-03 -2.757507e-02 3.274966e-21) (9.413832e-05 8.328922e-06 1.475241e-22) (0.000000e+00 0.000000e+00 0.000000e+00)) ((-1.487434e-22 1.588633e-21 6.898150e-03) (-3.093564e-24 3.705174e-23 -1.147937e-06) (0.000000e+00 0.000000e+00 0.000000e+00))
51           	((4.653999e-03 -2.722085e-02 3.353327e-21) (9.549065e-05 8.477287e-06 1.522586e-22) (0.000000e+00 0.000000e+00 0.000000e+00)) ((-1.502452e-22 1.607007e-21 6.745107e-03) (-3.164585e-24 3.791193e-23 -1.164946e-06) (0.000000e+00 0.000000e+00 0.000000e+00))
52           	((4.722520e-03 -2.645296e-02 3.390609e-21) (9.654119e-05 8.645111e-06 1.486462e-22) (0.000000e+00 0.000000e+00 0.000000e+00)) ((-1.506370e-22 1.612669e-21 6.428240e-03) (-3.094006e-24 3.708755e-23 -1.198860e-06) (0.000000e+00 0.000000e+00 0.000000e+00))
53           	((4.772357e-03 -2.604455e-02 3.405132e-21) (9.765954e-05 8.794444e-06 1.546473e-22) (0.000000e+00 0.000000e+00 0.000000e+00)) ((-1.510533e-22 1.617391e-21 6.245650e-03) (-3.222428e-24 3.860258e-23 -1.226648e-06) (0.000000e+00 0.000000e+00 0.000000e+00))
54           	((4.760532e-03 -2.625800e-02 3.353187e-21) (9.877681e-05 8.958522e-06 1.667880e-22) (0.000000e+00 0.000000e+00 0.000000e+00)) ((-1.509800e-22 1.614014e-21 6.296946e-03) (-3.487996e-24 4.173224e-23 -1.264075e-06) (0.000000e+00 0.000000e+00 0.000000e+00))
55           	((4.702033e-03 -2.653711e-02 3.362514e-21) (1.000681e-04 9.138678e-06 1.635332e-22) (0.000000e+00 0.000000e+00 0.000000e+00)) ((-1.518042e-22 1.622362e-21 6.395808e-03) (-3.413479e-24 4.084237e-23 -1.293803e-06) (0.000000e+00 0.000000e+00 0.000000e+00))
56           	((4.679753e-03 -2.653520e-02 3.375774e-21) (1.012895e-04 9.298136e-06 1.661526e-22) (0.000000e+00 0.000000e+00 0.000000e+00)) ((-1.523274e-22 1.628040e-21 6.387526e-03) (-3.464414e-24 4.147605e-23 -1.313674e-06) (0.000000e+00 0.000000e+00 0.000000e+00))
57           	((4.736149e-03 -2.590314e-02 3.395035e-21) (1.019788e-04 9.460206e-06 1.546073e-22) (0.000000e+00 0.000000e+00 0.000000e+00)) ((-1.525940e-22 1.631577e-21 6.124975e-03) (-3.231293e-24 3.871129e-23 -1.349303e-06) (0.000000e+00 0.000000e+00 0.000000e+00))
58           	((4.737650e-03 -2.587517e-02 3.406985e-21) (1.029801e-04 9.619196e-06 1.672706e-22) (0.000000e+00 0.000000e+00 0.000000e+00)) ((-1.533561e-22 1.639468e-21 6.094564e-03) (-3.491627e-24 4.179422e-23 -1.381480e-06) (0.000000e+00 0.000000e+00 0.000000e+00))
59           	((4.837536e-03 -2.463785e-02 3.436771e-21) (1.031170e-04 9.797801e-06 1.517286e-22) (0.000000e+00 0.000000e+00 0.000000e+00)) ((-1.533265e-22 1.640721e-21 5.598164e-03) (-3.163646e-24 3.795920e-23 -1.434597e-06) (0.000000e+00 0.000000e+00 0.000000e+00))
60           	((4.915089e-03 -2.370644e-02 3.477708e-21) (1.035948e-04 9.947051e-06 1.552574e-22) (0.000000e+00 0.000000e+00 0.000000e+00)) ((-1.537221e-22 1.646607e-21 5.222513e-03) (-3.229078e-24 3.873090e-23 -1.472088e-06) (0.000000e+00 0.000000e+00 0.000000e+00))
61           	((4.937436e-03 -2.360574e-02 3.417070e-21) (1.041830e-04 1.006047e-05 1.668342e-22) (0.000000e+00 0.000000e+00 0.000000e+00)) ((-1.533392e-22 1.639827e-21 5.153182e-03) (-3.497455e-24 4.182032e-23 -1.502005e-06) (0.000000e+00 0.000000e+00 0.000000e+00))
62           	((4.881888e-03 -2.388782e-02 3.447965e-21) (1.048851e-04 1.022472e-05 1.664564e-22) (0.000000e+00 0.000000e+00 0.000000e+00)) ((-1.547258e-22 1.654655e-21 5.256319e-03) (-3.475163e-24 4.152867e-23 -1.542201e-06) (0.000000e+00 0.000000e+00 0.000000e+00))
63           	((4.838661e-03 -2.363192e-02 3.471353e-21) (1.053710e-04 1.039872e-05 1.620792e-22) (0.000000e+00 0.000000e+00 0.000000e+00)) ((-1.552718e-22 1.661072e-21 5.166582e-03) (-3.377686e-24 4.040869e-23 -1.587596e-06) (0.000000e+00 0.000000e+00 0.000000e+00))
64           	((4.841007e-03 -2.350939e-02 3.462327e-21) (1.059639e-04 1.054560e-05 1.612775e-22) (0.000000e+00 0.000000e+00 0.000000e+00)) ((-1.554114e-22 1.661939e-21 5.109081e-03) (-3.375412e-24 4.033549e-23 -1.622106e-06) (0.000000e+00 0.000000e+00 0.000000e+00))
65           	((4.981045e-03 -2.177296e-02 3.503782e-21) (1.051581e-04 1.073260e-05 1.502617e-22) (0.000000e+00 0.000000e+00 0.000000e+00)) ((-1.551961e-22 1.662021e-21 4.424881e-03) (-3.130409e-24 3.760543e-23 -1.705089e-06) (0.000000e+00 0.000000e+00 0.000000e+00))
66           	((5.035971e-03 -2.133867e-02 3.451909e-21) (1.052402e-04 1.086519e-05 1.682495e-22) (0.000000e+00 0.000000e+00 0.000000e+00)) ((-1.547251e-22 1.654852e-21 4.228706e-03) (-3.531184e-24 4.227938e-23 -1.759195e-06) (0.000000e+00 0.000000e+00 0.000000e+00))
67           	((4.995097e-03 -2.154762e-02 3.498439e-21) (1.054451e-04 1.101964e-05 1.703479e-22) (0.000000e+00 0.000000e+00 0.000000e+00)) ((-1.564322e-22 1.673545e-21 4.305779e-03) (-3.563632e-24 4.265944e-23 -1.814281e-06) (0.000000e+00 0.000000e+00 0.000000e+00))
68           	((4.960964e-03 -2.110594e-02 3.495758e-21) (1.052710e-04 1.119762e-05 1.637192e-22) (0.000000e+00 0.000000e+00 0.000000e+00)) ((-1.563175e-22 1.672312e-21 4.153857e-03) (-3.426709e-24 4.109957e-23 -1.882195e-06) (0.000000e+00 0.000000e+00 0.000000e+00))
69           	((5.009402e-03 -2.025724e-02 3.499891e-21) (1.047604e-04 1.135958e-05 1.618110e-22) (0.000000e+00 0.000000e+00 0.000000e+00)) ((-1.561851e-22 1.671261e-21 3.820901e-03) (-3.392279e-24 4.075540e-23 -1.953939e-06) (0.000000e+00 0.000000e+00 0.000000e+00))
70           	((5.035450e-03 -1.969755e-02 3.542404e-21) (1.044015e-04 1.147934e-05 1.653840e-22) (0.000000e+00 0.000000e+00 0.000000e+00)) ((-1.570592e-22 1.681796e-21 3.603056e-03) (-3.463753e-24 4.163609e-23 -2.008901e-06) (0.000000e+00 0.000000e+00 0.000000e+00))
71           	((5.093436e-03 -1.881351e-02 3.563243e-21) (1.036674e-04 1.160599e-05 1.608865e-22) (0.000000e+00 0.000000e+00 0.000000e+00)) ((-1.572124e-22 1.684333e-21 3.259176e-03) (-3.377157e-24 4.064336e-23 -2.073370e-06) (0.000000e+00 0.000000e+00 0.000000e+00))
72           	((5.138429e-03 -1.807690e-02 3.569389e-21) (1.029404e-04 1.170035e-05 1.642164e-22) (0.000000e+00 0.000000e+00 0.000000e+00)) ((-1.572817e-22 1.685311e-21 2.973187e-03) (-3.450046e-24 4.153478e-23 -2.125299e-06) (0.000000e+00 0.000000e+00 0.000000e+00))
73           	((5.165340e-03 -1.743660e-02 3.568576e-21) (1.021416e-04 1.177161e-05 1.658761e-22) (0.000000e+00 0.000000e+00 0.000000e+00)) ((-1.572755e-22 1.685210e-21 2.730697e-03) (-3.486520e-24 4.200204e-23 -2.168397e-06) (0.000000e+00 0.000000e+00 0.000000e+00))
74           	((5.174423e-03 -1.689755e-02 3.562766e-21) (1.013487e-04 1.182608e-05 1.664219e-22) (0.000000e+00 0.000000e+00 0.000000e+00)) ((-1.572081e-22 1.684267e-21 2.532887e-03) (-3.501232e-24 4.221017e-23 -2.203569e-06) (0.000000e+00 0.000000e+00 0.000000e+00))
75           	((5.171631e-03 -1.642602e-02 3.555901e-21) (1.005345e-04 1.187251e-05 1.672270e-22) (0.000000e+00 0.000000e+00 0.000000e+00)) ((-1.571442e-22 1.683304e-21 2.364915e-03) (-3.520190e-24 4.246299e-23 -2.236493e-06) (0.000000e+00 0.000000e+00 0.000000e+00))
76           	((5.165357e-03 -1.597058e-02 3.547591e-21) (9.966974e-05 1.190552e-05 1.677522e-22) (0.000000e+00 0.000000e+00 0.000000e+00)) ((-1.570547e-22 1.682021e-21 2.204966e-03) (-3.533330e-24 4.263845e-23 -2.265496e-06) (0.000000e+00 0.000000e+00 0.000000e+00))
77           	((5.162602e-03 -1.548508e-02 3.535673e-21) (9.876455e-05 1.194930e-05 1.676483e-22) (0.000000e+00 0.000000e+00 0.000000e+00)) ((-1.568716e-22 1.679659e-21 2.034007e-03) (-3.530790e-24 4.262197e-23 -2.302399e-06) (0.000000e+00 0.000000e+00 0.000000e+00))
78           	((5.166910e-03 -1.494296e-02 3.517991e-21) (9.773876e-05 1.199473e-05 1.671155e-22) (0.000000e+00 0.000000e+00 0.000000e+00)) ((-1.565300e-22 1.675486e-21 1.841468e-03) (-3.520936e-24 4.249166e-23 -2.344592e-06) (0.000000e+00 0.000000e+00 0.000000e+00))
79           	((5.177708e-03 -1.434511e-02 3.493646e-21) (9.663311e-05 1.202401e-05 1.663175e-22) (0.000000e+00 0.000000e+00 0.000000e+00)) ((-1.560088e-22 1.669256e-21 1.627852e-03) (-3.501905e-24 4.225721e-23 -2.382128e-06) (0.000000e+00 0.000000e+00 0.000000e+00))
80           	((5.192741e-03 -1.370805e-02 3.462755e-21) (9.547945e-05 1.204557e-05 1.654744e-22) (0.000000e+00 0.000000e+00 0.000000e+00)) ((-1.553133e-22 1.661026e-21 1.400068e-03) (-3.484276e-24 4.203238e-23 -2.418924e-06) (0.000000e+00 0.000000e+00 0.000000e+00))
81           	((5.209187e-03 -1.305408e-02 3.424759e-21) (9.427693e-05 1.205395e-05 1.649836e-22) (0.000000e+00 0.000000e+00 0.000000e+00)) ((-1.544401e-22 1.650732e-21 1.167338e-03) (-3.473157e-24 4.187885e-23 -2.452643e-06) (0.000000e+00 0.000000e+00 0.000000e+00))
82           	((5.224223e-03 -1.240215e-02 3.379965e-21) (9.304074e-05 1.205562e-05 1.641049e-22) (0.000000e+00 0.000000e+00 0.000000e+00)) ((-1.534006e-22 1.638501e-21 9.375241e-04) (-3.453674e-24 4.163799e-23 -2.486156e-06) (0.000000e+00 0.000000e+00 0.000000e+00))
83           	((5.236205e-03 -1.176562e-02 3.328116e-21) (9.177880e-05 1.204857e-05 1.632901e-22) (0.000000e+00 0.000000e+00 0.000000e+00)) ((-1.521943e-22 1.624313e-21 7.160457e-04) (-3.433423e-24 4.139193e-23 -2.518106e-06) (0.000000e+00 0.000000e+00 0.000000e+00))
84           	((5.244364e-03 -1.115110e-02 3.268041e-21) (9.050131e-05 1.203216e-05 1.630066e-22) (0.000000e+00 0.000000e+00 0.000000e+00)) ((-1.507918e-22 1.607829e-21 5.055905e-04) (-3.427419e-24 4.129767e-23 -2.548160e-06) (0.000000e+00 0.000000e+00 0.000000e+00))
85           	((5.248637e-03 -1.056006e-02 3.198375e-21) (8.922501e-05 1.200196e-05 1.625094e-22) (0.000000e+00 0.000000e+00 0.000000e+00)) ((-1.491619e-22 1.588680e-21 3.065852e-04) (-3.415338e-24 4.114443e-23 -2.573862e-06) (0.000000e+00 0.000000e+00 0.000000e+00))
86           	((5.242315e-03 -1.002716e-02 3.116525e-21) (8.800354e-05 1.196346e-05 1.619480e-22) (0.000000e+00 0.000000e+00 0.000000e+00)) ((-1.472514e-22 1.566224e-21 1.341607e-04) (-3.400565e-24 4.096262e-23 -2.596935e-06) (0.000000e+00 0.000000e+00 0.000000e+00))
87           	((5.240161e-03 -9.479823e-03 3.023777e-21) (8.671602e-05 1.191212e-05 1.611896e-22) (0.000000e+00 0.000000e+00 0.000000e+00)) ((-1.450759e-22 1.540678e-21 -4.405132e-05) (-3.381435e-24 4.072533e-23 -2.617827e-06) (0.000000e+00 0.000000e+00 0.000000e+00))
88           	((5.242250e-03 -8.904029e-03 2.913963e-21) (8.541455e-05 1.182611e-05 1.603842e-22) (0.000000e+00 0.000000e+00 0.000000e+00)) ((-1.424762e-22 1.510201e-21 -2.332033e-04) (-3.360935e-24 4.048696e-23 -2.624842e-06) (0.000000e+00 0.000000e+00 0.000000e+00))
89           	((5.253464e-03 -8.276881e-03 2.785147e-21) (8.405589e-05 1.169167e-05 1.600424e-22) (0.000000e+00 0.000000e+00 0.000000e+00)) ((-1.393953e-22 1.474153e-21 -4.437096e-04) (-3.351813e-24 4.038535e-23 -2.612433e-06) (0.000000e+00 0.000000e+00 0.000000e+00))
90           	((5.254339e-03 -7.672088e-03 2.614228e-21) (8.261871e-05 1.151456e-05 1.569493e-22) (0.000000e+00 0.000000e+00 0.000000e+00)) ((-1.351931e-22 1.425232e-21 -6.396707e-04) (-3.286799e-24 3.958803e-23 -2.582705e-06) (0.000000e+00 0.000000e+00 0.000000e+00))
91           	((5.251560e-03 -7.138096e-03 2.440682e-21) (8.131581e-05 1.132939e-05 1.591188e-22) (0.000000e+00 0.000000e+00 0.000000e+00)) ((-1.311017e-22 1.377231e-21 -8.107748e-04) (-3.322256e-24 4.003357e-23 -2.552574e-06) (0.000000e+00 0.000000e+00 0.000000e+00))
92           	((5.243298e-03 -6.639441e-03 2.237769e-21) (8.017109e-05 1.113210e-05 1.582859e-22) (0.000000e+00 0.000000e+00 0.000000e+00)) ((-1.262929e-22 1.320870e-21 -9.669645e-04) (-3.302138e-24 3.978747e-23 -2.517206e-06) (0.000000e+00 0.000000e+00 0.000000e+00))
93           	((5.224887e-03 -6.178346e-03 1.994662e-21) (7.896022e-05 1.092447e-05 1.544550e-22) (0.000000e+00 0.000000e+00 0.000000e+00)) ((-1.203419e-22 1.251534e-21 -1.104814e-03) (-3.225712e-24 3.885732e-23 -2.479919e-06) (0.000000e+00 0.000000e+00 0.000000e+00))
94           	((5.206593e-03 -5.761162e-03 1.721900e-21) (7.785123e-05 1.069717e-05 1.578946e-22) (0.000000e+00 0.000000e+00 0.000000e+00)) ((-1.138770e-22 1.175764e-21 -1.229014e-03) (-3.291062e-24 3.965292e-23 -2.434672e-06) (0.000000e+00 0.000000e+00 0.000000e+00))
95           	((5.187641e-03 -5.345656e-03 1.415297e-21) (7.679363e-05 1.043085e-05 1.576787e-22) (0.000000e+00 0.000000e+00 0.000000e+00)) ((-1.065500e-22 1.090020e-21 -1.353497e-03) (-3.288807e-24 3.962681e-23 -2.373025e-06) (0.000000e+00 0.000000e+00 0.000000e+00))
96           	((5.167776e-03 -4.943055e-03 1.075833e-21) (7.576615e-05 1.015616e-05 1.573822e-22) (0.000000e+00 0.000000e+00 0.000000e+00)) ((-9.836867e-23 9.944280e-22 -1.474262e-03) (-3.289269e-24 3.961685e-23 -2.308949e-06) (0.000000e+00 0.000000e+00 0.000000e+00))
97           	((5.145704e-03 -4.570977e-03 7.063320e-22) (7.473473e-05 9.873594e-06 1.579209e-22) (0.000000e+00 0.000000e+00 0.000000e+00)) ((-8.941975e-23 8.899604e-22 -1.584880e-03) (-3.308783e-24 3.984042e-23 -2.242761e-06) (0.000000e+00 0.000000e+00 0.000000e+00))
98           	((5.120310e-03 -4.243306e-03 3.148590e-22) (7.359830e-05 9.607698e-06 1.597343e-22) (0.000000e+00 0.000000e+00 0.000000e+00)) ((-7.989353e-23 7.788496e-22 -1.679993e-03) (-3.357526e-24 4.040684e-23 -2.187055e-06) (0.000000e+00 0.000000e+00 0.000000e+00))
99           	((5.090878e-03 -3.975348e-03 -8.659991e-23) (7.235703e-05 9.349060e-06 1.606368e-22) (0.000000e+00 0.000000e+00 0.000000e+00)) ((-7.007390e-23 6.644234e-22 -1.754030e-03) (-3.391661e-24 4.077874e-23 -2.137040e-06) (0.000000e+00 0.000000e+00 0.000000e+00))
100          	((5.057286e-03 -3.775229e-03 -4.817767e-22) (7.114756e-05 9.084477e-06 1.604669e-22) (0.000000e+00 0.000000e+00 0.000000e+00)) ((-6.034384e-23 5.511760e-22 -1.804536e-03) (-3.405144e-24 4.090244e-23 -2.083189e-06) (0.000000e+00 0.000000e+00 0.000000e+00))
101          	((5.019588e-03 -3.648569e-03 -8.519559e-22) (7.006195e-05 8.828516e-06 1.593086e-22) (0.000000e+00 0.000000e+00 0.000000e+00)) ((-5.112958e-23 4.441407e-22 -1.829499e-03) (-3.399004e-24 4.078593e-23 -2.028549e-06) (0.000000e+00 0.000000e+00 0.000000e+00))
102          	((4.977101e-03 -3.606566e-03 -1.175699e-21) (6.912635e-05 8.591009e-06 1.565431e-22) (0.000000e+00 0.000000e+00 0.000000e+00)) ((-4.292235e-23 3.491114e-22 -1.824635e-03) (-3.356671e-24 4.023915e-23 -1.975700e-06) (0.000000e+00 0.000000e+00 0.000000e+00))
103          	((4.930620e-03 -3.655992e-03 -1.432124e-21) (6.831609e-05 8.384325e-06 1.523073e-22) (0.000000e+00 0.000000e+00 0.000000e+00)) ((-3.621656e-23 2.718841e-22 -1.787787e-03) (-3.279756e-24 3.929509e-23 -1.929717e-06) (0.000000e+00 0.000000e+00 0.000000e+00))
104          	((4.881411e-03 -3.794668e-03 -1.602867e-21) (6.763469e-05 8.212434e-06 1.461366e-22) (0.000000e+00 0.000000e+00 0.000000e+00)) ((-3.144779e-23 2.175629e-22 -1.720196e-03) (-3.155350e-24 3.779527e-23 -1.891225e-06) (0.000000e+00 0.000000e+00 0.000000e+00))
105          	((4.827864e-03 -4.040898e-03 -1.670682e-21) (6.713526e-05 8.077448e-06 1.392610e-22) (0.000000e+00 0.000000e+00 0.000000e+00)) ((-2.902251e-23 1.909169e-22 -1.614252e-03) (-3.008021e-24 3.603894e-23 -1.859024e-06) (0.000000e+00 0.000000e+00 0.000000e+00))
106          	((4.780427e-03 -4.329221e-03 -1.636066e-21) (6.670229e-05 7.982504e-06 1.325692e-22) (0.000000e+00 0.000000e+00 0.000000e+00)) ((-2.896818e-23 1.921827e-22 -1.498165e-03) (-2.858664e-24 3.427963e-23 -1.836772e-06) (0.000000e+00 0.000000e+00 0.000000e+00))
107          	((4.736686e-03 -4.699620e-03 -1.492107e-21) (6.634763e-05 7.932869e-06 1.272707e-22) (0.000000e+00 0.000000e+00 0.000000e+00)) ((-3.150012e-23 2.237717e-22 -1.356878e-03) (-2.733090e-24 3.281362e-23 -1.827136e-06) (0.000000e+00 0.000000e+00 0.000000e+00))
108          	((4.656757e-03 -5.573208e-03 -1.215599e-21) (6.639189e-05 7.917940e-06 1.295112e-22) (0.000000e+00 0.000000e+00 0.000000e+00)) ((-3.747724e-23 2.950786e-22 -1.025440e-03) (-2.759367e-24 3.315171e-23 -1.819821e-06) (0.000000e+00 0.000000e+00 0.000000e+00))
109          	((4.599812e-03 -6.237753e-03 -9.136220e-22) (6.637860e-05 7.964316e-06 1.268020e-22) (0.000000e+00 0.000000e+00 0.000000e+00)) ((-4.397347e-23 3.726537e-22 -7.766289e-04) (-2.694119e-24 3.240421e-23 -1.830616e-06) (0.000000e+00 0.000000e+00 0.000000e+00))
110          	((4.547634e-03 -6.886896e-03 -4.840300e-22) (6.633556e-05 8.037922e-06 1.291090e-22) (0.000000e+00 0.000000e+00 0.000000e+00)) ((-5.328826e-23 4.837111e-22 -5.363810e-04) (-2.714963e-24 3.272706e-23 -1.850275e-06) (0.000000e+00 0.000000e+00 0.000000e+00))
111          	((4.499769e-03 -7.622586e-03 -1.937583e-23) (6.642935e-05 8.144317e-06 1.361648e-22) (0.000000e+00 0.000000e+00 0.000000e+00)) ((-6.376952e-23 6.077103e-22 -2.706706e-04) (-2.853762e-24 3.441129e-23 -1.879820e-06) (0.000000e+00 0.000000e+00 0.000000e+00))
112          	((4.450266e-03 -8.442970e-03 4.622801e-22) (6.664679e-05 8.272541e-06 1.441821e-22) (0.000000e+00 0.000000e+00 0.000000e+00)) ((-7.489817e-23 7.387655e-22 2.482818e-05) (-3.014046e-24 3.634476e-23 -1.912499e-06) (0.000000e+00 0.000000e+00 0.000000e+00))
113          	((4.401305e-03 -9.306401e-03 9.419458e-22) (6.687911e-05 8.445453e-06 1.560269e-22) (0.000000e+00 0.000000e+00 0.000000e+00)) ((-8.623629e-23 8.717176e-22 3.345956e-04) (-3.255126e-24 3.924785e-23 -1.963905e-06) (0.000000e+00 0.000000e+00 0.000000e+00))
114          	((4.357178e-03 -1.015535e-02 1.397410e-21) (6.713518e-05 8.598744e-06 1.639768e-22) (0.000000e+00 0.000000e+00 0.000000e+00)) ((-9.725412e-23 1.000365e-21 6.370903e-04) (-3.419426e-24 4.122562e-23 -2.002910e-06) (0.000000e+00 0.000000e+00 0.000000e+00))
115          	((4.319609e-03 -1.093580e-02 1.812353e-21) (6.731633e-05 8.737129e-06 1.734031e-22) (0.000000e+00 0.000000e+00 0.000000e+00)) ((-1.075315e-22 1.119856e-21 9.122883e-04) (-3.616136e-24 4.359122e-23 -2.034860e-06) (0.000000e+00 0.000000e+00 0.000000e+00))
116          	((4.291095e-03 -1.161067e-02 2.174829e-21) (6.744504e-05 8.940696e-06 1.791076e-22) (0.000000e+00 0.000000e+00 0.000000e+00)) ((-1.167506e-22 1.226540e-21 1.146825e-03) (-3.738697e-24 4.505911e-23 -2.102752e-06) (0.000000e+00 0.000000e+00 0.000000e+00))
117          	((4.275842e-03 -1.213849e-02 2.481042e-21) (6.747962e-05 9.098273e-06 1.834925e-22) (0.000000e+00 0.000000e+00 0.000000e+00)) ((-1.247552e-22 1.318732e-21 1.325255e-03) (-3.831204e-24 4.616647e-23 -2.153303e-06) (0.000000e+00 0.000000e+00 0.000000e+00))
118          	((4.268062e-03 -1.250087e-02 2.728050e-21) (6.734861e-05 9.216448e-06 1.857643e-22) (0.000000e+00 0.000000e+00 0.000000e+00)) ((-1.314050e-22 1.394939e-21 1.442558e-03) (-3.882081e-24 4.679192e-23 -2.188696e-06) (0.000000e+00 0.000000e+00 0.000000e+00))
119          	((4.271944e-03 -1.267966e-02 2.916030e-21) (6.715854e-05 9.311342e-06 1.841249e-22) (0.000000e+00 0.000000e+00 0.000000e+00)) ((-1.366496e-22 1.454691e-21 1.492947e-03) (-3.853298e-24 4.642564e-23 -2.218277e-06) (0.000000e+00 0.000000e+00 0.000000e+00))
120          	((4.287348e-03 -1.269106e-02 3.036757e-21) (6.681796e-05 9.391241e-06 1.865267e-22) (0.000000e+00 0.000000e+00 0.000000e+00)) ((-1.403651e-22 1.496380e-21 1.480170e-03) (-3.903734e-24 4.703440e-23 -2.248229e-06) (0.000000e+00 0.000000e+00 0.000000e+00))
121          	((4.306520e-03 -1.261151e-02 3.115111e-21) (6.642189e-05 9.478020e-06 1.834444e-22) (0.000000e+00 0.000000e+00 0.000000e+00)) ((-1.430271e-22 1.525828e-21 1.436301e-03) (-3.844886e-24 4.633509e-23 -2.287591e-06) (0.000000e+00 0.000000e+00 0.000000e+00))
122          	((4.334117e-03 -1.232614e-02 3.142783e-21) (6.590094e-05 9.550551e-06 1.830051e-22) (0.000000e+00 0.000000e+00 0.000000e+00)) ((-1.443728e-22 1.540100e-21 1.318772e-03) (-3.831691e-24 4.618121e-23 -2.326205e-06) (0.000000e+00 0.000000e+00 0.000000e+00))
123          	((4.387245e-03 -1.169209e-02 3.103840e-21) (6.506697e-05 9.607492e-06 1.792981e-22) (0.000000e+00 0.000000e+00 0.000000e+00)) ((-1.440213e-22 1.534737e-21 1.068549e-03) (-3.757401e-24 4.529988e-23 -2.367886e-06) (0.000000e+00 0.000000e+00 0.000000e+00))
124          	((4.438201e-03 -1.107521e-02 3.050991e-21) (6.428570e-05 9.625794e-06 1.804019e-22) (0.000000e+00 0.000000e+00 0.000000e+00)) ((-1.432701e-22 1.524843e-21 8.274201e-04) (-3.780237e-24 4.559669e-23 -2.394904e-06) (0.000000e+00 0.000000e+00 0.000000e+00))
125          	((4.487134e-03 -1.043093e-02 2.955323e-21) (6.350371e-05 9.618305e-06 1.788291e-22) (0.000000e+00 0.000000e+00 0.000000e+00)) ((-1.415321e-22 1.503322e-21 5.793633e-04) (-3.746515e-24 4.517460e-23 -2.412785e-06) (0.000000e+00 0.000000e+00 0.000000e+00))
126          	((4.527494e-03 -9.787796e-03 2.853442e-21) (6.274352e-05 9.611159e-06 1.732746e-22) (0.000000e+00 0.000000e+00 0.000000e+00)) ((-1.394519e-22 1.478214e-21 3.384868e-04) (-3.632695e-24 4.379282e-23 -2.431152e-06) (0.000000e+00 0.000000e+00 0.000000e+00))
127          	((4.579812e-03 -8.921060e-03 2.684070e-21) (6.185246e-05 9.602873e-06 1.732109e-22) (0.000000e+00 0.000000e+00 0.000000e+00)) ((-1.357562e-22 1.434206e-21 1.466555e-05) (-3.632004e-24 4.382186e-23 -2.453979e-06) (0.000000e+00 0.000000e+00 0.000000e+00))
128          	((4.620074e-03 -8.196110e-03 2.540849e-21) (6.107161e-05 9.568848e-06 1.706565e-22) (0.000000e+00 0.000000e+00 0.000000e+00)) ((-1.325578e-22 1.396294e-21 -2.521011e-04) (-3.576828e-24 4.312810e-23 -2.465780e-06) (0.000000e+00 0.000000e+00 0.000000e+00))
129          	((4.673379e-03 -7.223994e-03 2.342330e-21) (6.009941e-05 9.511656e-06 1.683572e-22) (0.000000e+00 0.000000e+00 0.000000e+00)) ((-1.279198e-22 1.341789e-21 -6.102038e-04) (-3.529696e-24 4.259801e-23 -2.471112e-06) (0.000000e+00 0.000000e+00 0.000000e+00))
130          	((4.716810e-03 -6.391575e-03 2.149921e-21) (5.921547e-05 9.440784e-06 1.677536e-22) (0.000000e+00 0.000000e+00 0.000000e+00)) ((-1.234390e-22 1.289100e-21 -9.142866e-04) (-3.515157e-24 4.240271e-23 -2.472664e-06) (0.000000e+00 0.000000e+00 0.000000e+00))
131          	((4.752040e-03 -5.610698e-03 1.941538e-21) (5.834873e-05 9.351159e-06 1.677765e-22) (0.000000e+00 0.000000e+00 0.000000e+00)) ((-1.185410e-22 1.231606e-21 -1.195607e-03) (-3.517220e-24 4.244312e-23 -2.467600e-06) (0.000000e+00 0.000000e+00 0.000000e+00))
132          	((4.782188e-03 -4.845388e-03 1.714833e-21) (5.746852e-05 9.259145e-06 1.659171e-22) (0.000000e+00 0.000000e+00 0.000000e+00)) ((-1.131446e-22 1.168409e-21 -1.468262e-03) (-3.476423e-24 4.194207e-23 -2.462879e-06) (0.000000e+00 0.000000e+00 0.000000e+00))
133          	((4.799492e-03 -4.197597e-03 1.481396e-21) (5.668291e-05 9.149487e-06 1.668943e-22) (0.000000e+00 0.000000e+00 0.000000e+00)) ((-1.075816e-22 1.103274e-21 -1.693653e-03) (-3.498200e-24 4.221684e-23 -2.450601e-06) (0.000000e+00 0.000000e+00 0.000000e+00))
134          	((4.817524e-03 -3.494269e-03 1.218193e-21) (5.587306e-05 9.031297e-06 1.649272e-22) (0.000000e+00 0.000000e+00 0.000000e+00)) ((-1.012122e-22 1.028909e-21 -1.938347e-03) (-3.458567e-24 4.172736e-23 -2.435640e-06) (0.000000e+00 0.000000e+00 0.000000e+00))
135          	((4.835559e-03 -2.799729e-03 9.399014e-22) (5.504556e-05 8.892675e-06 1.649294e-22) (0.000000e+00 0.000000e+00 0.000000e+00)) ((-9.444035e-23 9.499237e-22 -2.180365e-03) (-3.460634e-24 4.177389e-23 -2.413843e-06) (0.000000e+00 0.000000e+00 0.000000e+00))
136          	((4.850958e-03 -2.128720e-03 6.586773e-22) (5.420633e-05 8.756505e-06 1.641296e-22) (0.000000e+00 0.000000e+00 0.000000e+00)) ((-8.745622e-23 8.687612e-22 -2.412665e-03) (-3.449809e-24 4.161492e-23 -2.395494e-06) (0.000000e+00 0.000000e+00 0.000000e+00))
137          	((4.864152e-03 -1.508922e-03 3.419454e-22) (5.344697e-05 8.610807e-06 1.676337e-22) (0.000000e+00 0.000000e+00 0.000000e+00)) ((-7.976583e-23 7.790269e-22 -2.627293e-03) (-3.525590e-24 4.254129e-23 -2.373954e-06) (0.000000e+00 0.000000e+00 0.000000e+00))
138          	((4.871040e-03 -9.554260e-04 4.765656e-23) (5.263419e-05 8.444257e-06 1.648600e-22) (0.000000e+00 0.000000e+00 0.000000e+00)) ((-7.243465e-23 6.938781e-22 -2.816489e-03) (-3.476619e-24 4.192683e-23 -2.342745e-06) (0.000000e+00 0.000000e+00 0.000000e+00))
139          	((4.872637e-03 -4.764246e-04 -2.526430e-22) (5.184976e-05 8.305570e-06 1.661431e-22) (0.000000e+00 0.000000e+00 0.000000e+00)) ((-6.496897e-23 6.071357e-22 -2.977801e-03) (-3.510499e-24 4.229864e-23 -2.325150e-06) (0.000000e+00 0.000000e+00 0.000000e+00))
140          	((4.869155e-03 -6.921570e-05 -5.528193e-22) (5.114176e-05 8.121686e-06 1.656923e-22) (0.000000e+00 0.000000e+00 0.000000e+00)) ((-5.748967e-23 5.202697e-22 -3.111809e-03) (-3.510942e-24 4.230069e-23 -2.282775e-06) (0.000000e+00 0.000000e+00 0.000000e+00))
141          	((4.859747e-03 2.643711e-04 -8.388595e-22) (5.038964e-05 7.934460e-06 1.643645e-22) (0.000000e+00 0.000000e+00 0.000000e+00)) ((-5.031775e-23 4.370664e-22 -3.218566e-03) (-3.493419e-24 4.205985e-23 -2.236754e-06) (0.000000e+00 0.000000e+00 0.000000e+00))
142          	((4.843125e-03 5.115398e-04 -1.100345e-21) (4.971628e-05 7.783579e-06 1.619421e-22) (0.000000e+00 0.000000e+00 0.000000e+00)) ((-4.367998e-23 3.602275e-22 -3.292243e-03) (-3.451822e-24 4.152283e-23 -2.205457e-06) (0.000000e+00 0.000000e+00 0.000000e+00))
143          	((4.815407e-03 6.725866e-04 -1.304624e-21) (4.916198e-05 7.656309e-06 1.576688e-22) (0.000000e+00 0.000000e+00 0.000000e+00)) ((-3.819423e-23 2.973339e-22 -3.330473e-03) (-3.367685e-24 4.051706e-23 -2.179267e-06) (0.000000e+00 0.000000e+00 0.000000e+00))
144          	((4.785467e-03 6.996085e-04 -1.479849e-21) (4.865242e-05 7.547756e-06 1.550035e-22) (0.000000e+00 0.000000e+00 0.000000e+00)) ((-3.357840e-23 2.442415e-22 -3.322943e-03) (-3.320954e-24 3.992238e-23 -2.158704e-06) (0.000000e+00 0.000000e+00 0.000000e+00))
145          	((4.748791e-03 6.199260e-04 -1.597216e-21) (4.820998e-05 7.465081e-06 1.535113e-22) (0.000000e+00 0.000000e+00 0.000000e+00)) ((-3.034421e-23 2.073200e-22 -3.275827e-03) (-3.287570e-24 3.950961e-23 -2.144497e-06) (0.000000e+00 0.000000e+00 0.000000e+00))
146          	((4.709195e-03 4.977690e-04 -1.608661e-21) (4.786542e-05 7.393828e-06 1.459132e-22) (0.000000e+00 0.000000e+00 0.000000e+00)) ((-2.932429e-23 1.969945e-22 -3.212621e-03) (-3.122938e-24 3.754986e-23 -2.128660e-06) (0.000000e+00 0.000000e+00 0.000000e+00))
147          	((4.672113e-03 2.455631e-04 -1.575872e-21) (4.758591e-05 7.349157e-06 1.432854e-22) (0.000000e+00 0.000000e+00 0.000000e+00)) ((-2.957296e-23 2.010583e-22 -3.106862e-03) (-3.067749e-24 3.686705e-23 -2.120488e-06) (0.000000e+00 0.000000e+00 0.000000e+00))
148          	((4.633300e-03 -8.675795e-06 -1.442249e-21) (4.737327e-05 7.332046e-06 1.386623e-22) (0.000000e+00 0.000000e+00 0.000000e+00)) ((-3.192513e-23 2.303985e-22 -2.999405e-03) (-2.957319e-24 3.559289e-23 -2.117558e-06) (0.000000e+00 0.000000e+00 0.000000e+00))
149          	((4.591083e-03 -3.708497e-04 -1.251601e-21) (4.727785e-05 7.344723e-06 1.371458e-22) (0.000000e+00 0.000000e+00 0.000000e+00)) ((-3.572781e-23 2.765238e-22 -2.853920e-03) (-2.918462e-24 3.512684e-23 -2.123165e-06) (0.000000e+00 0.000000e+00 0.000000e+00))
150          	((4.546569e-03 -8.223339e-04 -1.005469e-21) (4.726699e-05 7.380685e-06 1.380116e-22) (0.000000e+00 0.000000e+00 0.000000e+00)) ((-4.091593e-23 3.387338e-22 -2.676904e-03) (-2.925957e-24 3.522895e-23 -2.134576e-06) (0.000000e+00 0.000000e+00 0.000000e+00))
151          	((4.500340e-03 -1.356327e-03 -7.144511e-22) (4.733594e-05 7.427741e-06 1.410313e-22) (0.000000e+00 0.000000e+00 0.000000e+00)) ((-4.727115e-23 4.143979e-22 -2.471168e-03) (-2.979007e-24 3.589743e-23 -2.146428e-06) (0.000000e+00 0.000000e+00 0.000000e+00))
152          	((4.453067e-03 -1.965445e-03 -3.937656e-22) (4.746213e-05 7.488570e-06 1.452822e-22) (0.000000e+00 0.000000e+00 0.000000e+00)) ((-5.447243e-23 4.996673e-22 -2.239701e-03) (-3.057411e-24 3.684016e-23 -2.160786e-06) (0.000000e+00 0.000000e+00 0.000000e+00))
153          	((4.407488e-03 -2.616324e-03 -6.315595e-23) (4.763971e-05 7.565990e-06 1.509101e-22) (0.000000e+00 0.000000e+00 0.000000e+00)) ((-6.207199e-23 5.892499e-22 -1.994878e-03) (-3.166709e-24 3.816705e-23 -2.179928e-06) (0.000000e+00 0.000000e+00 0.000000e+00))
154          	((4.353323e-03 -3.415943e-03 2.687951e-22) (4.793037e-05 7.637656e-06 1.602161e-22) (0.000000e+00 0.000000e+00 0.000000e+00)) ((-7.000733e-23 6.821069e-22 -1.695619e-03) (-3.355052e-24 4.044098e-23 -2.193721e-06) (0.000000e+00 0.000000e+00 0.000000e+00))
155          	((4.321055e-03 -3.956922e-03 5.574444e-22) (4.805494e-05 7.735078e-06 1.609847e-22) (0.000000e+00 0.000000e+00 0.000000e+00)) ((-7.684508e-23 7.622550e-22 -1.495818e-03) (-3.368806e-24 4.061003e-23 -2.219964e-06) (0.000000e+00 0.000000e+00 0.000000e+00))
156          	((4.285052e-03 -4.612896e-03 8.234370e-22) (4.822930e-05 7.818747e-06 1.699126e-22) (0.000000e+00 0.000000e+00 0.000000e+00)) ((-8.353773e-23 8.398501e-22 -1.255673e-03) (-3.549103e-24 4.277784e-23 -2.242845e-06) (0.000000e+00 0.000000e+00 0.000000e+00))
157          	((4.257139e-03 -5.165323e-03 1.037697e-21) (4.842412e-05 7.896808e-06 1.748407e-22) (0.000000e+00 0.000000e+00 0.000000e+00)) ((-8.908634e-23 9.038582e-22 -1.054913e-03) (-3.654576e-24 4.405028e-23 -2.262204e-06) (0.000000e+00 0.000000e+00 0.000000e+00))
158          	((4.237671e-03 -5.613146e-03 1.201936e-21) (4.855390e-05 7.962639e-06 1.781385e-22) (0.000000e+00 0.000000e+00 0.000000e+00)) ((-9.355132e-23 9.549443e-22 -8.945223e-04) (-3.724826e-24 4.487858e-23 -2.278480e-06) (0.000000e+00 0.000000e+00 0.000000e+00))
159          	((4.230360e-03 -5.900143e-03 1.319933e-21) (4.857739e-05 8.026887e-06 1.777325e-22) (0.000000e+00 0.000000e+00 0.000000e+00)) ((-9.689157e-23 9.929106e-22 -7.947311e-04) (-3.716643e-24 4.478396e-23 -2.297734e-06) (0.000000e+00 0.000000e+00 0.000000e+00))
160          	((4.218842e-03 -6.160450e-03 1.394512e-21) (4.863567e-05 8.073733e-06 1.817133e-22) (0.000000e+00 0.000000e+00 0.000000e+00)) ((-9.929331e-23 1.019681e-21 -7.020285e-04) (-3.800667e-24 4.579890e-23 -2.310985e-06) (0.000000e+00 0.000000e+00 0.000000e+00))
161          	((4.229531e-03 -6.187614e-03 1.411008e-21) (4.848864e-05 8.118117e-06 1.813979e-22) (0.000000e+00 0.000000e+00 0.000000e+00)) ((-1.003077e-22 1.030214e-21 -7.008255e-04) (-3.798829e-24 4.576691e-23 -2.329976e-06) (0.000000e+00 0.000000e+00 0.000000e+00))
162          	((4.239029e-03 -6.169605e-03 1.394463e-21) (4.833236e-05 8.137348e-06 1.814641e-22) (0.000000e+00 0.000000e+00 0.000000e+00)) ((-1.005160e-22 1.031349e-21 -7.138452e-04) (-3.802085e-24 4.580132e-23 -2.340051e-06) (0.000000e+00 0.000000e+00 0.000000e+00))
163          	((4.254776e-03 -6.030962e-03 1.349827e-21) (4.810120e-05 8.142765e-06 1.803456e-22) (0.000000e+00 0.000000e+00 0.000000e+00)) ((-9.992678e-23 1.023424e-21 -7.706013e-04) (-3.780399e-24 4.555732e-23 -2.347164e-06) (0.000000e+00 0.000000e+00 0.000000e+00))
164          	((4.272831e-03 -5.845560e-03 1.259017e-21) (4.785340e-05 8.141563e-06 1.804011e-22) (0.000000e+00 0.000000e+00 0.000000e+00)) ((-9.830610e-23 1.003273e-21 -8.444140e-04) (-3.787153e-24 4.561292e-23 -2.354773e-06) (0.000000e+00 0.000000e+00 0.000000e+00))
165          	((4.293370e-03 -5.574584e-03 1.142995e-21) (4.754012e-05 8.137398e-06 1.791960e-22) (0.000000e+00 0.000000e+00 0.000000e+00)) ((-9.598210e-23 9.751089e-22 -9.480761e-04) (-3.763484e-24 4.533190e-23 -2.364058e-06) (0.000000e+00 0.000000e+00 0.000000e+00))
166          	((4.315867e-03 -5.240946e-03 1.005203e-21) (4.720258e-05 8.106228e-06 1.780679e-22) (0.000000e+00 0.000000e+00 0.000000e+00)) ((-9.306362e-23 9.401482e-22 -1.074129e-03) (-3.743062e-24 4.509690e-23 -2.363032e-06) (0.000000e+00 0.000000e+00 0.000000e+00))
167          	((4.339589e-03 -4.862272e-03 8.494799e-22) (4.683058e-05 8.058699e-06 1.766915e-22) (0.000000e+00 0.000000e+00 0.000000e+00)) ((-8.964373e-23 8.994769e-22 -1.215779e-03) (-3.717639e-24 4.477135e-23 -2.356425e-06) (0.000000e+00 0.000000e+00 0.000000e+00))
168          	((4.362277e-03 -4.457333e-03 6.812655e-22) (4.644232e-05 8.011240e-06 1.752287e-22) (0.000000e+00 0.000000e+00 0.000000e+00)) ((-8.584606e-23 8.545558e-22 -1.365611e-03) (-3.690513e-24 4.446079e-23 -2.351927e-06) (0.000000e+00 0.000000e+00 0.000000e+00))
169          	((4.385264e-03 -4.028391e-03 5.050798e-22) (4.603596e-05 7.956045e-06 1.734071e-22) (0.000000e+00 0.000000e+00 0.000000e+00)) ((-8.177983e-23 8.066603e-22 -1.523434e-03) (-3.655856e-24 4.403286e-23 -2.345465e-06) (0.000000e+00 0.000000e+00 0.000000e+00))
170          	((4.407556e-03 -3.594548e-03 3.281427e-22) (4.562026e-05 7.896134e-06 1.716779e-22) (0.000000e+00 0.000000e+00 0.000000e+00)) ((-7.762126e-23 7.578445e-22 -1.682581e-03) (-3.623141e-24 4.361780e-23 -2.338288e-06) (0.000000e+00 0.000000e+00 0.000000e+00))
171          	((4.428592e-03 -3.163942e-03 1.541430e-22) (4.516770e-05 7.835599e-06 1.700257e-22) (0.000000e+00 0.000000e+00 0.000000e+00)) ((-7.345442e-23 7.091012e-22 -1.839563e-03) (-3.592274e-24 4.326112e-23 -2.331893e-06) (0.000000e+00 0.000000e+00 0.000000e+00))
172          	((4.450270e-03 -2.735218e-03 -6.197054e-24) (4.471491e-05 7.759806e-06 1.682447e-22) (0.000000e+00 0.000000e+00 0.000000e+00)) ((-6.951650e-23 6.632471e-22 -1.996182e-03) (-3.556844e-24 4.282835e-23 -2.318547e-06) (0.000000e+00 0.000000e+00 0.000000e+00))
173          	((4.457758e-03 -2.421129e-03 -1.590112e-22) (4.437065e-05 7.683078e-06 1.669077e-22) (0.000000e+00 0.000000e+00 0.000000e+00)) ((-6.575879e-23 6.195012e-22 -2.106055e-03) (-3.532815e-24 4.250411e-23 -2.302264e-06) (0.000000e+00 0.000000e+00 0.000000e+00))
174          	((4.473085e-03 -2.051237e-03 -2.938951e-22) (4.394266e-05 7.622178e-06 1.643882e-22) (0.000000e+00 0.000000e+00 0.000000e+00)) ((-6.230633e-23 5.795933e-22 -2.239091e-03) (-3.481397e-24 4.191444e-23 -2.294771e-06) (0.000000e+00 0.000000e+00 0.000000e+00))
175          	((4.477756e-03 -1.787022e-03 -4.134524e-22) (4.362864e-05 7.565662e-06 1.633281e-22) (0.000000e+00 0.000000e+00 0.000000e+00)) ((-5.922533e-23 5.440211e-22 -2.330413e-03) (-3.462104e-24 4.165059e-23 -2.286821e-06) (0.000000e+00 0.000000e+00 0.000000e+00))
176          	((4.477818e-03 -1.576278e-03 -5.092224e-22) (4.334440e-05 7.510216e-06 1.618522e-22) (0.000000e+00 0.000000e+00 0.000000e+00)) ((-5.666399e-23 5.146355e-22 -2.401156e-03) (-3.431445e-24 4.128949e-23 -2.277371e-06) (0.000000e+00 0.000000e+00 0.000000e+00))
177          	((4.476474e-03 -1.403754e-03 -5.833379e-22) (4.307852e-05 7.457640e-06 1.604092e-22) (0.000000e+00 0.000000e+00 0.000000e+00)) ((-5.459390e-23 4.910552e-22 -2.458222e-03) (-3.401814e-24 4.091848e-23 -2.267548e-06) (0.000000e+00 0.000000e+00 0.000000e+00))
178          	((4.474282e-03 -1.255763e-03 -6.304502e-22) (4.283823e-05 7.407897e-06 1.591090e-22) (0.000000e+00 0.000000e+00 0.000000e+00)) ((-5.310973e-23 4.744596e-22 -2.506621e-03) (-3.373285e-24 4.059582e-23 -2.256842e-06) (0.000000e+00 0.000000e+00 0.000000e+00))
179          	((4.460751e-03 -1.235596e-03 -6.515677e-22) (4.272311e-05 7.371501e-06 1.585151e-22) (0.000000e+00 0.000000e+00 0.000000e+00)) ((-5.227153e-23 4.653701e-22 -2.505252e-03) (-3.360420e-24 4.040962e-23 -2.249007e-06) (0.000000e+00 0.000000e+00 0.000000e+00))
180          	((4.456993e-03 -1.166698e-03 -6.571530e-22) (4.252464e-05 7.364975e-06 1.577199e-22) (0.000000e+00 0.000000e+00 0.000000e+00)) ((-5.179156e-23 4.605007e-22 -2.526287e-03) (-3.342536e-24 4.022548e-23 -2.255909e-06) (0.000000e+00 0.000000e+00 0.000000e+00))
181          	((4.442187e-03 -1.227254e-03 -6.350539e-22) (4.247866e-05 7.333813e-06 1.580538e-22) (0.000000e+00 0.000000e+00 0.000000e+00)) ((-5.200641e-23 4.636907e-22 -2.496980e-03) (-3.347428e-24 4.026089e-23 -2.246264e-06) (0.000000e+00 0.000000e+00 0.000000e+00))
182          	((4.426841e-03 -1.315417e-03 -5.950376e-22) (4.239203e-05 7.291149e-06 1.580960e-22) (0.000000e+00 0.000000e+00 0.000000e+00)) ((-5.266743e-23 4.720631e-22 -2.458599e-03) (-3.345865e-24 4.025743e-23 -2.228837e-06) (0.000000e+00 0.000000e+00 0.000000e+00))
183          	((4.412072e-03 -1.447674e-03 -5.467240e-22) (4.234810e-05 7.280526e-06 1.590796e-22) (0.000000e+00 0.000000e+00 0.000000e+00)) ((-5.361697e-23 4.836172e-22 -2.405443e-03) (-3.365469e-24 4.047883e-23 -2.225792e-06) (0.000000e+00 0.000000e+00 0.000000e+00))
184          	((4.395406e-03 -1.598089e-03 -4.734008e-22) (4.234798e-05 7.282404e-06 1.595485e-22) (0.000000e+00 0.000000e+00 0.000000e+00)) ((-5.511392e-23 5.016858e-22 -2.345276e-03) (-3.370144e-24 4.056248e-23 -2.226414e-06) (0.000000e+00 0.000000e+00 0.000000e+00))
185          	((4.378412e-03 -1.778766e-03 -3.954303e-22) (4.237427e-05 7.294546e-06 1.604999e-22) (0.000000e+00 0.000000e+00 0.000000e+00)) ((-5.679280e-23 5.217305e-22 -2.274673e-03) (-3.388284e-24 4.075845e-23 -2.230448e-06) (0.000000e+00 0.000000e+00 0.000000e+00))
186          	((4.360702e-03 -1.980358e-03 -3.130021e-22) (4.241323e-05 7.306502e-06 1.619160e-22) (0.000000e+00 0.000000e+00 0.000000e+00)) ((-5.863296e-23 5.435444e-22 -2.196975e-03) (-3.415690e-24 4.111096e-23 -2.232957e-06) (0.000000e+00 0.000000e+00 0.000000e+00))
187          	((4.344021e-03 -2.194353e-03 -2.286769e-22) (4.246396e-05 7.322092e-06 1.632592e-22) (0.000000e+00 0.000000e+00 0.000000e+00)) ((-6.057395e-23 5.664186e-22 -2.115460e-03) (-3.441691e-24 4.140769e-23 -2.236200e-06) (0.000000e+00 0.000000e+00 0.000000e+00))
188          	((4.327814e-03 -2.414305e-03 -1.450490e-22) (4.252791e-05 7.336620e-06 1.647978e-22) (0.000000e+00 0.000000e+00 0.000000e+00)) ((-6.255390e-23 5.896288e-22 -2.032561e-03) (-3.471791e-24 4.178212e-23 -2.238142e-06) (0.000000e+00 0.000000e+00 0.000000e+00))
189          	((4.308499e-03 -2.685612e-03 -6.161336e-23) (4.262320e-05 7.358982e-06 1.669291e-22) (0.000000e+00 0.000000e+00 0.000000e+00)) ((-6.462104e-23 6.136613e-22 -1.930444e-03) (-3.514939e-24 4.228653e-23 -2.243105e-06) (0.000000e+00 0.000000e+00 0.000000e+00))
190          	((4.298891e-03 -2.844978e-03 7.421457e-24) (4.265390e-05 7.386977e-06 1.668041e-22) (0.000000e+00 0.000000e+00 0.000000e+00)) ((-6.630478e-23 6.332918e-22 -1.871706e-03) (-3.511801e-24 4.227027e-23 -2.250903e-06) (0.000000e+00 0.000000e+00 0.000000e+00))
191          	((4.290038e-03 -3.013684e-03 7.155637e-23) (4.269514e-05 7.409361e-06 1.686105e-22) (0.000000e+00 0.000000e+00 0.000000e+00)) ((-6.794488e-23 6.522531e-22 -1.810254e-03) (-3.548019e-24 4.268676e-23 -2.256866e-06) (0.000000e+00 0.000000e+00 0.000000e+00))
192          	((4.279137e-03 -3.206786e-03 1.274901e-22) (4.275213e-05 7.427588e-06 1.706011e-22) (0.000000e+00 0.000000e+00 0.000000e+00)) ((-6.946570e-23 6.696532e-22 -1.739596e-03) (-3.589453e-24 4.319946e-23 -2.260909e-06) (0.000000e+00 0.000000e+00 0.000000e+00))
193          	((4.273370e-03 -3.328840e-03 1.705147e-22) (4.276709e-05 7.448214e-06 1.702451e-22) (0.000000e+00 0.000000e+00 0.000000e+00)) ((-7.063933e-23 6.830738e-22 -1.695679e-03) (-3.582523e-24 4.310222e-23 -2.266414e-06) (0.000000e+00 0.000000e+00 0.000000e+00))
194          	((4.269630e-03 -3.429082e-03 2.014583e-22) (4.277110e-05 7.463436e-06 1.713204e-22) (0.000000e+00 0.000000e+00 0.000000e+00)) ((-7.156317e-23 6.934872e-22 -1.660277e-03) (-3.604884e-24 4.337794e-23 -2.270597e-06) (0.000000e+00 0.000000e+00 0.000000e+00))
195          	((4.265340e-03 -3.532693e-03 2.222621e-22) (4.278212e-05 7.482120e-06 1.715755e-22) (0.000000e+00 0.000000e+00 0.000000e+00)) ((-7.226163e-23 7.012267e-22 -1.623145e-03) (-3.612878e-24 4.345746e-23 -2.277106e-06) (0.000000e+00 0.000000e+00 0.000000e+00))
196          	((4.264762e-03 -3.572548e-03 2.308081e-22) (4.276431e-05 7.510926e-06 1.717767e-22) (0.000000e+00 0.000000e+00 0.000000e+00)) ((-7.264417e-23 7.053187e-22 -1.609882e-03) (-3.615903e-24 4.350643e-23 -2.289922e-06) (0.000000e+00 0.000000e+00 0.000000e+00))
197          	((4.265879e-03 -3.574436e-03 2.272589e-22) (4.272116e-05 7.522911e-06 1.719392e-22) (0.000000e+00 0.000000e+00 0.000000e+00)) ((-7.273335e-23 7.059871e-22 -1.610477e-03) (-3.619996e-24 4.354715e-23 -2.294963e-06) (0.000000e+00 0.000000e+00 0.000000e+00))
198          	((4.269473e-03 -3.530724e-03 2.126918e-22) (4.264166e-05 7.517233e-06 1.718741e-22) (0.000000e+00 0.000000e+00 0.000000e+00)) ((-7.253769e-23 7.033685e-22 -1.627793e-03) (-3.619233e-24 4.354582e-23 -2.292673e-06) (0.000000e+00 0.000000e+00 0.000000e+00))
199          	((4.276463e-03 -3.450699e-03 1.918789e-22) (4.255763e-05 7.527338e-06 1.716593e-22) (0.000000e+00 0.000000e+00 0.000000e+00)) ((-7.216857e-23 6.987723e-22 -1.659400e-03) (-3.615907e-24 4.349652e-23 -2.299955e-06) (0.000000e+00 0.000000e+00 0.000000e+00))
200          	((4.283521e-03 -3.377461e-03 1.673689e-22) (4.249741e-05 7.517698e-06 1.717140e-22) (0.000000e+00 0.000000e+00 0.000000e+00)) ((-7.170184e-23 6.930538e-22 -1.688099e-03) (-3.618051e-24 4.352539e-23 -2.297911e-06) (0.000000e+00 0.000000e+00 0.000000e+00))
201          	((4.290920e-03 -3.274097e-03 1.325048e-22) (4.238639e-05 7.501209e-06 1.711504e-22) (0.000000e+00 0.000000e+00 0.000000e+00)) ((-7.096370e-23 6.842107e-22 -1.727438e-03) (-3.607638e-24 4.339104e-23 -2.293105e-06) (0.000000e+00 0.000000e+00 0.000000e+00))
202          	((4.298293e-03 -3.165762e-03 8.600732e-23) (4.227809e-05 7.492521e-06 1.710497e-22) (0.000000e+00 0.000000e+00 0.000000e+00)) ((-6.996643e-23 6.722947e-22 -1.768241e-03) (-3.607896e-24 4.339696e-23 -2.293137e-06) (0.000000e+00 0.000000e+00 0.000000e+00))
203          	((4.304583e-03 -3.047986e-03 3.765947e-23) (4.217625e-05 7.481402e-06 1.706346e-22) (0.000000e+00 0.000000e+00 0.000000e+00)) ((-6.888813e-23 6.595097e-22 -1.811782e-03) (-3.599903e-24 4.329171e-23 -2.292548e-06) (0.000000e+00 0.000000e+00 0.000000e+00))
204          	((4.310668e-03 -2.928024e-03 -1.190973e-23) (4.206836e-05 7.473064e-06 1.702101e-22) (0.000000e+00 0.000000e+00 0.000000e+00)) ((-6.775619e-23 6.461497e-22 -1.855689e-03) (-3.592125e-24 4.320267e-23 -2.293869e-06) (0.000000e+00 0.000000e+00 0.000000e+00))
205          	((4.316786e-03 -2.799364e-03 -6.282188e-23) (4.195820e-05 7.460678e-06 1.695442e-22) (0.000000e+00 0.000000e+00 0.000000e+00)) ((-6.656562e-23 6.321609e-22 -1.902720e-03) (-3.579458e-24 4.304139e-23 -2.293539e-06) (0.000000e+00 0.000000e+00 0.000000e+00))
206          	((4.323444e-03 -2.669191e-03 -1.130608e-22) (4.184135e-05 7.443229e-06 1.689836e-22) (0.000000e+00 0.000000e+00 0.000000e+00)) ((-6.536804e-23 6.181399e-22 -1.950212e-03) (-3.568834e-24 4.291582e-23 -2.290980e-06) (0.000000e+00 0.000000e+00 0.000000e+00))
207          	((4.329095e-03 -2.539561e-03 -1.626158e-22) (4.172968e-05 7.418831e-06 1.682925e-22) (0.000000e+00 0.000000e+00 0.000000e+00)) ((-6.416404e-23 6.040928e-22 -1.997245e-03) (-3.555553e-24 4.274670e-23 -2.285060e-06) (0.000000e+00 0.000000e+00 0.000000e+00))
208          	((4.333965e-03 -2.419817e-03 -2.085756e-22) (4.161524e-05 7.397825e-06 1.677636e-22) (0.000000e+00 0.000000e+00 0.000000e+00)) ((-6.302741e-23 5.908742e-22 -2.040353e-03) (-3.545170e-24 4.262800e-23 -2.280847e-06) (0.000000e+00 0.000000e+00 0.000000e+00))
209          	((4.338612e-03 -2.307908e-03 -2.510028e-22) (4.150916e-05 7.381054e-06 1.672503e-22) (0.000000e+00 0.000000e+00 0.000000e+00)) ((-6.196179e-23 5.785154e-22 -2.080577e-03) (-3.535409e-24 4.250113e-23 -2.278736e-06) (0.000000e+00 0.000000e+00 0.000000e+00))
210          	((4.340318e-03 -2.213455e-03 -2.883051e-22) (4.142264e-05 7.368014e-06 1.665922e-22) (0.000000e+00 0.000000e+00 0.000000e+00)) ((-6.099176e-23 5.673333e-22 -2.113268e-03) (-3.522044e-24 4.233643e-23 -2.277828e-06) (0.000000e+00 0.000000e+00 0.000000e+00))
211          	((4.343821e-03 -2.122043e-03 -3.200621e-22) (4.131299e-05 7.351686e-06 1.664503e-22) (0.000000e+00 0.000000e+00 0.000000e+00)) ((-6.015525e-23 5.577115e-22 -2.145990e-03) (-3.519413e-24 4.232363e-23 -2.275762e-06) (0.000000e+00 0.000000e+00 0.000000e+00))
212          	((4.344250e-03 -2.054615e-03 -3.463119e-22) (4.123293e-05 7.332454e-06 1.658784e-22) (0.000000e+00 0.000000e+00 0.000000e+00)) ((-5.943588e-23 5.494916e-22 -2.168912e-03) (-3.507852e-24 4.215926e-23 -2.271108e-06) (0.000000e+00 0.000000e+00 0.000000e+00))
213          	((4.343436e-03 -2.006104e-03 -3.663997e-22) (4.115835e-05 7.313754e-06 1.657312e-22) (0.000000e+00 0.000000e+00 0.000000e+00)) ((-5.886303e-23 5.429882e-22 -2.184734e-03) (-3.504665e-24 4.213500e-23 -2.266368e-06) (0.000000e+00 0.000000e+00 0.000000e+00))
214          	((4.340183e-03 -1.979343e-03 -3.783764e-22) (4.110144e-05 7.303244e-06 1.653349e-22) (0.000000e+00 0.000000e+00 0.000000e+00)) ((-5.846342e-23 5.385563e-22 -2.191607e-03) (-3.495985e-24 4.202356e-23 -2.264871e-06) (0.000000e+00 0.000000e+00 0.000000e+00))
215          	((4.336637e-03 -1.966903e-03 -3.862579e-22) (4.106788e-05 7.304970e-06 1.651207e-22) (0.000000e+00 0.000000e+00 0.000000e+00)) ((-5.818016e-23 5.354463e-22 -2.193829e-03) (-3.491682e-24 4.195769e-23 -2.269081e-06) (0.000000e+00 0.000000e+00 0.000000e+00))
216          	((4.334912e-03 -1.945862e-03 -3.889555e-22) (4.099642e-05 7.296241e-06 1.650302e-22) (0.000000e+00 0.000000e+00 0.000000e+00)) ((-5.801194e-23 5.337014e-22 -2.200043e-03) (-3.488889e-24 4.193288e-23 -2.267861e-06) (0.000000e+00 0.000000e+00 0.000000e+00))
217          	((4.330811e-03 -1.964973e-03 -3.855501e-22) (4.095987e-05 7.275992e-06 1.652135e-22) (0.000000e+00 0.000000e+00 0.000000e+00)) ((-5.801940e-23 5.339482e-22 -2.191216e-03) (-3.493121e-24 4.197782e-23 -2.260001e-06) (0.000000e+00 0.000000e+00 0.000000e+00))
218          	((4.326282e-03 -1.990915e-03 -3.772708e-22) (4.093246e-05 7.270488e-06 1.652158e-22) (0.000000e+00 0.000000e+00 0.000000e+00)) ((-5.814460e-23 5.355701e-22 -2.180011e-03) (-3.492442e-24 4.196856e-23 -2.259034e-06) (0.000000e+00 0.000000e+00 0.000000e+00))
219          	((4.321723e-03 -2.027673e-03 -3.643701e-22) (4.090048e-05 7.270760e-06 1.653006e-22) (0.000000e+00 0.000000e+00 0.000000e+00)) ((-5.838774e-23 5.385559e-22 -2.164913e-03) (-3.493524e-24 4.198520e-23 -2.260536e-06) (0.000000e+00 0.000000e+00 0.000000e+00))
220          	((4.316499e-03 -2.076685e-03 -3.469110e-22) (4.088470e-05 7.259530e-06 1.655541e-22) (0.000000e+00 0.000000e+00 0.000000e+00)) ((-5.875128e-23 5.429260e-22 -2.145483e-03) (-3.498381e-24 4.204757e-23 -2.255598e-06) (0.000000e+00 0.000000e+00 0.000000e+00))
221          	((4.310989e-03 -2.132235e-03 -3.264747e-22) (4.087223e-05 7.262552e-06 1.657212e-22) (0.000000e+00 0.000000e+00 0.000000e+00)) ((-5.919544e-23 5.482191e-22 -2.123768e-03) (-3.501140e-24 4.207584e-23 -2.257348e-06) (0.000000e+00 0.000000e+00 0.000000e+00))
222          	((4.305753e-03 -2.193963e-03 -3.032456e-22) (4.085375e-05 7.269055e-06 1.659965e-22) (0.000000e+00 0.000000e+00 0.000000e+00)) ((-5.971720e-23 5.543969e-22 -2.099968e-03) (-3.506002e-24 4.213679e-23 -2.260646e-06) (0.000000e+00 0.000000e+00 0.000000e+00))
223          	((4.300763e-03 -2.251555e-03 -2.765727e-22) (4.084743e-05 7.270749e-06 1.661428e-22) (0.000000e+00 0.000000e+00 0.000000e+00)) ((-6.031285e-23 5.614575e-22 -2.077773e-03) (-3.508152e-24 4.216807e-23 -2.260907e-06) (0.000000e+00 0.000000e+00 0.000000e+00))
224          	((4.295927e-03 -2.310506e-03 -2.513831e-22) (4.084772e-05 7.275937e-06 1.664500e-22) (0.000000e+00 0.000000e+00 0.000000e+00)) ((-6.089624e-23 5.683246e-22 -2.055400e-03) (-3.514374e-24 4.223567e-23 -2.262795e-06) (0.000000e+00 0.000000e+00 0.000000e+00))
225          	((4.292015e-03 -2.368032e-03 -2.273795e-22) (4.083388e-05 7.283177e-06 1.668041e-22) (0.000000e+00 0.000000e+00 0.000000e+00)) ((-6.146585e-23 5.749991e-22 -2.033747e-03) (-3.521176e-24 4.231968e-23 -2.265796e-06) (0.000000e+00 0.000000e+00 0.000000e+00))
226          	((4.288067e-03 -2.424895e-03 -2.044514e-22) (4.082772e-05 7.274344e-06 1.672650e-22) (0.000000e+00 0.000000e+00 0.000000e+00)) ((-6.202548e-23 5.815228e-22 -2.012577e-03) (-3.530561e-24 4.243681e-23 -2.260530e-06) (0.000000e+00 0.000000e+00 0.000000e+00))
227          	((4.284709e-03 -2.477792e-03 -1.835988e-22) (4.082033e-05 7.283727e-06 1.675671e-22) (0.000000e+00 0.000000e+00 0.000000e+00)) ((-6.254596e-23 5.875660e-22 -1.992981e-03) (-3.536582e-24 4.250247e-23 -2.264404e-06) (0.000000e+00 0.000000e+00 0.000000e+00))
228          	((4.281958e-03 -2.528389e-03 -1.660520e-22) (4.080791e-05 7.294519e-06 1.680216e-22) (0.000000e+00 0.000000e+00 0.000000e+00)) ((-6.300823e-23 5.928829e-22 -1.974516e-03) (-3.545837e-24 4.261679e-23 -2.269324e-06) (0.000000e+00 0.000000e+00 0.000000e+00))
229          	((4.279867e-03 -2.568544e-03 -1.498057e-22) (4.079831e-05 7.296180e-06 1.682166e-22) (0.000000e+00 0.000000e+00 0.000000e+00)) ((-6.343048e-23 5.977509e-22 -1.959801e-03) (-3.549681e-24 4.266568e-23 -2.269456e-06) (0.000000e+00 0.000000e+00 0.000000e+00))
230          	((4.278090e-03 -2.601852e-03 -1.383071e-22) (4.078349e-05 7.298048e-06 1.685393e-22) (0.000000e+00 0.000000e+00 0.000000e+00)) ((-6.375755e-23 6.014657e-22 -1.947926e-03) (-3.556620e-24 4.274377e-23 -2.270031e-06) (0.000000e+00 0.000000e+00 0.000000e+00))
231          	((4.277141e-03 -2.628040e-03 -1.295759e-22) (4.075638e-05 7.306104e-06 1.686867e-22) (0.000000e+00 0.000000e+00 0.000000e+00)) ((-6.401486e-23 6.043719e-22 -1.938489e-03) (-3.559524e-24 4.277938e-23 -2.273998e-06) (0.000000e+00 0.000000e+00 0.000000e+00))
232          	((4.276708e-03 -2.641016e-03 -1.251321e-22) (4.073708e-05 7.303985e-06 1.689103e-22) (0.000000e+00 0.000000e+00 0.000000e+00)) ((-6.417339e-23 6.061142e-22 -1.934123e-03) (-3.564464e-24 4.284338e-23 -2.272991e-06) (0.000000e+00 0.000000e+00 0.000000e+00))
233          	((4.276838e-03 -2.646196e-03 -1.239114e-22) (4.071369e-05 7.307683e-06 1.689746e-22) (0.000000e+00 0.000000e+00 0.000000e+00)) ((-6.425235e-23 6.069308e-22 -1.932539e-03) (-3.566011e-24 4.285416e-23 -2.275192e-06) (0.000000e+00 0.000000e+00 0.000000e+00))
234          	((4.277820e-03 -2.635874e-03 -1.254767e-22) (4.067433e-05 7.310903e-06 1.689264e-22) (0.000000e+00 0.000000e+00 0.000000e+00)) ((-6.425165e-23 6.068435e-22 -1.936688e-03) (-3.564771e-24 4.284334e-23 -2.277615e-06) (0.000000e+00 0.000000e+00 0.000000e+00))
235          	((4.279749e-03 -2.610904e-03 -1.332284e-22) (4.063491e-05 7.306502e-06 1.689554e-22) (0.000000e+00 0.000000e+00 0.000000e+00)) ((-6.410823e-23 6.050748e-22 -1.946319e-03) (-3.566225e-24 4.286384e-23 -2.276456e-06) (0.000000e+00 0.000000e+00 0.000000e+00))
236          	((4.280752e-03 -2.601381e-03 -1.405636e-22) (4.061277e-05 7.302856e-06 1.691630e-22) (0.000000e+00 0.000000e+00 0.000000e+00)) ((-6.398245e-23 6.034961e-22 -1.950238e-03) (-3.571006e-24 4.291274e-23 -2.275954e-06) (0.000000e+00 0.000000e+00 0.000000e+00))
237          	((4.282840e-03 -2.569001e-03 -1.541917e-22) (4.055787e-05 7.306206e-06 1.689393e-22) (0.000000e+00 0.000000e+00 0.000000e+00)) ((-6.369299e-23 6.000307e-22 -1.962203e-03) (-3.566338e-24 4.285852e-23 -2.279215e-06) (0.000000e+00 0.000000e+00 0.000000e+00))
238          	((4.284449e-03 -2.544275e-03 -1.655323e-22) (4.052705e-05 7.295616e-06 1.689835e-22) (0.000000e+00 0.000000e+00 0.000000e+00)) ((-6.345337e-23 5.971589e-22 -1.971590e-03) (-3.567891e-24 4.288191e-23 -2.275654e-06) (0.000000e+00 0.000000e+00 0.000000e+00))
239          	((4.286359e-03 -2.503883e-03 -1.830517e-22) (4.048370e-05 7.293077e-06 1.686953e-22) (0.000000e+00 0.000000e+00 0.000000e+00)) ((-6.306041e-23 5.925048e-22 -1.986440e-03) (-3.562461e-24 4.280981e-23 -2.276202e-06) (0.000000e+00 0.000000e+00 0.000000e+00))
