/*--------------------------------*- C++ -*----------------------------------*\
| =========                 |                                                 |
| \\      /  F ield         | OpenFOAM: The Open Source CFD Toolbox           |
|  \\    /   O peration     | Version:  5.x                                   |
|   \\  /    A nd           | Web:      www.OpenFOAM.org                      |
|    \\/     M anipulation  |                                                 |
\*---------------------------------------------------------------------------*/
FoamFile
{
    version     2.0;
    format      ascii;
    class       volScalarField;
    location    "239";
    object      nut;
}
// * * * * * * * * * * * * * * * * * * * * * * * * * * * * * * * * * * * * * //

dimensions      [0 2 -1 0 0 0 0];

internalField   nonuniform List<scalar> 
5760
(
8.02402e-05
7.93179e-05
7.89277e-05
7.82173e-05
7.78708e-05
7.72182e-05
7.6969e-05
7.64775e-05
7.63569e-05
7.61176e-05
7.61783e-05
7.61199e-05
7.64832e-05
7.65691e-05
7.7219e-05
7.72195e-05
7.88554e-05
7.65091e-05
0.000695986
0.000553371
0.000484746
0.000435235
0.000406217
0.000380504
0.000369477
0.000352334
0.000352494
0.000339077
0.000345785
0.000334075
0.000344673
0.000333473
0.000346894
0.000333913
0.000354998
0.000321781
0.000865289
0.000824411
0.00080751
0.000767263
0.000743247
0.000705826
0.000686483
0.00065489
0.000640735
0.000613312
0.000603547
0.000578751
0.000571981
0.000550323
0.000543991
0.000527242
0.000516483
0.000499506
0.000854198
0.000850436
0.000851283
0.000844477
0.000843887
0.000832335
0.000828817
0.00081514
0.00081016
0.000796154
0.000790579
0.000777139
0.000771223
0.000758808
0.000752519
0.000741543
0.000733845
0.000723329
0.000852273
0.000851765
0.000852038
0.000851621
0.000851557
0.000851046
0.000850664
0.000849154
0.000848304
0.000846072
0.000844791
0.000841947
0.000840352
0.000837112
0.000835278
0.000831887
0.000829593
0.000825886
0.000852005
0.000851787
0.000851809
0.000851637
0.000851672
0.000851514
0.000851571
0.000851401
0.0008514
0.0008512
0.00085109
0.000850847
0.000850594
0.00085032
0.000849906
0.000849637
0.00084907
0.000848575
0.00085195
0.000851817
0.000851749
0.000851633
0.000851568
0.000851469
0.000851411
0.000851333
0.000851283
0.000851221
0.000851173
0.00085112
0.000851072
0.00085102
0.000850969
0.00085091
0.000850859
0.000850788
0.000851935
0.000851828
0.000851733
0.000851637
0.00085155
0.000851464
0.000851384
0.000851307
0.000851235
0.000851166
0.000851102
0.000851039
0.000850982
0.000850926
0.000850875
0.000850824
0.00085078
0.000850733
0.000851933
0.000851829
0.000851731
0.000851635
0.000851547
0.00085146
0.00085138
0.0008513
0.000851228
0.000851155
0.00085109
0.000851022
0.000850964
0.000850903
0.00085085
0.000850794
0.000850747
0.000850694
0.000851934
0.000851828
0.00085173
0.000851634
0.000851546
0.000851457
0.000851378
0.000851296
0.000851225
0.00085115
0.000851085
0.000851016
0.000850958
0.000850895
0.000850842
0.000850783
0.000850736
0.00085068
0.000851934
0.000851827
0.00085173
0.000851632
0.000851545
0.000851455
0.000851376
0.000851293
0.000851222
0.000851145
0.000851081
0.000851011
0.000850953
0.000850887
0.000850836
0.000850774
0.000850728
0.00085067
0.000851934
0.000851827
0.000851731
0.000851631
0.000851544
0.000851453
0.000851375
0.00085129
0.00085122
0.000851141
0.000851079
0.000851006
0.00085095
0.000850882
0.000850832
0.000850769
0.000850725
0.000850665
0.000851936
0.000851825
0.000851732
0.000851629
0.000851546
0.000851451
0.000851377
0.000851288
0.000851223
0.000851141
0.000851083
0.000851006
0.000850955
0.000850883
0.000850838
0.000850769
0.00085073
0.000850664
0.000851941
0.00085182
0.000851739
0.000851623
0.000851554
0.000851443
0.000851384
0.000851279
0.00085123
0.000851131
0.000851092
0.000850999
0.00085097
0.000850881
0.00085086
0.000850775
0.000850763
0.00085068
0.000851945
0.000851815
0.000851746
0.000851617
0.000851565
0.000851439
0.000851405
0.000851284
0.000851266
0.000851148
0.000851143
0.000851025
0.000851029
0.00085091
0.000850924
0.000850802
0.000850826
0.000850698
0.000851861
0.000851906
0.000851669
0.000851717
0.000851514
0.000851609
0.000851444
0.00085156
0.000851392
0.000851496
0.0008513
0.000851375
0.00085114
0.000851178
0.0008509
0.000850898
0.000850578
0.000850522
0.000851784
0.000851971
0.000851716
0.000851966
0.000851751
0.000851485
0.000850723
0.00084973
0.000848109
0.000846548
0.000843954
0.000841861
0.00083831
0.000835735
0.000831238
0.000828452
0.000822022
0.000820232
0.000851023
0.00085163
0.000842956
0.000837007
0.000816686
0.000803828
0.000773583
0.000756084
0.00071934
0.00069938
0.000659028
0.000638195
0.000597218
0.000576822
0.00053713
0.000519693
0.000477507
0.00046831
0.000795285
0.000701677
0.000523938
0.000443627
0.000341845
0.000294622
0.000234463
0.000206513
0.000169535
0.000152409
0.000128857
0.000118117
0.000102724
9.57986e-05
8.55872e-05
8.10289e-05
7.41089e-05
7.09429e-05
0.000179207
4.80855e-05
5.43118e-05
6.04254e-05
6.72539e-05
7.37544e-05
8.06061e-05
8.72467e-05
9.40115e-05
0.000100584
0.000107131
0.000113473
0.00011969
0.000125684
0.00013149
0.000137062
0.000142409
0.000147517
0.000109117
3.64699e-05
4.91028e-05
5.30248e-05
5.93323e-05
5.96486e-05
6.05414e-05
6.16368e-05
6.35729e-05
6.65844e-05
7.04243e-05
7.47015e-05
7.93703e-05
8.49884e-05
9.16505e-05
9.93165e-05
0.000107809
0.000116856
0.000126198
0.000135637
0.000145044
0.000154295
0.000163379
0.000172273
0.000180986
0.000189532
0.000197932
0.000206208
0.00021438
0.000222469
0.000230489
0.000238454
0.000246375
0.000254258
0.000262107
0.000269922
0.000277702
0.000285443
0.000293138
0.000300781
0.000308362
0.000315871
0.000323296
0.000330625
0.000337845
0.000344943
0.000351904
0.000358716
0.000365363
0.000371832
0.000378105
0.000384169
0.000390003
0.000395589
0.000400901
0.000405917
0.000410625
0.000415081
0.000419264
0.000423161
0.000426769
0.000430079
0.000433085
0.000435779
0.000438154
0.000440207
0.000441932
0.000443326
0.000444388
0.000445116
0.000445513
0.000445583
0.000445334
0.000444771
0.000443859
0.00044259
0.000441038
0.000439284
0.000437207
0.000434818
0.000432158
0.000429237
0.000426068
0.000422665
0.000419042
0.000415213
0.000411194
0.000406999
0.000402646
0.000398151
0.000393533
0.000388808
0.000384003
0.000379137
0.000374319
0.000370747
0.000367848
0.000364638
0.000361718
0.000353148
2.10342e-05
6.46922e-05
0.00014994
0.000247151
0.000356685
0.000417581
0.000436945
0.000440576
0.000445598
0.000456804
0.000470695
0.000484515
0.000494855
0.000505877
0.000521309
0.000543523
0.000573121
0.000609777
0.000652677
0.000700814
0.000755019
0.000811784
0.000871205
0.000932393
0.000994758
0.00105785
0.00112138
0.00118521
0.0012493
0.00131367
0.00137841
0.00144362
0.00150944
0.00157599
0.00164337
0.00171169
0.00178101
0.00185139
0.00192284
0.00199536
0.00206893
0.00214349
0.00221896
0.00229525
0.00237224
0.0024498
0.00252779
0.00260606
0.00268444
0.00276277
0.00284091
0.00291868
0.00299593
0.00307246
0.00314795
0.00322169
0.00329193
0.00335501
0.00341532
0.00347385
0.0035303
0.00358459
0.00363656
0.0036861
0.00373308
0.00377739
0.00381893
0.0038576
0.00389331
0.00392598
0.00395556
0.00398203
0.00400544
0.00402597
0.00404422
0.00405737
0.00406639
0.00407489
0.00408049
0.00408237
0.00408116
0.00407705
0.00407015
0.0040606
0.00404849
0.00403395
0.00401711
0.00399812
0.00397715
0.00395437
0.00392998
0.00390418
0.00387717
0.00384899
0.00381876
0.00377446
0.00372343
0.00366977
0.003613
0.00349849
2.97136e-05
0.000114515
0.000293224
0.000486267
0.000623817
0.000697336
0.00073231
0.000751399
0.000767104
0.000784024
0.00080493
0.00083079
0.000864681
0.000906392
0.000958249
0.00102169
0.00109689
0.00118314
0.00127907
0.00138296
0.00149012
0.00160627
0.00172533
0.0018464
0.00196867
0.00209165
0.00221508
0.00233896
0.00246339
0.00258851
0.00271451
0.00284151
0.0029698
0.00309956
0.00323094
0.00336405
0.00349898
0.00363577
0.00377439
0.00391481
0.00405694
0.00420064
0.00434574
0.00449206
0.00463936
0.00478739
0.00493587
0.00508452
0.00523303
0.00538109
0.00552836
0.00567451
0.00581913
0.00596176
0.00610172
0.00623798
0.00636906
0.00649377
0.00661487
0.00673226
0.00684555
0.00695451
0.00705885
0.00715832
0.00725269
0.00734173
0.00742523
0.00750299
0.00757484
0.00764062
0.00770021
0.00775357
0.0078008
0.00784219
0.00787902
0.0079072
0.00792531
0.00794313
0.00795409
0.00795829
0.00795634
0.00794852
0.00793505
0.00791615
0.00789203
0.00786294
0.00782914
0.00779091
0.00774856
0.00770245
0.00765292
0.00760039
0.00754522
0.00748762
0.00742662
0.00735146
0.00726803
0.00717892
0.00708144
0.00689135
3.81025e-05
0.000195482
0.000471313
0.000698379
0.000832561
0.000901906
0.000939483
0.000967058
0.000995954
0.00103078
0.00107341
0.0011251
0.00118772
0.00126264
0.00135149
0.00145488
0.00157225
0.00170222
0.00184294
0.00199253
0.00214945
0.00230869
0.00247087
0.00263528
0.00280118
0.00296811
0.00313576
0.00330433
0.00347409
0.00364527
0.00381823
0.00399346
0.00417057
0.00434978
0.00453122
0.00471502
0.00490121
0.00508981
0.00528076
0.00547396
0.00566925
0.00586645
0.00606531
0.00626554
0.00646684
0.00666885
0.00687119
0.00707348
0.00727529
0.00747618
0.00767571
0.00787337
0.00806864
0.0082609
0.0084494
0.00863325
0.00881138
0.00898364
0.00915116
0.00931359
0.00947049
0.00962152
0.0097663
0.0099045
0.0100358
0.0101599
0.0102765
0.0103853
0.0104862
0.0105788
0.0106631
0.0107388
0.0108062
0.0108656
0.0109198
0.0109606
0.0109892
0.011017
0.0110348
0.0110437
0.0110442
0.0110366
0.0110213
0.0109985
0.0109684
0.0109315
0.010888
0.0108383
0.0107828
0.0107219
0.0106562
0.010586
0.0105121
0.0104346
0.0103529
0.0102599
0.010159
0.0100512
0.00993175
0.00971662
4.8062e-05
0.00038207
0.000683888
0.000889843
0.00101132
0.00107975
0.00112383
0.00116266
0.00120633
0.0012592
0.00132309
0.00139936
0.00148954
0.00159487
0.00171607
0.00185286
0.002004
0.00216761
0.00234157
0.00252371
0.00271192
0.00290386
0.00309907
0.00329684
0.0034966
0.00369809
0.0039014
0.00410636
0.00431292
0.00452122
0.00473135
0.00494327
0.00515753
0.00537429
0.00559366
0.0058157
0.00604042
0.00626775
0.00649761
0.00672984
0.00696421
0.00720049
0.00743836
0.00767748
0.00791746
0.00815791
0.00839837
0.00863839
0.00887748
0.00911515
0.00935087
0.0095841
0.00981426
0.0100407
0.0102628
0.01048
0.0106918
0.0108981
0.0110987
0.0112934
0.0114817
0.0116631
0.0118373
0.0120039
0.0121625
0.0123127
0.0124543
0.0125868
0.0127101
0.0128239
0.0129278
0.0130219
0.0131061
0.0131815
0.0132509
0.0133026
0.0133434
0.0133813
0.0134076
0.0134235
0.0134296
0.0134261
0.0134133
0.0133917
0.0133615
0.013323
0.0132765
0.0132226
0.0131617
0.0130941
0.0130206
0.0129415
0.0128576
0.0127694
0.0126764
0.0125746
0.012466
0.0123505
0.0122219
0.0120098
5.87445e-05
0.000479255
0.000825662
0.00104319
0.00116949
0.00124468
0.00129837
0.00134931
0.00140743
0.00147722
0.00156066
0.00165902
0.00177335
0.00190423
0.00205158
0.00221442
0.00239111
0.00257964
0.00277791
0.00298389
0.00319574
0.00341194
0.00363173
0.00385445
0.0040796
0.00430693
0.00453632
0.00476767
0.00500093
0.00523617
0.00547347
0.00571295
0.00595489
0.0061994
0.00644657
0.0066964
0.00694886
0.00720389
0.00746136
0.00772107
0.00798282
0.00824631
0.00851123
0.00877724
0.00904393
0.00931088
0.00957765
0.00984377
0.0101087
0.010372
0.0106331
0.0108914
0.0111464
0.0113975
0.0116441
0.0118857
0.0121219
0.0123523
0.0125767
0.0127947
0.0130058
0.0132096
0.0134055
0.0135933
0.0137724
0.0139426
0.0141034
0.0142545
0.0143956
0.0145264
0.0146466
0.0147559
0.0148542
0.0149442
0.0150262
0.0150887
0.0151419
0.0151898
0.0152253
0.0152494
0.0152626
0.0152654
0.0152579
0.0152406
0.0152137
0.0151776
0.0151327
0.0150793
0.015018
0.0149491
0.0148734
0.0147913
0.0147035
0.0146105
0.0145126
0.0144076
0.0142967
0.0141798
0.01405
0.0138531
6.24821e-05
0.000542954
0.00093284
0.00117313
0.00131323
0.00139995
0.00146512
0.00152832
0.00160003
0.00168512
0.00178572
0.00190287
0.00203706
0.00218823
0.00235569
0.00253803
0.00273348
0.00294007
0.00315587
0.00337917
0.00360837
0.00384222
0.0040799
0.00432076
0.00456438
0.00481049
0.00505887
0.00530946
0.00556219
0.00581697
0.00607385
0.00633294
0.00659437
0.00685825
0.00712459
0.0073934
0.00766465
0.00793823
0.00821404
0.0084919
0.00877159
0.00905286
0.00933542
0.00961893
0.00990303
0.0101873
0.0104714
0.0107547
0.0110369
0.0113175
0.0115958
0.0118715
0.0121438
0.0124123
0.0126765
0.0129357
0.0131897
0.0134379
0.0136799
0.0139154
0.0141438
0.0143646
0.0145775
0.0147818
0.0149773
0.0151635
0.01534
0.0155064
0.0156624
0.0158077
0.0159418
0.0160646
0.0161757
0.0162788
0.0163709
0.0164449
0.0165103
0.0165682
0.0166132
0.0166461
0.0166676
0.0166779
0.0166774
0.0166663
0.016645
0.0166139
0.0165732
0.0165233
0.0164649
0.0163982
0.0163239
0.0162426
0.0161549
0.0160615
0.0159627
0.0158579
0.015748
0.0156332
0.0155067
0.0153302
6.58392e-05
0.000591914
0.00102018
0.00128578
0.00144361
0.00154459
0.00162246
0.0016979
0.00178219
0.00188074
0.00199582
0.00212825
0.002278
0.00244454
0.00262705
0.00282361
0.00303239
0.00325156
0.0034793
0.00371384
0.00395451
0.00420033
0.00445046
0.00470416
0.00496065
0.00521929
0.00548023
0.00574356
0.00600927
0.00627694
0.00654651
0.00681804
0.00709164
0.00736737
0.00764527
0.00792535
0.00820757
0.00849189
0.00877821
0.00906642
0.00935636
0.00964781
0.00994055
0.0102343
0.0105287
0.0108235
0.0111183
0.0114126
0.011706
0.011998
0.0122881
0.0125758
0.0128606
0.0131418
0.0134191
0.0136917
0.0139593
0.0142213
0.0144773
0.0147267
0.0149691
0.015204
0.0154308
0.0156491
0.0158584
0.0160583
0.0162484
0.0164282
0.0165975
0.0167557
0.0169026
0.0170377
0.0171608
0.0172757
0.0173772
0.017463
0.0175402
0.0176084
0.0176631
0.0177054
0.0177357
0.0177545
0.0177619
0.0177583
0.0177441
0.0177194
0.0176847
0.0176405
0.017587
0.0175248
0.0174545
0.0173765
0.0172916
0.0172004
0.0171035
0.0170011
0.0168942
0.0167836
0.0166627
0.0165068
6.87171e-05
0.000628768
0.00109083
0.00138213
0.00155955
0.00167644
0.00176783
0.00185541
0.00195128
0.00206145
0.00218837
0.00233295
0.00249445
0.00267145
0.00286185
0.00306576
0.00328147
0.00350734
0.00374184
0.00398381
0.004232
0.00448545
0.00474315
0.00500439
0.00526878
0.00553602
0.00580549
0.00607635
0.00634899
0.00662324
0.00689891
0.00717612
0.00745498
0.00773559
0.00801803
0.00830234
0.00858858
0.00887676
0.00916689
0.00945892
0.00975278
0.0100483
0.0103455
0.0106439
0.0109435
0.0112438
0.0115447
0.0118456
0.0121461
0.0124459
0.0127443
0.0130409
0.0133351
0.0136263
0.013914
0.0141976
0.0144764
0.01475
0.0150179
0.0152794
0.015534
0.0157812
0.0160205
0.0162513
0.0164731
0.0166856
0.0168881
0.0170804
0.017262
0.0174325
0.0175915
0.0177384
0.0178735
0.0179989
0.0181101
0.0182078
0.0182966
0.0183755
0.0184402
0.0184921
0.0185318
0.0185596
0.0185758
0.0185807
0.0185744
0.0185575
0.0185301
0.0184928
0.0184459
0.0183898
0.018325
0.0182522
0.0181719
0.0180849
0.0179919
0.0178934
0.017791
0.0176856
0.0175713
0.0174344
7.1172e-05
0.000654308
0.00114558
0.00146195
0.00165971
0.00179338
0.00189877
0.00199829
0.00210474
0.00222493
0.00236068
0.00251133
0.00267778
0.00285967
0.00305622
0.00326608
0.00348708
0.00371764
0.00395637
0.00420204
0.00445339
0.00470935
0.00496926
0.00523248
0.00549838
0.00576652
0.00603651
0.00630846
0.00658253
0.00685716
0.00713237
0.00740851
0.00768586
0.00796461
0.00824492
0.00852697
0.00881094
0.00909697
0.00938519
0.00967566
0.00996842
0.0102634
0.0105607
0.0108599
0.011161
0.0114638
0.0117678
0.0120728
0.0123782
0.0126836
0.0129885
0.0132924
0.0135945
0.0138943
0.0141912
0.0144844
0.0147735
0.0150577
0.0153365
0.0156092
0.0158752
0.016134
0.016385
0.0166277
0.0168616
0.017086
0.0173007
0.017505
0.0176986
0.0178811
0.018052
0.0182108
0.0183577
0.0184931
0.0186145
0.0187242
0.0188244
0.0189149
0.0189897
0.0190517
0.0191014
0.0191389
0.0191645
0.0191785
0.0191812
0.0191729
0.0191539
0.0191246
0.0190854
0.0190367
0.0189789
0.0189126
0.0188384
0.018757
0.0186693
0.018576
0.0184789
0.0183794
0.0182722
0.0181524
7.30153e-05
0.000670164
0.0011855
0.00152523
0.00174318
0.00189385
0.00201328
0.00212453
0.00223991
0.00236477
0.00250405
0.00265983
0.0028321
0.00301898
0.00321926
0.00343062
0.00365207
0.00388227
0.00411987
0.00436351
0.0046123
0.0048653
0.00512182
0.00538118
0.00564259
0.00590574
0.00617005
0.0064361
0.00670441
0.00697313
0.00724105
0.00750924
0.00777831
0.00804865
0.00832059
0.00859448
0.0088707
0.00914957
0.00943136
0.00971626
0.0100044
0.0102958
0.0105905
0.0108884
0.0111893
0.0114928
0.0117988
0.0121068
0.0124163
0.0127268
0.0130377
0.0133483
0.013658
0.0139661
0.0142719
0.0145746
0.0148736
0.0151682
0.0154577
0.0157414
0.0160187
0.016289
0.0165516
0.016806
0.0170517
0.0172881
0.0175147
0.0177311
0.0179367
0.0181312
0.0183141
0.0184849
0.0186435
0.0187894
0.0189214
0.0190428
0.019155
0.0192578
0.019343
0.0194157
0.0194758
0.0195237
0.0195595
0.0195834
0.0195959
0.0195971
0.0195874
0.0195672
0.0195367
0.0194965
0.0194469
0.0193884
0.0193216
0.0192471
0.0191659
0.0190788
0.0189879
0.0188948
0.0187947
0.0186904
7.42751e-05
0.000677743
0.00121173
0.00157234
0.00180972
0.00197705
0.00210933
0.00222773
0.00234806
0.00247929
0.00262489
0.00278525
0.00295913
0.00314578
0.003344
0.00355237
0.00376966
0.00399462
0.00422624
0.00446349
0.00470439
0.0049479
0.00519357
0.00544099
0.00568978
0.00594068
0.00619455
0.0064494
0.00670312
0.0069567
0.00721014
0.00746344
0.00771781
0.00797383
0.00823201
0.00849298
0.00875737
0.00902568
0.00929831
0.00957552
0.00985749
0.0101443
0.0104359
0.0107321
0.0110326
0.0113373
0.0116456
0.0119571
0.0122712
0.0125873
0.0129047
0.0132227
0.0135405
0.0138573
0.0141724
0.0144849
0.0147942
0.0150993
0.0153997
0.0156945
0.0159832
0.016265
0.0165393
0.0168056
0.0170632
0.0173116
0.0175502
0.0177787
0.0179965
0.0182032
0.0183983
0.0185813
0.0187518
0.0189086
0.0190517
0.019185
0.0193101
0.0194252
0.0195216
0.0196054
0.0196768
0.0197357
0.0197824
0.0198172
0.0198403
0.0198519
0.0198525
0.0198424
0.0198218
0.0197912
0.0197509
0.0197014
0.0196431
0.0195768
0.0195033
0.0194235
0.0193396
0.0192534
0.0191606
0.0190702
7.49909e-05
0.000677884
0.00122538
0.00160348
0.00185617
0.00203577
0.00217793
0.00230675
0.00243579
0.0025724
0.00271967
0.00287932
0.00305128
0.00323566
0.00343053
0.00363365
0.00384341
0.00405826
0.00427697
0.00449794
0.00472095
0.0049447
0.00516989
0.00539694
0.00562838
0.00586112
0.0060931
0.00632334
0.00655295
0.00678293
0.00701408
0.0072464
0.00748108
0.00771876
0.00795994
0.00820561
0.00845664
0.00871369
0.00897716
0.0092473
0.00952419
0.00980778
0.0100979
0.0103943
0.0106965
0.0110041
0.0113166
0.0116333
0.0119536
0.0122767
0.0126018
0.0129282
0.0132549
0.0135813
0.0139063
0.0142291
0.0145489
0.014865
0.0151765
0.0154827
0.0157828
0.0160763
0.0163623
0.0166404
0.01691
0.0171705
0.0174213
0.017662
0.0178921
0.018111
0.0183185
0.018514
0.0186966
0.0188641
0.0190202
0.019165
0.0193041
0.0194314
0.0195397
0.0196355
0.0197188
0.0197896
0.0198482
0.0198946
0.0199293
0.0199524
0.0199644
0.0199654
0.0199558
0.019936
0.0199062
0.0198669
0.0198185
0.0197616
0.0196969
0.0196255
0.0195495
0.019471
0.0193856
0.0193083
7.52322e-05
0.000673096
0.0012258
0.00161378
0.00187944
0.00207268
0.00222726
0.00236535
0.00250022
0.00263985
0.00278777
0.00294533
0.00311211
0.00328667
0.00346699
0.00365237
0.00384146
0.00403186
0.0042239
0.00441749
0.0046132
0.00481467
0.00501724
0.00521993
0.00542166
0.00562229
0.00581988
0.00601651
0.00621365
0.00641333
0.00661765
0.00682644
0.00704056
0.00726027
0.00748545
0.00771769
0.00795804
0.0082071
0.00846513
0.00873215
0.009008
0.00929238
0.00958488
0.009885
0.0101921
0.0105057
0.0108249
0.011149
0.0114773
0.0118089
0.0121431
0.0124788
0.0128153
0.0131516
0.0134869
0.0138202
0.0141507
0.0144777
0.0148002
0.0151176
0.0154291
0.0157339
0.0160316
0.0163213
0.0166027
0.0168751
0.017138
0.0173909
0.0176332
0.0178646
0.0180846
0.0182927
0.0184865
0.0186667
0.0188362
0.0189927
0.0191467
0.019286
0.019407
0.0195156
0.0196117
0.0196953
0.0197666
0.0198257
0.019873
0.0199088
0.0199331
0.0199465
0.0199492
0.0199414
0.0199235
0.0198957
0.0198585
0.0198122
0.0197578
0.019696
0.019629
0.0195589
0.0194813
0.0194164
7.51441e-05
0.000663615
0.00122036
0.00162004
0.00189873
0.00210263
0.00226465
0.00240629
0.00254075
0.00267558
0.00281386
0.00295694
0.00310346
0.00325267
0.00340479
0.00355867
0.00371434
0.00387551
0.00403729
0.00419867
0.00435957
0.00451955
0.00467851
0.00483585
0.00498891
0.00514045
0.00529474
0.00545393
0.00561878
0.00579089
0.0059715
0.006162
0.00636261
0.00657245
0.00678903
0.00701557
0.00725312
0.00750194
0.0077619
0.00803265
0.00831368
0.00860439
0.00890409
0.00921207
0.00952756
0.00984978
0.0101779
0.0105112
0.0108487
0.0111898
0.0115334
0.0118787
0.0122249
0.0125711
0.0129163
0.0132597
0.0136005
0.0139379
0.0142709
0.0145991
0.0149215
0.0152375
0.0155463
0.0158475
0.0161405
0.0164248
0.0166997
0.0169649
0.0172196
0.0174636
0.0176965
0.0179167
0.0181222
0.0183182
0.0184998
0.0186697
0.0188393
0.018991
0.0191259
0.0192485
0.0193586
0.0194562
0.0195415
0.0196147
0.0196761
0.0197258
0.0197641
0.0197914
0.0198078
0.0198136
0.0198091
0.0197944
0.01977
0.019736
0.0196934
0.0196425
0.0195858
0.0195251
0.019456
0.0194034
7.48096e-05
0.000648312
0.00120247
0.00160484
0.00188727
0.0020933
0.00225353
0.00238812
0.00250853
0.0026231
0.00273646
0.00285033
0.00296758
0.00308637
0.00320442
0.00332045
0.00343383
0.00354398
0.00365142
0.00375605
0.00385715
0.00395176
0.00404647
0.00414422
0.00424823
0.00436073
0.00448388
0.00461912
0.00476705
0.00492826
0.00510291
0.00529088
0.00549165
0.00570193
0.005923
0.00615636
0.00640221
0.00666024
0.00692992
0.0072106
0.00750153
0.00780196
0.00811112
0.00842821
0.00875246
0.0090831
0.00941933
0.00976041
0.0101056
0.0104541
0.0108051
0.0111578
0.0115115
0.0118652
0.0122181
0.0125694
0.0129183
0.0132641
0.0136058
0.0139429
0.0142746
0.0146001
0.0149188
0.0152303
0.0155338
0.015829
0.0161151
0.016392
0.0166585
0.0169148
0.0171598
0.0173905
0.0176125
0.0178217
0.0180154
0.0182012
0.018385
0.0185492
0.018699
0.0188364
0.0189615
0.0190743
0.019175
0.0192637
0.0193406
0.019406
0.0194601
0.0195029
0.0195347
0.0195558
0.0195664
0.0195666
0.0195567
0.0195368
0.0195077
0.0194695
0.0194247
0.0193748
0.0193152
0.0192754
7.41914e-05
0.000631996
0.001174
0.00156572
0.00183497
0.00202787
0.00217044
0.00228301
0.00238148
0.00247026
0.0025524
0.00262966
0.00270092
0.00276558
0.00282566
0.00288003
0.00292829
0.00296643
0.00300108
0.00303737
0.00307879
0.003129
0.00319028
0.00326527
0.00335616
0.00346442
0.00359011
0.00373259
0.00389133
0.00406555
0.00425427
0.00445589
0.00466663
0.00488581
0.00511801
0.00536224
0.00561795
0.0058846
0.00616161
0.00644837
0.00674424
0.00704858
0.00736075
0.0076801
0.008006
0.00833782
0.00867488
0.00901656
0.00936228
0.00971137
0.0100631
0.0104167
0.0107716
0.0111268
0.0114816
0.0118353
0.0121872
0.0125364
0.0128818
0.0132235
0.0135603
0.0138912
0.0142159
0.0145337
0.0148429
0.0151445
0.0154372
0.0157217
0.015996
0.0162601
0.0165123
0.0167556
0.016988
0.0172079
0.0174115
0.017612
0.0178081
0.0179847
0.0181485
0.0183001
0.0184396
0.0185671
0.0186826
0.0187863
0.0188784
0.0189592
0.0190287
0.0190875
0.0191354
0.0191727
0.0191994
0.0192156
0.0192213
0.0192167
0.0192022
0.0191778
0.0191456
0.0191072
0.0190573
0.0190302
7.34475e-05
0.000612629
0.00113009
0.00148706
0.00172842
0.00190041
0.00201399
0.00209179
0.00214583
0.00218226
0.00220435
0.00221779
0.00222182
0.00221519
0.00219642
0.00217618
0.00215902
0.0021498
0.00215346
0.00217393
0.00221373
0.0022749
0.00235671
0.00245806
0.00257731
0.00271562
0.00287013
0.00303828
0.00321966
0.00341288
0.00361458
0.00382072
0.00403578
0.00426176
0.0044979
0.00474367
0.00499874
0.00526281
0.00553556
0.00581668
0.00610576
0.00640242
0.00670625
0.00701684
0.00733374
0.00765649
0.00798452
0.0083174
0.00865469
0.00899584
0.00934009
0.00968686
0.0100356
0.0103855
0.0107354
0.0110852
0.011434
0.011781
0.0121244
0.0124639
0.0127988
0.0131287
0.0134531
0.0137735
0.0140864
0.014393
0.0146911
0.0149823
0.0152617
0.015533
0.0157954
0.0160475
0.0162894
0.0165189
0.0167318
0.0169456
0.0171516
0.0173392
0.017515
0.0176793
0.0178317
0.0179725
0.0181017
0.0182195
0.0183259
0.0184212
0.0185055
0.018579
0.0186418
0.018694
0.0187357
0.0187668
0.0187873
0.0187972
0.0187968
0.0187858
0.0187662
0.0187391
0.0186994
0.0186835
7.26603e-05
0.000587478
0.00106283
0.00136647
0.00154815
0.00169146
0.00174071
0.00174726
0.00172829
0.00169008
0.00163624
0.00157257
0.00150748
0.00144574
0.0013984
0.0013723
0.0013704
0.0013949
0.00144532
0.0015188
0.00161298
0.00172905
0.00186163
0.00200654
0.00216004
0.00232744
0.00250265
0.00268324
0.00286417
0.00305036
0.00324372
0.00344561
0.00365468
0.00387122
0.00409534
0.00432708
0.00456648
0.00481358
0.00506835
0.00533072
0.00560052
0.00587756
0.00616167
0.00645262
0.00675013
0.00705393
0.00736346
0.00767854
0.00799884
0.00832388
0.00865282
0.00898526
0.00932076
0.00965841
0.00999682
0.010335
0.0106728
0.0110097
0.0113465
0.0116813
0.0120125
0.0123398
0.0126626
0.0129821
0.0132935
0.0136005
0.0138991
0.0141898
0.0144739
0.014749
0.0150158
0.0152729
0.0155209
0.0157564
0.0159768
0.0162005
0.0164137
0.0166105
0.0167963
0.0169712
0.0171355
0.0172886
0.0174306
0.0175615
0.0176814
0.0177904
0.0178887
0.0179765
0.0180537
0.0181205
0.0181769
0.0182227
0.0182579
0.0182822
0.0182958
0.0182983
0.0182912
0.0182755
0.0182457
0.0182401
7.18288e-05
0.000567197
0.000975766
0.00117642
0.00121805
0.00136801
0.0012946
0.00120598
0.00111398
0.00101017
0.000913294
0.000845802
0.00080908
0.000802799
0.000829897
0.000886087
0.000968503
0.0010761
0.00120104
0.00133528
0.00147615
0.00163097
0.0017897
0.00194888
0.00210492
0.00225913
0.00241586
0.00257729
0.00274463
0.00291655
0.00309323
0.00327538
0.00346318
0.00365695
0.00385704
0.00406374
0.00427731
0.00449796
0.00472584
0.00496101
0.00520342
0.00545305
0.00570993
0.00597397
0.00624504
0.00652298
0.00680723
0.00709794
0.00739489
0.00769756
0.00800495
0.00831619
0.00863091
0.0089486
0.00927008
0.00959373
0.00991853
0.010244
0.0105688
0.0108932
0.0112145
0.0115331
0.0118487
0.0121629
0.0124681
0.01277
0.0130665
0.0133558
0.0136386
0.0139138
0.0141822
0.0144426
0.0146953
0.0149348
0.0151634
0.0153939
0.0156128
0.0158176
0.0160122
0.0161958
0.0163683
0.0165304
0.0166821
0.0168233
0.0169541
0.0170746
0.0171848
0.017285
0.0173752
0.0174552
0.0175251
0.0175846
0.0176334
0.0176714
0.0176981
0.017713
0.0177173
0.0177115
0.0176898
0.0176919
7.37833e-05
0.000573031
0.00086949
0.000890905
0.000521924
0.000896468
0.00068688
0.000563485
0.000487131
0.000445944
0.000443378
0.000481497
0.000551935
0.000655041
0.000779151
0.000911597
0.00105284
0.00120561
0.00135794
0.00150307
0.00164215
0.00177467
0.00190683
0.00203959
0.00217685
0.00231475
0.00245348
0.00259488
0.00273965
0.00288806
0.00304045
0.00319733
0.00335914
0.00352629
0.00369914
0.00387804
0.00406328
0.00425516
0.00445388
0.00465955
0.00487217
0.00509192
0.00531899
0.00555338
0.00579508
0.00604407
0.00629966
0.00656192
0.0068307
0.00710564
0.00738708
0.00767469
0.00796733
0.00826431
0.008565
0.00886871
0.00917484
0.00948301
0.00979159
0.0101012
0.0104079
0.0107138
0.0110182
0.0113214
0.0116203
0.0119159
0.0122073
0.0124931
0.0127732
0.0130469
0.0133122
0.0135696
0.0138209
0.0140581
0.0142895
0.014521
0.0147403
0.0149485
0.0151471
0.015336
0.0155153
0.015685
0.0158449
0.0159949
0.0161353
0.0162659
0.0163868
0.0164982
0.0166
0.0166922
0.0167744
0.0168466
0.0169082
0.0169589
0.016998
0.0170247
0.0170399
0.0170435
0.01703
0.0170376
7.08004e-05
0.000994471
0.00084235
0.000709921
0.000100461
0.000317971
0.000228208
0.00023244
0.000277611
0.00036421
0.000483783
0.000615468
0.000754233
0.000910039
0.00106135
0.00119907
0.0013285
0.00144618
0.00156187
0.0016779
0.00179511
0.00191082
0.00202581
0.00213986
0.0022564
0.00237261
0.00248978
0.00261016
0.00273307
0.00285917
0.0029889
0.00312269
0.00326102
0.0034042
0.00355255
0.00370636
0.00386594
0.00403156
0.00420342
0.0043816
0.00456614
0.00475728
0.0049551
0.00515981
0.00537156
0.0055903
0.00581716
0.00605166
0.00629348
0.00654215
0.00679719
0.00705841
0.00732541
0.00759764
0.00787449
0.00815533
0.00843977
0.00872747
0.00901775
0.00931011
0.00960222
0.00989413
0.0101854
0.0104749
0.0107603
0.0110426
0.0113217
0.0115965
0.0118666
0.0121315
0.0123909
0.0126434
0.0128915
0.0131253
0.0133575
0.0135881
0.0138067
0.0140164
0.0142174
0.0144097
0.0145932
0.014768
0.0149338
0.0150905
0.0152382
0.0153768
0.0155064
0.0156271
0.0157388
0.0158414
0.0159345
0.016018
0.0160909
0.0161532
0.0162035
0.016241
0.016266
0.0162778
0.0162719
0.016282
7.0987e-05
6.90502e-05
3.97866e-06
9.39731e-05
6.48692e-05
0.000158525
0.000244991
0.000365164
0.000499932
0.000656219
0.000812578
0.000943998
0.00106443
0.00117126
0.0012733
0.00137653
0.00147985
0.00157718
0.00167557
0.00177269
0.00187
0.00196712
0.00206425
0.00216113
0.002259
0.00235801
0.00245837
0.00256109
0.00266645
0.00277495
0.00288685
0.0030025
0.00312221
0.00324615
0.00337456
0.00350765
0.0036457
0.00378891
0.00393737
0.00409141
0.00425154
0.00441782
0.00459041
0.00476958
0.00495557
0.0051485
0.00534842
0.00555592
0.00577068
0.00599262
0.00622164
0.00645732
0.0066993
0.00694713
0.00720031
0.0074583
0.00772023
0.00798438
0.00825115
0.00852047
0.00879094
0.00906207
0.00933327
0.00960445
0.00987416
0.0101419
0.0104073
0.0106697
0.0109286
0.0111832
0.0114337
0.0116781
0.0119199
0.0121475
0.0123769
0.0126034
0.0128192
0.0130273
0.0132278
0.0134206
0.0136058
0.013783
0.0139522
0.0141131
0.0142658
0.0144102
0.0145463
0.0146743
0.014794
0.0149052
0.0150074
0.0151006
0.0151833
0.0152558
0.0153158
0.0153629
0.0153965
0.0154152
0.0154163
0.0154251
7.13664e-05
3.26459e-05
3.96538e-05
0.000163563
0.00022265
0.000413562
0.000562593
0.000699602
0.000815699
0.000917628
0.00100438
0.00108212
0.00116636
0.0012491
0.0013308
0.00141217
0.00149474
0.00157672
0.00165864
0.00174065
0.00182328
0.00190611
0.00198919
0.00207262
0.00215717
0.00224343
0.00233159
0.00242216
0.00251543
0.00261181
0.00271128
0.00281417
0.0029207
0.00303082
0.00314477
0.00326272
0.00338492
0.00351147
0.00364241
0.00377795
0.00391831
0.00406398
0.00421525
0.00437249
0.004536
0.00470598
0.00488272
0.00506562
0.00525502
0.00545104
0.00565365
0.00586265
0.00607779
0.0062987
0.00652502
0.00675629
0.00699214
0.00723197
0.00747508
0.00772122
0.00796952
0.00821937
0.00847013
0.00872154
0.00897271
0.00922295
0.00947191
0.0097188
0.00996344
0.0102048
0.0104433
0.0106766
0.010909
0.0111283
0.0113508
0.0115703
0.0117806
0.0119842
0.0121812
0.0123717
0.0125557
0.0127328
0.0129027
0.0130653
0.0132204
0.0133681
0.0135085
0.0136416
0.0137671
0.013885
0.0139944
0.0140956
0.0141864
0.0142676
0.0143358
0.0143913
0.0144319
0.0144561
0.0144638
0.0144669
0.000100693
0.000154271
0.00024826
0.000465704
0.000534634
0.000693934
0.00072476
0.000785428
0.000844533
0.000898861
0.000959215
0.00101948
0.00108501
0.00115381
0.00122426
0.00129552
0.00136762
0.00144055
0.00151344
0.00158711
0.00166138
0.00173529
0.00180934
0.00188426
0.00196043
0.0020386
0.00211899
0.00220196
0.00228756
0.00237613
0.00246719
0.00256137
0.00265853
0.00275845
0.00286145
0.00296766
0.00307721
0.00318997
0.00330598
0.00342558
0.00354904
0.0036769
0.00380947
0.00394719
0.0040903
0.00423909
0.00439372
0.00455438
0.00472107
0.00489376
0.00507247
0.00525705
0.00544739
0.00564323
0.00584434
0.00605036
0.00626101
0.00647585
0.00669434
0.00691617
0.00714075
0.00736752
0.00759592
0.00782557
0.00805588
0.00828616
0.00851611
0.00874492
0.00897258
0.00919784
0.00942163
0.00964103
0.00986072
0.0100694
0.0102812
0.0104909
0.0106932
0.0108891
0.0110797
0.0112651
0.0114451
0.0116193
0.0117872
0.0119486
0.0121036
0.0122521
0.0123943
0.0125302
0.0126595
0.012782
0.0128967
0.013004
0.0131011
0.0131896
0.0132642
0.0133268
0.0133728
0.013401
0.0134149
0.0134073
3.6482e-05
7.53368e-05
9.38829e-05
0.00014247
0.000172395
0.000237562
0.000302838
0.000370567
0.000449053
0.000525656
0.000607665
0.000683816
0.000764967
0.000840763
0.000910216
0.000980695
0.00104989
0.00111929
0.00118764
0.00125805
0.00132699
0.00139366
0.00146145
0.00153136
0.0016034
0.00167807
0.00175498
0.00183434
0.00191572
0.00199901
0.00208454
0.00217187
0.00226096
0.00235166
0.00244463
0.00253978
0.00263692
0.00273553
0.00283598
0.00293899
0.00304487
0.00315426
0.00326733
0.0033846
0.0035061
0.0036322
0.00376291
0.00389841
0.00403879
0.00418404
0.00433419
0.00448917
0.00464899
0.00481349
0.0049826
0.00515609
0.00533381
0.00551547
0.00570074
0.00588936
0.00608097
0.00627515
0.0064715
0.00666958
0.00686909
0.00706937
0.00727032
0.00747105
0.00767187
0.00787126
0.00807066
0.00826682
0.00846423
0.00865378
0.00884556
0.00903689
0.00922335
0.00940303
0.00957931
0.00975222
0.0099214
0.0100861
0.0102455
0.0103998
0.010549
0.0106932
0.0108327
0.0109674
0.0110968
0.0112208
0.011338
0.0114492
0.0115505
0.0116448
0.0117239
0.0117924
0.0118416
0.011872
0.0118912
0.0118605
0.000257693
0.000182137
8.58366e-05
6.84015e-05
4.75076e-05
4.60787e-05
4.37753e-05
4.97164e-05
5.43183e-05
6.89391e-05
8.44727e-05
0.000111954
0.000144679
0.000183115
0.00022814
0.000279061
0.000336134
0.000398554
0.000466189
0.000537211
0.000612539
0.000694574
0.000777939
0.000862858
0.000947238
0.00103182
0.00111477
0.0011978
0.00127892
0.00136101
0.00144385
0.00152606
0.00160618
0.00168914
0.00177445
0.00185945
0.00194274
0.00202425
0.00210785
0.00219423
0.00228313
0.00237511
0.00246965
0.00256735
0.00266758
0.002771
0.00287704
0.00298621
0.00309842
0.00321362
0.003332
0.00345349
0.00357829
0.00370624
0.00383754
0.00397198
0.00410961
0.00425022
0.00439383
0.00454021
0.0046893
0.00484074
0.00499453
0.00515013
0.0053077
0.00546648
0.00562686
0.00578772
0.00594996
0.00611171
0.00627492
0.00643661
0.00659887
0.00675888
0.00691751
0.00707772
0.00723674
0.00738897
0.00754069
0.00769126
0.0078399
0.00798543
0.00812637
0.00826426
0.00839947
0.00853242
0.00866326
0.00879162
0.0089169
0.00903845
0.00915511
0.00926779
0.00937113
0.0094705
0.00955083
0.00962544
0.00967382
0.00970804
0.00972508
0.00965709
0.000481522
0.00047078
0.00034776
0.000319288
0.000221007
0.00020071
0.000141882
0.00012961
9.61336e-05
8.65601e-05
7.25803e-05
6.4404e-05
5.77571e-05
5.32077e-05
4.59974e-05
6.01688e-05
4.64207e-05
6.21148e-05
5.65125e-05
7.2987e-05
7.77381e-05
9.9612e-05
0.000119428
0.000150532
0.000183235
0.000221819
0.000265268
0.000314495
0.000368332
0.000427085
0.00048989
0.00055703
0.000626115
0.000698711
0.000771344
0.000848149
0.000928804
0.0010153
0.00110181
0.00118889
0.00127517
0.00136185
0.00144747
0.00153394
0.00161934
0.00170646
0.00179236
0.00188152
0.00196957
0.00205903
0.00215008
0.00224232
0.00233618
0.00243126
0.00252829
0.00262635
0.00272629
0.00282751
0.00293111
0.00303611
0.00314323
0.00325168
0.00336256
0.00347454
0.00358905
0.00370441
0.00382243
0.00394093
0.00406216
0.00418342
0.00430754
0.0044309
0.00455258
0.00467386
0.00479402
0.00491462
0.00503762
0.00515446
0.00528326
0.00540675
0.00552922
0.0056487
0.00576325
0.00588034
0.00599991
0.00612124
0.00624373
0.00636589
0.00648739
0.00660665
0.00672369
0.00683869
0.00694558
0.00705044
0.00712984
0.00721398
0.0072583
0.0073091
0.0072795
0.00722004
0.000713953
0.000711824
0.000687506
0.000678924
0.000641006
0.000624889
0.000577701
0.000556957
0.000506359
0.000483602
0.000435548
0.000414582
0.000366937
0.000349314
0.00030243
0.0002909
0.000240643
0.000229056
0.000188083
0.000178853
0.000148229
0.000142059
0.00011817
0.000114892
9.56995e-05
9.15244e-05
8.58284e-05
8.52257e-05
8.33109e-05
8.60598e-05
8.66993e-05
9.44435e-05
9.7684e-05
0.000112381
0.000121826
0.000144805
0.000164595
0.000192888
0.000222009
0.000255411
0.000291606
0.00033156
0.000373656
0.000418919
0.000465654
0.000514723
0.000564708
0.000615974
0.000668049
0.000720561
0.000773271
0.000826275
0.000879212
0.000932295
0.000986088
0.00103576
0.00109141
0.00114439
0.00120094
0.00125636
0.00131268
0.00137018
0.00142822
0.00148708
0.00154685
0.00160771
0.00166994
0.00173355
0.00179861
0.0018658
0.00193361
0.00200573
0.00208196
0.00216487
0.00225243
0.00234519
0.0024448
0.00254723
0.0026582
0.00277439
0.00289488
0.00301912
0.00314354
0.00326959
0.00339112
0.0035121
0.00363276
0.00375165
0.00387168
0.00398949
0.00410963
0.00422905
0.00433992
0.00444315
0.00451773
0.00462072
0.00466234
0.00471926
0.00468426
0.00461003
0.000823423
0.000821892
0.000818404
0.000816429
0.000811506
0.00080846
0.000801431
0.000796909
0.000787616
0.000781277
0.000769698
0.000761651
0.000747358
0.000737924
0.000720083
0.000709618
0.00068643
0.000675307
0.000647333
0.000635711
0.000604466
0.000591929
0.000556569
0.000543366
0.000503019
0.000489431
0.000446046
0.000432383
0.000386619
0.000372507
0.000330461
0.000317528
0.000282116
0.000270891
0.000241971
0.00023259
0.000210138
0.00020267
0.000185302
0.000179531
0.000167305
0.000163546
0.000157092
0.000155636
0.000153836
0.000154691
0.000156497
0.000159823
0.000164899
0.000170492
0.000178493
0.000186026
0.000196683
0.000205914
0.000218687
0.000229661
0.000244446
0.000256862
0.000275726
0.000287822
0.000313254
0.000325342
0.000354163
0.000362925
0.000391067
0.000399736
0.000428467
0.000437645
0.000468077
0.000478058
0.000511188
0.000521874
0.000559826
0.000571557
0.00061787
0.000630973
0.000687651
0.000703456
0.000763132
0.000785473
0.000843606
0.00087824
0.000932595
0.000980374
0.00104747
0.00109194
0.00116982
0.00121919
0.00130526
0.00136319
0.00145617
0.00152465
0.00161506
0.00168764
0.00176199
0.00179642
0.00181517
0.00187609
0.00181338
0.00180181
0.000848208
0.000847749
0.000847316
0.000846796
0.000846295
0.000845656
0.000845022
0.00084417
0.000843325
0.000842168
0.000841021
0.000839523
0.000837905
0.000836035
0.000833788
0.000831608
0.000828672
0.000826162
0.000821866
0.000819062
0.000813877
0.000810646
0.000804562
0.000800654
0.000793289
0.000788505
0.000779353
0.000773804
0.000762134
0.000756127
0.000741474
0.000735521
0.000718577
0.000712522
0.000693929
0.000686894
0.000666379
0.000657831
0.000634919
0.000626301
0.000600805
0.000592025
0.000564634
0.000555634
0.000527782
0.000518276
0.000493658
0.00048466
0.000462121
0.000452573
0.000437335
0.000425894
0.000419071
0.000408556
0.000402514
0.000394513
0.000387392
0.000381407
0.000376528
0.000372377
0.000369721
0.000367377
0.000366419
0.000365502
0.000365715
0.000365873
0.000366993
0.000367976
0.000369809
0.000371419
0.000373782
0.000375857
0.000378725
0.000381239
0.000384557
0.000387389
0.000391133
0.000394376
0.000398426
0.000402176
0.00040398
0.000412415
0.000409669
0.000432421
0.000428132
0.000453471
0.00044836
0.000476674
0.000472465
0.000504997
0.000502529
0.000545537
0.000527139
0.000558963
0.000563772
0.000598314
0.000597
0.000617347
0.000630398
0.000602092
0.00085072
0.000850622
0.000850536
0.000850426
0.000850328
0.000850206
0.000850092
0.000849955
0.000849815
0.000849656
0.000849479
0.000849289
0.00084907
0.00084883
0.00084855
0.000848251
0.000847903
0.000847545
0.000847109
0.000846665
0.000846126
0.000845579
0.000844925
0.000844262
0.000843473
0.000842676
0.000841733
0.000840789
0.000839669
0.00083856
0.000837229
0.000835917
0.000834376
0.000832785
0.000831051
0.000829096
0.000827187
0.000824984
0.000822455
0.000820027
0.000817211
0.000814534
0.00081142
0.000808486
0.000805096
0.000801908
0.000798337
0.000795045
0.000791421
0.000788035
0.000784591
0.000781322
0.000778369
0.000775557
0.000773043
0.000770715
0.000768636
0.000766751
0.00076514
0.000763791
0.00076264
0.000761861
0.00076137
0.00076112
0.000761134
0.000761379
0.000761848
0.000762488
0.000763287
0.000764147
0.000765281
0.000765707
0.000768467
0.000768806
0.000771538
0.00077154
0.000774184
0.000773653
0.000776123
0.000774911
0.000776899
0.000774818
0.000776368
0.000773501
0.000775054
0.000771098
0.000772277
0.000767065
0.000767669
0.000761374
0.000761512
0.000754556
0.000752503
0.000744432
0.000741817
0.000735968
0.000733166
0.000726345
0.000714556
0.000706566
0.000850688
0.000850626
0.000850573
0.000850507
0.000850452
0.000850382
0.000850323
0.00085025
0.000850187
0.000850111
0.000850043
0.000849962
0.00084989
0.000849803
0.000849725
0.000849631
0.000849548
0.000849445
0.000849356
0.000849243
0.000849145
0.00084902
0.000848912
0.000848772
0.00084865
0.000848494
0.000848357
0.000848181
0.000848027
0.00084783
0.000847655
0.000847434
0.000847236
0.000846987
0.000846762
0.000846485
0.000846233
0.000845931
0.00084565
0.000845316
0.000845012
0.000844651
0.000844334
0.000843953
0.000843631
0.00084324
0.000842924
0.000842537
0.000842248
0.000841886
0.000841642
0.00084133
0.000841164
0.000840946
0.000840887
0.000840795
0.000840867
0.000840923
0.000841144
0.000841364
0.000841756
0.000842149
0.000842734
0.000843322
0.000844082
0.000844905
0.000845849
0.000846796
0.000847808
0.00084884
0.000850134
0.000851226
0.000852702
0.000854005
0.000855501
0.000856846
0.00085828
0.000859647
0.000860954
0.00086227
0.000863085
0.00086401
0.000864573
0.000864869
0.000864877
0.000864297
0.000863328
0.000861288
0.000859181
0.000855341
0.000851321
0.000845991
0.000839619
0.000832198
0.000822579
0.000811524
0.000797318
0.000779475
0.000755321
0.00070358
0.000850647
0.000850581
0.000850529
0.00085046
0.000850406
0.000850334
0.000850279
0.000850204
0.000850149
0.000850071
0.000850015
0.000849934
0.000849878
0.000849794
0.000849739
0.000849651
0.000849598
0.000849507
0.000849454
0.00084936
0.000849308
0.00084921
0.000849159
0.000849056
0.000849004
0.000848897
0.000848844
0.000848733
0.000848677
0.000848563
0.000848503
0.000848385
0.000848322
0.000848201
0.000848134
0.00084801
0.000847942
0.000847814
0.000847751
0.000847617
0.000847564
0.000847428
0.000847389
0.000847256
0.000847237
0.000847112
0.000847124
0.000847015
0.000847069
0.000846989
0.000847094
0.000847061
0.000847224
0.000847258
0.000847486
0.00084761
0.00084791
0.000848144
0.000848527
0.000848888
0.000849367
0.000849859
0.00085046
0.000851065
0.000851817
0.000852493
0.000853385
0.000854213
0.000855106
0.000855956
0.000857018
0.000857959
0.000859112
0.000860068
0.000861227
0.000862021
0.000863189
0.000863873
0.000864916
0.000865249
0.000866064
0.000865708
0.000866127
0.000864684
0.000864201
0.000861363
0.000858716
0.000853778
0.000849401
0.000842339
0.000835392
0.000824417
0.000812002
0.000795662
0.000774889
0.000751883
0.000718175
0.00068457
0.000623975
0.000544407
0.000850633
0.000850565
0.000850513
0.000850441
0.000850389
0.000850313
0.000850261
0.000850182
0.00085013
0.000850047
0.000849997
0.00084991
0.000849861
0.00084977
0.000849723
0.000849628
0.000849584
0.000849484
0.000849442
0.000849339
0.0008493
0.000849192
0.000849155
0.000849043
0.000849007
0.000848891
0.000848856
0.000848735
0.000848701
0.000848575
0.000848542
0.000848411
0.000848378
0.000848242
0.00084821
0.000848072
0.000848042
0.000847902
0.000847878
0.000847737
0.000847724
0.000847582
0.000847586
0.000847449
0.000847474
0.000847349
0.000847403
0.000847297
0.000847391
0.000847312
0.000847457
0.000847417
0.000847613
0.000847632
0.000847881
0.000847985
0.000848286
0.000848497
0.000848852
0.000849187
0.000849597
0.000850065
0.000850537
0.00085111
0.000851688
0.00085233
0.000853073
0.000853791
0.000854577
0.000855231
0.000856163
0.000856837
0.000857777
0.000858261
0.000859127
0.000859148
0.000859718
0.000858973
0.000858909
0.000856937
0.000855801
0.000851908
0.000849053
0.000841955
0.000836731
0.000825983
0.00081838
0.000801884
0.000790539
0.000766559
0.000748645
0.00071775
0.000691725
0.000650346
0.000612122
0.000566076
0.000516979
0.000468119
0.000410519
0.000310498
0.000850624
0.000850553
0.000850503
0.000850429
0.000850378
0.000850301
0.000850251
0.000850169
0.00085012
0.000850034
0.000849987
0.000849896
0.000849851
0.000849756
0.000849714
0.000849613
0.000849574
0.000849468
0.000849433
0.000849322
0.00084929
0.000849173
0.000849144
0.000849022
0.000848996
0.000848868
0.000848844
0.000848709
0.000848689
0.000848545
0.000848529
0.000848376
0.000848365
0.000848201
0.000848199
0.000848021
0.000848029
0.00084784
0.000847858
0.000847662
0.00084769
0.000847494
0.000847533
0.000847344
0.000847398
0.000847222
0.000847294
0.000847141
0.000847234
0.000847112
0.000847234
0.00084715
0.000847314
0.000847281
0.000847493
0.00084754
0.000847784
0.000847934
0.000848206
0.000848467
0.000848764
0.000849126
0.000849445
0.000849882
0.000850206
0.000850645
0.000850916
0.000851282
0.000851387
0.000851404
0.000851467
0.000850823
0.000850557
0.000848843
0.000847979
0.000844601
0.000842747
0.000837001
0.000833324
0.000823961
0.000817737
0.000803882
0.000794883
0.000774407
0.000761267
0.00073304
0.000714956
0.000677036
0.000651627
0.00060488
0.00057415
0.00052276
0.000487549
0.000433976
0.000395674
0.000341917
0.000305392
0.000249449
0.000236638
0.000145572
0.000850622
0.000850549
0.000850504
0.000850427
0.000850383
0.000850303
0.00085026
0.000850175
0.000850134
0.000850044
0.000850006
0.00084991
0.000849875
0.000849773
0.000849742
0.000849633
0.000849606
0.00084949
0.000849468
0.000849345
0.000849327
0.000849195
0.000849182
0.000849041
0.000849033
0.000848882
0.000848879
0.000848716
0.00084872
0.000848543
0.000848554
0.000848361
0.000848381
0.000848171
0.000848201
0.000847972
0.000848016
0.000847767
0.000847827
0.000847558
0.000847635
0.00084735
0.000847446
0.000847149
0.000847263
0.00084696
0.000847093
0.000846791
0.000846943
0.000846648
0.000846817
0.000846535
0.000846714
0.000846442
0.000846644
0.000846359
0.000846562
0.000846243
0.000846412
0.000846024
0.000846083
0.000845597
0.000845417
0.000844767
0.000844161
0.00084303
0.00084214
0.000840112
0.000838609
0.000835164
0.000832678
0.000827134
0.000823197
0.000814647
0.000808788
0.000796064
0.000787536
0.000769389
0.000757359
0.000732442
0.000715512
0.000681783
0.0006587
0.000617942
0.000590224
0.000543492
0.000511974
0.000461855
0.000430827
0.000379735
0.00034863
0.000298833
0.000269708
0.000226159
0.000200341
0.000168189
0.000152744
0.000128962
0.000140961
0.000130952
0.000850626
0.000850545
0.000850506
0.000850419
0.000850382
0.000850289
0.000850256
0.000850157
0.000850127
0.00085002
0.000849995
0.000849881
0.000849861
0.000849739
0.000849725
0.000849594
0.000849586
0.000849446
0.000849445
0.000849294
0.000849302
0.000849137
0.000849154
0.000848973
0.000849001
0.000848802
0.00084884
0.00084862
0.000848669
0.000848425
0.000848484
0.000848212
0.000848281
0.000847977
0.000848055
0.000847713
0.000847798
0.000847411
0.000847502
0.000847059
0.000847155
0.000846643
0.000846741
0.000846142
0.000846238
0.000845531
0.000845609
0.000844771
0.000844799
0.000843806
0.000843736
0.000842565
0.000842317
0.000840911
0.000840356
0.00083868
0.000837734
0.000835504
0.000834092
0.000830888
0.000829163
0.000824475
0.000822251
0.000815521
0.000812515
0.000803079
0.00079887
0.000786051
0.000779808
0.000762648
0.000753366
0.000730835
0.000718455
0.000689514
0.000673614
0.000637863
0.000618219
0.000575997
0.000553039
0.000505658
0.000480988
0.000431503
0.000406752
0.000357055
0.000333071
0.000286141
0.000263848
0.000223981
0.00020479
0.00017324
0.00015808
0.000137445
0.00012627
0.000118136
0.000112169
0.000118698
0.000125277
0.000146593
0.000193784
0.000264506
0.000850676
0.000850571
0.000850573
0.000850457
0.000850469
0.00085034
0.000850361
0.000850218
0.000850249
0.00085009
0.000850132
0.000849955
0.000850007
0.000849809
0.000849872
0.00084965
0.000849722
0.000849471
0.000849551
0.000849264
0.00084935
0.000849019
0.000849109
0.00084872
0.000848811
0.000848348
0.000848431
0.000847878
0.000847938
0.000847278
0.000847292
0.000846507
0.000846444
0.000845512
0.00084533
0.000844226
0.000843872
0.000842567
0.000841971
0.000840431
0.000839501
0.000837691
0.000836303
0.000834216
0.000832291
0.000829496
0.000827293
0.000823421
0.000820877
0.000815767
0.000812733
0.000806066
0.000802366
0.000793789
0.000789235
0.000778293
0.000772653
0.000758796
0.000751844
0.000734376
0.000725895
0.000704064
0.0006938
0.000666938
0.000654659
0.000622414
0.000607905
0.000570465
0.000553856
0.000511914
0.000494392
0.000448977
0.000430528
0.000383848
0.000365506
0.000319926
0.000302847
0.000260301
0.00024542
0.000208736
0.000195642
0.000166561
0.000154803
0.000134699
0.000125437
0.00011298
0.00010687
0.000102058
9.94433e-05
0.00010323
0.000104979
0.000120046
0.000127933
0.000159758
0.000177812
0.000234706
0.000272796
0.000358453
0.000446254
0.000573473
0.000850737
0.000850561
0.000850618
0.000850404
0.000850479
0.000850216
0.000850308
0.00084998
0.000850085
0.000849677
0.000849782
0.000849277
0.000849359
0.000848736
0.000848761
0.000847998
0.000847917
0.000846988
0.000846736
0.000845612
0.000845106
0.000843754
0.00084289
0.000841274
0.00084002
0.000837923
0.000836289
0.000833379
0.000831531
0.00082768
0.00082549
0.000820549
0.000817937
0.000811746
0.000808651
0.000801033
0.000797386
0.000788171
0.000783889
0.000772925
0.000767915
0.000755053
0.000749232
0.000734306
0.000727599
0.000710455
0.000702721
0.000683268
0.000674417
0.00065247
0.00064248
0.000617817
0.000606646
0.000579343
0.000566445
0.000536953
0.000522468
0.000490417
0.000475154
0.000440342
0.000424834
0.000387938
0.000372259
0.00033499
0.000319523
0.000283597
0.000268601
0.00023567
0.000221866
0.000193193
0.000181259
0.000157085
0.000147478
0.000128338
0.000121178
0.000107067
0.000102446
9.30399e-05
9.08281e-05
8.63195e-05
8.65666e-05
8.72909e-05
9.04026e-05
9.75502e-05
0.000103794
0.000119909
0.000129666
0.000157179
0.000174723
0.000214872
0.000244195
0.000298548
0.000340794
0.000409784
0.000461862
0.000541737
0.00059519
0.000676753
0.00073334
0.000801259
0.000850145
0.00084972
0.000849153
0.000848431
0.000847621
0.000846486
0.000845338
0.000843519
0.000842065
0.000839283
0.000837411
0.000833384
0.000830979
0.000825393
0.000822344
0.000814875
0.000811055
0.000801431
0.000796732
0.000784721
0.000779074
0.000764515
0.000757926
0.000740761
0.00073328
0.000713692
0.000705285
0.00068354
0.000674187
0.000650688
0.000640604
0.000615733
0.000605111
0.0005793
0.00056831
0.000541992
0.000530759
0.000504341
0.000492918
0.000466775
0.000455149
0.00042959
0.000417731
0.000392964
0.000380831
0.000356957
0.000344542
0.0003216
0.000308927
0.00028693
0.000274051
0.000253009
0.000240114
0.000220115
0.000207553
0.000188642
0.000176714
0.000160145
0.000148972
0.000134661
0.000124714
0.00011329
0.000104788
9.6419e-05
8.94426e-05
8.42485e-05
7.86919e-05
7.64625e-05
7.31196e-05
7.33523e-05
7.23686e-05
7.51931e-05
7.68359e-05
8.26113e-05
8.73721e-05
9.6748e-05
0.000105393
0.000119321
0.000132879
0.000152541
0.00017217
0.000198795
0.000225504
0.000259797
0.000293805
0.00033546
0.000375364
0.000422394
0.000464838
0.000513265
0.00055342
0.000598396
0.000631909
0.000670357
0.000695402
0.000728149
0.000747036
0.000775159
0.000805652
0.000804245
0.000811662
0.000804926
0.000792809
0.000782495
0.000767348
0.000753027
0.00073472
0.000716086
0.000694782
0.000672109
0.000648315
0.000622403
0.00059695
0.000568998
0.000542911
0.000514274
0.000488593
0.000460521
0.000436134
0.000409591
0.000387124
0.000362723
0.000342515
0.000320545
0.000302679
0.000283185
0.000267555
0.000250418
0.000236802
0.000221814
0.000209934
0.00019676
0.000186355
0.000174828
0.000165638
0.000155517
0.000147318
0.000138391
0.000131001
0.000123095
0.000116382
0.000109365
0.000103222
9.6997e-05
9.13378e-05
8.57773e-05
8.0762e-05
7.59687e-05
7.17558e-05
6.78701e-05
6.46334e-05
6.18261e-05
5.97585e-05
5.82188e-05
5.74651e-05
5.73376e-05
5.80459e-05
5.94975e-05
6.18454e-05
6.50854e-05
6.93065e-05
7.46035e-05
8.09973e-05
8.86846e-05
9.76068e-05
0.000108076
0.000119927
0.000133572
0.000148739
0.000165912
0.000184719
0.000205658
0.000228257
0.000252967
0.000279183
0.00030728
0.00033643
0.000366972
0.000397701
0.000429127
0.000459547
0.000490088
0.000517367
0.000544743
0.000567372
0.000589975
0.000607256
0.000625485
0.000638114
0.00065351
0.000662934
0.000677389
0.000685295
0.000698277
0.000705238
0.000715161
0.000721254
0.000725753
0.000736607
0.000712479
0.000426364
0.000395308
0.000353197
0.000323853
0.000288295
0.000262902
0.000234285
0.000213286
0.000190803
0.000173866
0.00015639
0.000142919
0.00012938
0.000118754
0.000108262
9.99211e-05
9.17735e-05
8.52487e-05
7.89035e-05
7.38151e-05
6.886e-05
6.49089e-05
6.1033e-05
5.79894e-05
5.49614e-05
5.26535e-05
5.0305e-05
4.86091e-05
4.68223e-05
4.56558e-05
4.4354e-05
4.36704e-05
4.28138e-05
4.25999e-05
4.21824e-05
4.24583e-05
4.25081e-05
4.333e-05
4.39123e-05
4.53767e-05
4.65979e-05
4.8848e-05
5.0861e-05
5.40923e-05
5.70994e-05
6.15626e-05
6.7193e-05
7.47387e-05
8.34e-05
9.40007e-05
0.000105626
0.000119197
0.000133635
0.000149237
0.000165436
0.000182782
0.000200659
0.000219592
0.000238921
0.000259128
0.000279545
0.000300562
0.000321579
0.000342792
0.000363862
0.000384702
0.00040497
0.000424671
0.000443487
0.00046142
0.000478177
0.000493777
0.000508024
0.000520913
0.000532439
0.000542498
0.000551403
0.000558811
0.000565538
0.000571287
0.000576985
0.000581065
0.000583565
0.000588269
0.000589765
0.000593208
0.00059464
0.000597324
0.000597465
0.000599139
0.000597827
0.000598468
0.000595913
0.000595821
0.000592084
0.000591494
0.000585992
0.000584459
0.000575585
0.000551555
6.58621e-05
6.13357e-05
5.81936e-05
5.56349e-05
5.41873e-05
5.29412e-05
5.26096e-05
5.22764e-05
5.27431e-05
5.3095e-05
5.41795e-05
5.50814e-05
5.66787e-05
5.80502e-05
6.01002e-05
6.18964e-05
6.43699e-05
6.65729e-05
6.94651e-05
7.20813e-05
7.541e-05
7.84695e-05
8.22753e-05
8.5833e-05
9.01804e-05
9.43169e-05
9.92957e-05
0.000104119
0.000109844
0.000115487
0.000122101
0.000128721
0.000136388
0.000144163
0.000153064
0.000162176
0.000172492
0.000183116
0.000195005
0.000207275
0.000220835
0.000234798
0.000250015
0.000265581
0.000282268
0.000299148
0.000315716
0.000331745
0.000347078
0.000361521
0.000374933
0.000387187
0.000398176
0.000408499
0.000417588
0.000425984
0.000433044
0.000439518
0.000444625
0.00044941
0.00045283
0.000456283
0.000458422
0.000461063
0.000463202
0.000464419
0.000465861
0.000467348
0.000468815
0.000470359
0.000471874
0.00047339
0.000474773
0.00047596
0.000476853
0.000477284
0.000477275
0.000476568
0.000475356
0.000473362
0.000470914
0.00046798
0.000464215
0.000460626
0.00045608
0.000452029
0.000447027
0.00044276
0.000437399
0.000432907
0.000427109
0.000422364
0.000416058
0.000411299
0.000404405
0.000400126
0.000392264
0.00038855
0.00038014
0.000351084
0.000152827
0.000158467
0.000164066
0.000169609
0.000175051
0.000180375
0.000185537
0.00019052
0.000195281
0.000199809
0.000204063
0.000208037
0.000211696
0.000215043
0.000218047
0.000220721
0.000223041
0.00022503
0.000226668
0.00022799
0.000228977
0.000229678
0.000230071
0.000230219
0.000230091
0.000229762
0.000229231
0.000228471
0.000227597
0.000226573
0.000225438
0.000224202
0.000222898
0.000221534
0.000220141
0.000218724
0.000217312
0.000215908
0.00021454
0.000213211
0.000211943
0.00021074
0.000209619
0.000208585
0.000207648
0.000206858
0.000206121
0.000205418
0.000204865
0.000204371
0.0002039
0.000203462
0.000202984
0.000202492
0.000201908
0.000201275
0.000200504
0.000199665
0.000198628
0.00019757
0.000196216
0.000194948
0.000193408
0.000191766
0.000190015
0.000188172
0.000186229
0.000184212
0.000182128
0.000179992
0.000177815
0.000175604
0.000173367
0.000171102
0.000168818
0.000166502
0.000164161
0.000161779
0.00015936
0.000156899
0.000154382
0.000151844
0.000149231
0.000146622
0.000143936
0.000141276
0.000138542
0.000135854
0.000133086
0.000130379
0.000127568
0.000124825
0.000121936
0.000119121
0.000116106
0.000113121
0.000109949
0.000106414
0.000103097
9.49957e-05
0.000356541
0.000357495
0.000356681
0.000354825
0.00035225
0.000349217
0.000345741
0.000341773
0.000337355
0.000332519
0.000327255
0.000321566
0.000315555
0.000308983
0.000302293
0.000295314
0.000287053
0.000281608
0.00027109
0.000268643
0.00353736
0.00355036
0.00352138
0.00347805
0.00342503
0.00336547
0.00329868
0.00322419
0.00314319
0.0030558
0.00296155
0.00286116
0.00275476
0.00264009
0.00252701
0.0023942
0.00227742
0.00214437
0.00199078
0.00188158
0.00695601
0.00700668
0.00698254
0.00692497
0.00684626
0.00675432
0.006647
0.00652371
0.00638782
0.00623928
0.00607666
0.00590182
0.00571421
0.00550916
0.00530939
0.00506174
0.00486014
0.00459885
0.00433616
0.00411695
0.00977634
0.00984966
0.00983781
0.00978292
0.00969851
0.00959685
0.00946988
0.00932291
0.00915821
0.00897578
0.00877379
0.00855457
0.00831807
0.00805482
0.00780436
0.00747358
0.00723287
0.00685589
0.00656283
0.00621893
0.0120575
0.0121362
0.0121358
0.0120858
0.0120038
0.0118972
0.011761
0.011602
0.0114216
0.0112196
0.0109961
0.0107523
0.0104882
0.0101918
0.00990906
0.00952903
0.00926652
0.00880756
0.0085034
0.00804886
0.0138872
0.0139543
0.0139607
0.0139185
0.013843
0.0137366
0.0136
0.0134385
0.0132532
0.0130435
0.0128082
0.0125498
0.012267
0.0119527
0.0116447
0.0112438
0.0109645
0.0104589
0.0101505
0.00960223
0.0153465
0.0153997
0.0154057
0.0153703
0.0152966
0.0151935
0.0150608
0.0149011
0.0147155
0.0145044
0.0142657
0.0140028
0.0137121
0.0133913
0.0130678
0.0126571
0.0123638
0.0118331
0.0115251
0.0109083
0.0165049
0.0165443
0.0165463
0.0165091
0.0164382
0.0163385
0.0162102
0.0160543
0.0158714
0.0156624
0.0154248
0.0151625
0.0148702
0.0145493
0.0142192
0.0138088
0.0135062
0.0129655
0.0126568
0.0119955
0.0174172
0.017441
0.0174332
0.0173933
0.0173235
0.0172264
0.0171021
0.0169504
0.0167717
0.0165668
0.0163329
0.0160745
0.0157846
0.015468
0.0151368
0.0147326
0.0144234
0.0138868
0.0135789
0.0128883
0.018122
0.018129
0.0181104
0.0180657
0.0179951
0.0178994
0.0177781
0.0176305
0.0174565
0.0172567
0.0170281
0.0167755
0.0164906
0.0161811
0.015853
0.0154589
0.0151457
0.0146215
0.0143161
0.0136098
0.0186484
0.018639
0.0186092
0.0185583
0.0184853
0.0183899
0.0182705
0.0181266
0.0179572
0.0177629
0.0175404
0.0172948
0.0170168
0.0167161
0.0163941
0.0160127
0.0156983
0.015192
0.0148905
0.0141803
0.0190183
0.0189936
0.0189527
0.0188949
0.0188185
0.0187221
0.0186039
0.018463
0.0182981
0.0181095
0.0178936
0.0176558
0.0173858
0.0170952
0.0167814
0.0164145
0.0161024
0.0156163
0.0153206
0.0146157
0.0192479
0.0192095
0.0191582
0.0190932
0.0190127
0.0189146
0.018797
0.0186588
0.0184981
0.0183153
0.0181062
0.0178767
0.0176157
0.0173362
0.0170323
0.016681
0.0163751
0.0159096
0.0156219
0.0149304
0.0193493
0.0192989
0.0192383
0.0191665
0.0190816
0.0189815
0.0188642
0.0187284
0.0185718
0.0183948
0.0181928
0.0179721
0.0177208
0.0174531
0.0171604
0.016825
0.016528
0.0160841
0.0158066
0.0151338
0.0193312
0.0192709
0.0192022
0.0191242
0.0190353
0.0189333
0.0188162
0.0186822
0.0185284
0.0183563
0.0181609
0.0179488
0.0177073
0.0174518
0.0171715
0.0168556
0.0165726
0.0161514
0.0158847
0.0152383
0.0192002
0.019131
0.0190538
0.018969
0.0188752
0.0187704
0.0186526
0.0185208
0.0183732
0.0182093
0.0180235
0.0178231
0.0175952
0.0173553
0.0170906
0.0167911
0.0165204
0.0161225
0.0158686
0.0152534
0.0189493
0.0188737
0.018794
0.018708
0.0186144
0.0185113
0.0183969
0.0182706
0.0181296
0.017974
0.0177979
0.017608
0.01739
0.0171623
0.0169109
0.0166304
0.0163755
0.0160033
0.0157637
0.0151845
0.0186038
0.0185264
0.018445
0.018359
0.0182663
0.0181654
0.0180547
0.017932
0.0177943
0.017644
0.017475
0.017295
0.01709
0.0168775
0.0166424
0.0163823
0.0161446
0.0158
0.0155761
0.0150375
0.0181656
0.0180891
0.018007
0.0179187
0.0178243
0.0177228
0.0176129
0.0174938
0.0173628
0.0172212
0.0170623
0.0168949
0.0167038
0.0165077
0.0162903
0.0160517
0.015833
0.0155179
0.0153112
0.0148174
0.0176196
0.0175426
0.0174611
0.017375
0.0172833
0.0171855
0.0170804
0.0169677
0.0168446
0.0167127
0.0165653
0.0164114
0.0162356
0.0160572
0.0158587
0.0156433
0.0154448
0.0151614
0.0149734
0.0145286
0.0169704
0.0168976
0.0168202
0.0167385
0.0166516
0.0165594
0.0164608
0.0163561
0.0162423
0.0161216
0.0159868
0.0158479
0.0156887
0.0155293
0.0153513
0.0151606
0.0149838
0.0147344
0.0145665
0.0141747
0.016222
0.016156
0.0160854
0.0160104
0.0159306
0.015846
0.015756
0.0156611
0.0155582
0.0154502
0.0153295
0.0152069
0.0150658
0.0149271
0.014771
0.014607
0.0144533
0.0142404
0.0140939
0.0137589
0.0153747
0.0153185
0.0152572
0.0151916
0.0151213
0.0150466
0.0149673
0.0148842
0.0147942
0.0147006
0.0145957
0.014491
0.0143695
0.0142532
0.0141207
0.0139854
0.0138562
0.0136823
0.0135583
0.0132841
0.0144289
0.0143855
0.0143363
0.0142828
0.0142245
0.0141623
0.0140962
0.0140272
0.013952
0.0138747
0.0137871
0.0137021
0.0136019
0.01351
0.0134025
0.0132983
0.0131951
0.013063
0.0129622
0.012753
0.0133849
0.0133575
0.0133233
0.0132847
0.0132412
0.0131942
0.013144
0.0130916
0.0130334
0.0129741
0.0129058
0.0128422
0.0127649
0.0126995
0.0126189
0.0125482
0.0124723
0.012385
0.0123077
0.012168
0.0118635
0.0118616
0.0118515
0.0118367
0.011817
0.0117944
0.0117694
0.0117423
0.0117096
0.0116768
0.0116363
0.0116038
0.0115595
0.0115325
0.01149
0.0114676
0.0114302
0.0114063
0.0113598
0.0113205
0.00970228
0.00974002
0.00976824
0.00979275
0.00981204
0.0098298
0.00984506
0.00985526
0.00985785
0.00986147
0.00985965
0.00987096
0.00987262
0.00990043
0.00991034
0.0099563
0.0099712
0.0100335
0.0100184
0.0101328
0.0073043
0.00738392
0.00745909
0.00753715
0.00760655
0.00767835
0.00773938
0.00778498
0.00782036
0.00786147
0.00790283
0.00796403
0.00801814
0.00810912
0.00817697
0.0083
0.00836955
0.00851975
0.00854951
0.00881893
0.00469177
0.00483078
0.00499407
0.00515977
0.00528069
0.0054275
0.00549839
0.00554397
0.00559633
0.00568173
0.00577996
0.00590199
0.0060202
0.00618404
0.00631672
0.00652215
0.00664045
0.00687882
0.00696212
0.00739494
0.00187514
0.00204917
0.00220037
0.0023635
0.00249845
0.00266929
0.00284038
0.00301875
0.00319034
0.00338812
0.0035602
0.00377587
0.00395173
0.00420164
0.00439483
0.00465632
0.00481267
0.00513623
0.00528634
0.00585651
0.000636394
0.000678405
0.000718123
0.00077851
0.000831119
0.000908619
0.000981092
0.00108528
0.00117568
0.00131779
0.00143393
0.00162799
0.0017722
0.00204
0.0022129
0.00260095
0.00287715
0.00333611
0.00355758
0.00425557
0.000699556
0.000678043
0.000671239
0.000650205
0.000644892
0.00062702
0.000625444
0.000615594
0.00061952
0.000625532
0.000638906
0.000674304
0.000705678
0.0007935
0.00085966
0.0010399
0.00118544
0.00155254
0.00172771
0.00258822
0.000698522
0.000690362
0.000684939
0.000672503
0.000663818
0.000646191
0.000636152
0.000612507
0.000601699
0.00057627
0.00056568
0.00053758
0.000527933
0.000505138
0.000500899
0.000495582
0.00050607
0.00058937
0.00061459
0.00112411
0.0005351
0.000530251
0.000523244
0.00051251
0.000502786
0.000486792
0.000474841
0.000455377
0.000442299
0.000420731
0.000407633
0.000385643
0.000374926
0.000352285
0.000343707
0.000325988
0.000315797
0.000312866
0.000295404
0.000380841
0.000305818
0.000304821
0.000300022
0.000292416
0.000286341
0.000275685
0.000269049
0.000255
0.000248029
0.000231395
0.000225964
0.000208937
0.000203731
0.000188687
0.000184718
0.000177205
0.000173316
0.000184435
0.000170706
0.000231048
0.000146495
0.000147482
0.000149046
0.000147247
0.000146817
0.000144386
0.00014417
0.00014149
0.00014215
0.00014174
0.000145083
0.000150812
0.000159447
0.000177503
0.000194559
0.000233186
0.00025972
0.000329173
0.000353303
0.000479556
0.000135239
0.000136824
0.00014075
0.000146898
0.000152323
0.000162742
0.000173666
0.000191629
0.000211882
0.00024228
0.00027665
0.000323748
0.00037436
0.000437588
0.000498796
0.000569897
0.000626211
0.000693985
0.000728776
0.000785333
0.000267234
0.000287929
0.000307951
0.000332585
0.000362511
0.000398402
0.000440798
0.000487679
0.000539897
0.000593754
0.000648828
0.000701384
0.000749785
0.000791192
0.000829014
0.000856098
0.000884655
0.000906565
0.000912621
0.000934235
0.000589379
0.000623168
0.000651086
0.000679003
0.000709096
0.000741053
0.000773491
0.000804499
0.000835849
0.000862936
0.000891048
0.000912927
0.000931314
0.000949384
0.0009611
0.000969379
0.000974132
0.000973184
0.000963325
0.000954117
0.000817746
0.000833248
0.000849933
0.000869588
0.000886681
0.000905008
0.000921153
0.00093754
0.000951181
0.000960306
0.000968723
0.000970108
0.000972024
0.000966204
0.000963991
0.000950435
0.000943461
0.000921439
0.000903819
0.000869591
0.000856978
0.0008732
0.000893218
0.000907416
0.000919081
0.000926548
0.000931123
0.000931041
0.000930228
0.000922981
0.000916931
0.000903139
0.000892759
0.000872361
0.000859403
0.000831877
0.000815738
0.000781505
0.000760479
0.000708945
0.000773353
0.000794018
0.000813805
0.000827325
0.000831429
0.000828794
0.00082304
0.000811609
0.00079949
0.000780982
0.000764503
0.000740412
0.000721386
0.000693425
0.000674281
0.000640635
0.000621044
0.000584799
0.000563228
0.000511942
0.000610936
0.000628721
0.000648366
0.000651127
0.000645001
0.000632562
0.000617752
0.000598702
0.000579389
0.000555681
0.000535224
0.00050917
0.000490007
0.000464946
0.000445777
0.000420547
0.000401111
0.000375075
0.000358233
0.000321903
0.000428943
0.00042807
0.000417218
0.000400753
0.000383148
0.000364714
0.000347572
0.000329995
0.000314126
0.000297869
0.00028491
0.000270658
0.000259603
0.000246844
0.00023629
0.000224551
0.000213939
0.000201442
0.000192292
0.000179218
9.8942e-05
9.95922e-05
0.000100159
9.98352e-05
9.89696e-05
9.79074e-05
9.68628e-05
9.57064e-05
9.45206e-05
9.3191e-05
9.19316e-05
9.05956e-05
8.93746e-05
8.81427e-05
8.69866e-05
8.5951e-05
8.47779e-05
8.41368e-05
8.26119e-05
8.30118e-05
)
;

boundaryField
{
    inlet
    {
        type            calculated;
        value           uniform 0.000851986;
    }
    outlet
    {
        type            calculated;
        value           nonuniform List<scalar> 
45
(
0.000268643
0.00188158
0.00411695
0.00621893
0.00804886
0.00960223
0.0109083
0.0119955
0.0128883
0.0136098
0.0141803
0.0146157
0.0149304
0.0151338
0.0152383
0.0152534
0.0151845
0.0150375
0.0148174
0.0145286
0.0141747
0.0137589
0.0132841
0.012753
0.012168
0.0113205
0.0101328
0.00881893
0.00739494
0.00585651
0.00425557
0.00258822
0.00112411
0.000380841
0.000231048
0.000479556
0.000785333
0.000934235
0.000954117
0.000869591
0.000708945
0.000511942
0.000321903
0.000179218
8.30118e-05
)
;
    }
    upperWall
    {
        type            nutkWallFunction;
        Cmu             0.09;
        kappa           0.41;
        E               9.8;
        value           nonuniform List<scalar> 
138
(
0
1.35081e-07
1.16067e-06
2.15103e-06
3.23943e-06
4.25973e-06
5.3217e-06
6.33778e-06
7.36204e-06
8.34672e-06
9.31885e-06
1.02523e-05
1.11606e-05
1.20299e-05
1.28667e-05
1.36647e-05
1.44265e-05
1.51507e-05
1.58998e-05
1.66917e-05
1.74742e-05
1.82452e-05
1.8999e-05
1.97334e-05
2.04426e-05
2.11249e-05
2.17746e-05
2.23905e-05
2.29675e-05
2.35051e-05
2.3999e-05
2.44497e-05
2.48536e-05
2.52124e-05
2.55232e-05
2.57894e-05
2.60083e-05
2.61849e-05
2.63166e-05
2.64102e-05
2.64625e-05
2.64823e-05
2.64651e-05
2.6422e-05
2.6347e-05
2.62504e-05
2.61326e-05
2.59955e-05
2.58437e-05
2.56784e-05
2.55039e-05
2.53212e-05
2.51344e-05
2.49442e-05
2.47546e-05
2.45659e-05
2.43819e-05
2.42028e-05
2.40319e-05
2.38697e-05
2.37184e-05
2.35789e-05
2.34522e-05
2.33456e-05
2.32445e-05
2.31521e-05
2.30754e-05
2.30089e-05
2.29453e-05
2.2886e-05
2.28213e-05
2.27547e-05
2.26756e-05
2.25899e-05
2.24853e-05
2.23714e-05
2.22306e-05
2.20801e-05
2.19106e-05
2.17274e-05
2.15196e-05
2.12961e-05
2.10574e-05
2.08049e-05
2.05389e-05
2.02622e-05
1.99759e-05
1.96822e-05
1.93819e-05
1.90767e-05
1.87671e-05
1.84534e-05
1.8136e-05
1.78138e-05
1.74872e-05
1.71545e-05
1.68155e-05
1.64701e-05
1.61158e-05
1.57578e-05
1.53883e-05
1.50183e-05
1.46365e-05
1.42575e-05
1.38667e-05
1.34817e-05
1.30841e-05
1.26942e-05
1.22883e-05
1.18914e-05
1.14721e-05
1.10626e-05
1.06224e-05
1.01857e-05
9.71999e-06
9.19764e-06
8.71194e-06
7.49111e-06
8.101e-06
8.19048e-06
8.27617e-06
8.22866e-06
8.10123e-06
7.94312e-06
7.78943e-06
7.61676e-06
7.44193e-06
7.24296e-06
7.05593e-06
6.85518e-06
6.67223e-06
6.48631e-06
6.31142e-06
6.1539e-06
5.97504e-06
5.87548e-06
5.64187e-06
5.6997e-06
)
;
    }
    lowerWall
    {
        type            nutkWallFunction;
        Cmu             0.09;
        kappa           0.41;
        E               9.8;
        value           nonuniform List<scalar> 
163
(
0
0
0
0
0
0
0
0
0
0
0
0
0
0
0
0
0
0
0
0
0
5.20844e-07
8.31684e-07
1.93302e-06
2.55585e-06
3.0704e-06
3.5089e-06
3.8851e-06
4.16759e-06
4.36092e-06
4.47044e-06
4.50845e-06
4.49483e-06
4.44523e-06
4.35524e-06
4.24459e-06
4.12965e-06
3.9777e-06
3.79823e-06
3.47296e-06
3.14164e-06
3.74483e-06
8.15769e-06
0
3.97224e-09
6.11585e-07
1.14765e-06
1.31889e-06
1.4987e-06
1.78274e-06
2.11506e-06
2.54592e-06
3.10003e-06
3.73967e-06
4.41875e-06
5.14123e-06
6.00268e-06
7.01843e-06
8.17392e-06
9.43754e-06
1.07668e-05
1.21236e-05
1.34798e-05
1.48183e-05
1.6123e-05
1.73941e-05
1.86295e-05
1.98317e-05
2.10037e-05
2.21489e-05
2.32711e-05
2.43736e-05
2.54595e-05
2.65313e-05
2.7591e-05
2.86404e-05
2.96805e-05
3.07119e-05
3.17352e-05
3.27501e-05
3.37564e-05
3.47534e-05
3.57404e-05
3.67163e-05
3.76799e-05
3.86299e-05
3.9565e-05
4.04837e-05
4.13844e-05
4.22657e-05
4.31258e-05
4.39632e-05
4.47762e-05
4.55631e-05
4.63221e-05
4.70511e-05
4.77478e-05
4.84094e-05
4.90331e-05
4.96178e-05
5.01705e-05
5.06885e-05
5.11707e-05
5.16168e-05
5.20257e-05
5.23968e-05
5.27292e-05
5.30224e-05
5.32757e-05
5.34887e-05
5.36612e-05
5.37928e-05
5.38836e-05
5.39339e-05
5.39441e-05
5.39152e-05
5.38481e-05
5.37389e-05
5.35848e-05
5.33956e-05
5.31826e-05
5.29296e-05
5.26374e-05
5.23115e-05
5.19526e-05
5.15626e-05
5.11429e-05
5.06949e-05
5.02203e-05
4.97208e-05
4.91982e-05
4.86546e-05
4.80919e-05
4.75125e-05
4.69186e-05
4.63131e-05
4.56987e-05
4.50905e-05
4.46434e-05
4.42738e-05
4.38642e-05
4.34899e-05
4.23992e-05
4.2827e-05
4.29408e-05
4.2832e-05
4.25919e-05
4.22611e-05
4.18742e-05
4.14301e-05
4.09249e-05
4.03635e-05
3.975e-05
3.90837e-05
3.83618e-05
3.76e-05
3.67649e-05
3.59124e-05
3.50218e-05
3.39568e-05
3.32587e-05
3.18888e-05
3.15728e-05
)
;
    }
    frontAndBack
    {
        type            empty;
    }
}


// ************************************************************************* //
