/*--------------------------------*- C++ -*----------------------------------*\
| =========                 |                                                 |
| \\      /  F ield         | OpenFOAM: The Open Source CFD Toolbox           |
|  \\    /   O peration     | Version:  5.x                                   |
|   \\  /    A nd           | Web:      www.OpenFOAM.org                      |
|    \\/     M anipulation  |                                                 |
\*---------------------------------------------------------------------------*/
FoamFile
{
    version     2.0;
    format      ascii;
    class       volScalarField;
    location    "213";
    object      epsilon;
}
// * * * * * * * * * * * * * * * * * * * * * * * * * * * * * * * * * * * * * //

dimensions      [0 2 -3 0 0 0 0];

internalField   nonuniform List<scalar> 
5760
(
153.096
147.998
143.436
138.738
134.258
130.052
126.298
123.206
120.455
118.313
116.549
115.234
114.266
113.591
113.218
113.013
113.075
112.588
28.6602
44.2411
51.3144
54.7721
57.4684
59.782
62.47
65.073
68.2538
71.1357
74.8118
77.8145
81.876
84.8231
89.0929
92.3512
97.3112
99.9799
15.989
20.6841
24.4537
26.9886
28.9069
30.3419
31.6613
32.7862
33.9638
35.0238
36.2149
37.3152
38.5482
39.7339
40.9645
42.2971
43.4021
45.4648
14.7841
15.5521
16.6399
17.7774
18.7901
19.6396
20.3827
21.028
21.6092
22.1489
22.6378
23.1389
23.5706
24.0761
24.4572
25.0007
25.3072
25.9975
14.7151
14.7303
14.8172
15.056
15.3681
15.6948
16.0053
16.3049
16.5712
16.835
17.0569
17.2953
17.4804
17.7065
17.8603
18.0871
18.202
18.4874
14.7554
14.5953
14.4796
14.4024
14.3911
14.4042
14.4361
14.4948
14.553
14.6255
14.6867
14.7622
14.8191
14.8943
14.9444
15.0202
15.0571
15.1626
14.7651
14.5916
14.4343
14.2915
14.1691
14.0687
13.9822
13.9155
13.8578
13.8157
13.777
13.7511
13.7243
13.7091
13.6897
13.6819
13.6659
13.6766
14.7657
14.5937
14.4314
14.2796
14.1368
14.006
13.884
13.7738
13.6711
13.5797
13.4936
13.4181
13.3453
13.2835
13.2204
13.1709
13.1135
13.0773
14.7657
14.5939
14.4315
14.2787
14.1339
13.9981
13.8694
13.7491
13.6352
13.5293
13.4286
13.3357
13.2466
13.1654
13.0863
13.0157
12.9447
12.8837
14.7657
14.5938
14.4315
14.2785
14.1337
13.997
13.8675
13.7453
13.6293
13.5199
13.4158
13.3177
13.2243
13.1364
13.0524
12.9735
12.8978
12.827
14.7657
14.5937
14.4314
14.2782
14.1335
13.9966
13.8671
13.7445
13.6284
13.5184
13.414
13.315
13.2209
13.1317
13.0468
12.9662
12.8895
12.8167
14.7657
14.5937
14.4313
14.2781
14.1333
13.9963
13.8668
13.7441
13.6279
13.5178
13.4133
13.3141
13.22
13.1306
13.0456
12.9649
12.888
12.8149
14.7657
14.5936
14.4313
14.278
14.1332
13.9962
13.8666
13.7439
13.6276
13.5174
13.4129
13.3137
13.2196
13.1301
13.0451
12.9642
12.8873
12.8141
14.7657
14.5936
14.4313
14.278
14.1332
13.9962
13.8666
13.7439
13.6277
13.5176
13.4131
13.314
13.22
13.1306
13.0458
12.9651
12.8884
12.8153
14.7657
14.5936
14.4314
14.2782
14.1337
13.9971
13.8683
13.7464
13.6314
13.5225
13.4198
13.3223
13.2304
13.1429
13.0606
12.9819
12.9082
12.8371
14.7658
14.5938
14.4336
14.2849
14.1485
14.0228
13.9076
13.8009
13.703
13.6117
13.5279
13.4489
13.3768
13.3078
13.2456
13.1844
13.1311
13.0757
14.7691
14.6134
14.5138
14.4515
14.4143
14.3907
14.3791
14.3723
14.3723
14.3734
14.3767
14.3798
14.3857
14.3892
14.3954
14.3993
14.406
14.4035
14.9492
15.2016
15.7434
16.2337
16.6525
17.0018
17.3039
17.5585
17.7879
17.9832
18.1683
18.3245
18.4821
18.6111
18.7524
18.8602
18.9938
19.0823
17.6553
21.6735
24.1667
25.7442
26.8362
27.6531
28.321
28.8783
29.3914
29.8467
30.2977
30.701
31.1205
31.488
31.889
32.227
32.6201
32.9365
69.2777
67.8306
66.558
65.3924
64.2674
63.1908
62.1709
61.2165
60.3295
59.5121
58.7604
58.0738
57.4451
56.874
56.351
55.8786
55.4454
55.0537
0.192285
0.320998
0.559292
0.833024
1.19564
1.66789
2.22396
2.81987
3.4169
3.98839
4.51861
5.00101
5.43572
5.78399
6.12843
6.49915
6.86962
30.8075
31.6756
31.9185
7.08668
6.81154
34.7496
39.863
45.0835
51.415
57.834
64.9566
72.4849
80.5872
89.2067
98.3953
108.151
118.495
129.434
140.976
153.123
165.874
179.22
193.151
207.645
222.681
238.226
254.243
270.689
287.513
304.656
322.053
339.626
357.288
374.936
392.451
409.704
426.593
443.181
459.432
475.21
490.457
505.09
519.026
532.184
544.487
555.862
566.243
575.567
583.781
590.842
596.712
601.373
604.812
607.026
607.952
607.227
605.506
603.054
599.179
594.13
588.019
580.907
572.872
563.99
554.343
544.015
533.09
521.656
509.796
497.596
485.134
472.492
459.753
447.037
435.482
429.98
425.372
420.875
416.266
412.001
406.657
402.584
376.992
0.701634
0.525338
0.623951
0.83813
1.15557
1.57428
2.07604
2.63553
3.23275
3.85813
4.51301
5.20992
5.97334
6.85652
7.99475
9.61861
12.1591
16.8297
16.4919
16.4139
15.1234
18.7668
24.6621
26.7564
29.6706
32.7477
35.9519
39.3997
43.0274
46.881
50.947
55.2399
59.7589
64.5086
69.489
74.7004
80.1404
85.8054
91.6896
97.7855
104.084
110.572
117.238
124.065
131.033
138.123
145.31
152.567
159.864
167.166
174.436
181.637
188.743
195.765
202.803
209.794
216.586
223.172
229.514
235.58
241.338
246.758
251.81
256.466
260.703
264.497
267.83
270.687
273.057
274.929
276.291
277.093
277.302
277.111
276.529
275.377
273.737
271.643
269.118
266.191
262.89
259.246
255.291
251.059
246.584
241.9
237.04
232.038
226.928
221.744
216.541
211.601
207.956
204.599
201.307
198.049
194.871
191.675
188.891
182.724
1.32201
0.843159
0.898008
1.10128
1.42114
1.8472
2.3612
2.94251
3.57732
4.26293
5.00858
5.83631
6.78251
7.89184
9.20319
10.7368
12.4807
14.2371
14.922
16.0652
17.6141
20.2177
22.886
25.036
27.4999
30.1087
32.8699
35.8045
38.9012
42.1722
45.6163
49.2384
53.0394
57.0213
61.1843
65.528
70.0506
74.7494
79.6202
84.6575
89.8542
95.2015
100.689
106.305
112.035
117.864
123.772
129.742
135.75
141.775
147.794
153.788
159.746
165.669
171.57
177.375
183.029
188.511
193.792
198.845
203.643
208.159
212.369
216.249
219.78
222.942
225.72
228.1
230.072
231.627
232.756
233.387
233.587
233.45
232.923
231.952
230.576
228.821
226.707
224.256
221.493
218.444
215.135
211.595
207.851
203.933
199.868
195.684
191.41
187.074
182.716
178.475
174.753
171.217
167.751
164.353
161.028
157.846
155
151.224
1.9629
1.20104
1.21814
1.43088
1.77037
2.21909
2.75976
3.37451
4.05156
4.78868
5.59315
6.48004
7.46887
8.5775
9.81196
11.1539
12.5501
13.9103
15.1567
16.7035
18.548
20.7138
22.9442
25.1525
27.5418
30.0741
32.7536
35.5926
38.5915
41.7559
45.0882
48.5922
52.2704
56.1252
60.158
64.3695
68.7594
73.326
78.0667
82.9773
88.052
93.2835
98.6625
104.178
109.817
115.565
121.404
127.318
133.285
139.285
145.298
151.306
157.291
163.243
169.139
174.925
180.564
186.029
191.291
196.321
201.09
205.573
209.743
213.578
217.056
220.159
222.869
225.175
227.066
228.533
229.561
230.081
230.219
229.975
229.32
228.237
226.753
224.888
222.666
220.109
217.242
214.093
210.689
207.058
203.229
199.231
195.092
190.841
186.505
182.113
177.701
173.357
169.286
165.359
161.514
157.758
154.094
150.638
147.517
144.099
2.5758
1.56503
1.54722
1.7651
2.11932
2.58495
3.14404
3.77937
4.4785
5.23653
6.05609
6.94604
7.9194
8.98973
10.1644
11.434
12.7668
14.1429
15.5947
17.2499
19.1101
21.1428
23.287
25.5158
27.9046
30.4431
33.1413
36.0023
39.0302
42.2306
45.6081
49.1675
52.9132
56.8492
60.9786
65.3039
69.8266
74.5468
79.4629
84.5723
89.8705
95.3506
101.004
106.82
112.785
118.884
125.099
131.412
137.8
144.241
150.712
157.189
163.647
170.055
176.381
182.587
188.634
194.492
200.127
205.506
210.6
215.377
219.811
223.875
227.546
230.804
233.63
236.012
237.94
239.406
240.374
240.812
240.86
240.453
239.599
238.295
236.561
234.421
231.899
229.021
225.815
222.312
218.541
214.534
210.323
205.939
201.414
196.777
192.058
187.287
182.5
177.758
173.184
168.734
164.378
160.135
156.012
152.141
148.635
145.031
3.15055
1.91486
1.86432
2.08177
2.44296
2.91554
3.48023
4.11996
4.82194
5.57986
6.39431
7.27207
8.22463
9.26541
10.4051
11.6446
12.9716
14.386
15.9142
17.6026
19.4574
21.4617
23.5988
25.8691
28.2962
30.8844
33.6417
36.5744
39.6892
42.9932
46.4933
50.1964
54.1089
58.237
62.586
67.1603
71.9632
76.9965
82.2605
87.7532
93.4704
99.4056
105.55
111.892
118.416
125.107
131.943
138.903
145.961
153.092
160.265
167.451
174.617
181.725
188.736
195.61
202.306
208.787
215.015
220.952
226.562
231.813
236.672
241.111
245.102
248.624
251.657
254.187
256.203
257.7
258.623
258.988
258.905
258.297
257.191
255.591
253.519
251
248.062
244.735
241.052
237.046
232.753
228.208
223.447
218.505
213.416
208.216
202.935
197.607
192.267
186.964
181.783
176.717
171.761
166.941
162.274
157.896
153.914
149.895
3.67324
2.23596
2.15218
2.36292
2.72248
3.19142
3.74903
4.37878
5.06859
5.81251
6.61123
7.4712
8.4038
9.42215
10.538
11.758
13.0811
14.5121
16.068
17.7691
19.6236
21.6286
23.784
26.095
28.5732
31.2267
34.0651
37.0975
40.3332
43.7817
47.4527
51.3555
55.4993
59.8928
64.5438
69.4591
74.644
80.1023
85.8353
91.8421
98.1188
104.659
111.452
118.486
125.743
133.204
140.844
148.638
156.556
164.564
172.628
180.709
188.766
196.755
204.631
212.347
219.857
227.118
234.084
240.714
246.967
252.803
258.186
263.085
267.469
271.314
274.597
277.304
279.425
280.954
281.823
282.103
281.838
280.984
279.569
277.604
275.115
272.13
268.681
264.803
260.535
255.915
250.982
245.779
240.344
234.719
228.942
223.052
217.084
211.074
205.057
199.08
193.204
187.447
181.816
176.348
171.064
166.105
161.573
157.015
4.13203
2.5164
2.39809
2.5958
2.94566
3.40175
3.94222
4.55152
5.21914
5.94065
6.71803
7.55553
8.46615
9.46258
10.5567
11.7575
13.0705
14.503
16.0651
17.77
19.6275
21.644
23.8256
26.1802
28.7172
31.4466
34.3817
37.5347
40.918
44.5441
48.4257
52.5754
57.0054
61.7274
66.752
72.0886
77.7448
83.7261
90.035
96.6714
103.631
110.907
118.488
126.357
134.496
142.88
151.481
160.266
169.199
178.242
187.349
196.475
205.571
214.583
223.46
232.147
240.593
248.744
256.551
263.965
270.938
277.428
283.392
288.796
293.605
297.793
301.336
304.219
306.431
307.966
308.758
308.909
308.408
307.249
305.461
303.059
300.074
296.539
292.492
287.972
283.024
277.692
272.022
266.059
259.851
253.442
246.876
240.196
233.442
226.653
219.866
213.126
206.484
199.969
193.602
187.424
181.464
175.864
170.715
165.542
4.51967
2.74886
2.59467
2.77368
3.10713
3.54338
4.05974
4.64194
5.28104
5.97413
6.72572
7.54456
8.43788
9.41707
10.4936
11.6776
12.9771
14.4005
15.9574
17.6606
19.5218
21.5501
23.7559
26.1512
28.7516
31.5685
34.617
37.9133
41.4731
45.3125
49.4478
53.895
58.67
63.7876
69.2616
75.1041
81.3248
87.9307
94.9254
102.309
110.076
118.218
126.721
135.565
144.727
154.177
163.88
173.798
183.887
194.097
204.378
214.674
224.925
235.071
245.05
254.801
264.263
273.377
282.085
290.331
298.063
305.232
311.794
317.707
322.936
327.453
331.232
334.257
336.519
338.006
338.68
338.631
337.826
336.291
334.055
331.137
327.573
323.404
318.673
313.425
307.71
301.578
295.083
288.275
281.208
273.931
266.493
258.943
251.324
243.678
236.047
228.474
221.006
213.681
206.525
199.588
192.902
186.612
180.793
174.956
4.83256
2.93035
2.73953
2.89537
3.20729
3.61888
4.1067
4.65862
5.27177
5.94301
6.67306
7.46588
8.33341
9.28708
10.3382
11.4976
12.7755
14.1823
15.73
17.4321
19.3022
21.3533
23.5994
26.0558
28.7369
31.6579
34.8444
38.3163
42.0928
46.1938
50.6396
55.4502
60.6451
66.2426
72.2595
78.7103
85.6065
92.956
100.763
109.025
117.736
126.885
136.452
146.415
156.741
167.396
178.338
189.517
200.883
212.376
223.936
235.495
246.987
258.34
269.484
280.349
290.866
300.968
310.59
319.671
328.152
335.982
343.11
349.494
355.096
359.885
363.838
366.937
369.174
370.536
371.022
370.679
369.486
367.486
364.715
361.192
356.963
352.073
346.572
340.512
333.949
326.94
319.543
311.815
303.816
295.601
287.225
278.74
270.193
261.632
253.1
244.641
236.302
228.124
220.141
212.408
204.957
197.939
191.407
184.879
5.07062
3.0615
2.83435
2.96387
3.25064
3.63484
4.09695
4.62497
5.20884
5.84686
6.54403
7.3089
8.15037
9.07892
10.106
11.2434
12.5034
13.8987
15.4434
17.1528
19.0433
21.1323
23.437
25.9777
28.7696
31.8335
35.1997
38.8997
42.9562
47.3928
52.2337
57.5033
63.2247
69.4193
76.1062
83.3015
91.0174
99.2613
108.035
117.335
127.151
137.465
148.253
159.484
171.119
183.114
195.418
207.972
220.714
233.575
246.484
259.364
272.137
284.723
297.042
309.016
320.569
331.627
342.118
351.977
361.141
369.554
377.164
383.927
389.804
394.765
398.785
401.849
403.95
405.083
405.263
404.526
402.833
400.265
396.857
392.633
387.645
381.946
375.592
368.64
361.154
353.196
344.831
336.122
327.134
317.927
308.561
299.093
289.575
280.057
270.585
261.206
251.965
242.907
234.071
225.518
217.276
209.505
202.232
195.001
5.23678
3.14554
2.8835
2.98481
3.24675
3.60941
4.04418
4.53809
5.0886
5.69731
6.36753
7.10655
7.92361
8.82964
9.8369
10.9587
12.2095
13.605
15.1624
16.8999
18.8376
20.9989
23.4019
26.0615
29.0101
32.2869
35.9189
39.9387
44.3808
49.2723
54.6421
60.5183
66.927
73.8911
81.4305
89.5609
98.2927
107.63
117.571
128.105
139.215
150.876
163.054
175.709
188.792
202.248
216.015
230.024
244.201
258.469
272.743
286.939
300.968
314.742
328.174
341.178
353.672
365.577
376.817
387.322
397.028
405.878
413.819
420.805
426.8
431.774
435.705
438.58
440.395
441.153
440.895
439.619
437.294
434.041
429.882
424.851
419.008
412.411
405.122
397.206
388.73
379.764
370.378
360.641
350.622
340.387
330
319.521
309.007
298.51
288.079
277.763
267.607
257.66
247.962
238.579
229.536
221.001
212.973
205.043
5.33728
3.18758
2.89316
2.9717
3.21138
3.54339
3.94649
4.41189
4.93557
5.51876
6.16584
6.88431
7.6841
8.5774
9.57835
10.7023
11.9665
13.3915
14.9992
16.8101
18.8454
21.1198
23.6737
26.5451
29.77
33.3859
37.4273
41.9311
46.9394
52.4851
58.6013
65.3193
72.665
80.6599
89.3205
98.6577
108.676
119.371
130.731
142.738
155.361
168.564
182.303
196.524
211.166
226.164
241.442
256.923
272.522
288.151
303.718
319.129
334.29
349.106
363.483
377.333
390.57
403.111
414.88
425.804
435.822
444.875
452.913
459.893
465.779
470.545
474.174
476.655
477.989
478.191
477.339
475.328
472.235
468.163
463.13
457.182
450.385
442.803
434.505
425.56
416.042
406.024
395.581
384.787
373.716
362.438
351.02
339.525
328.013
316.539
305.153
293.905
282.843
272.016
261.465
251.26
241.422
232.13
223.347
214.738
5.37046
3.19106
2.87674
2.93024
3.14096
3.44728
3.8258
4.26763
4.77031
5.33609
5.97067
6.68255
7.48334
8.38816
9.41607
10.5838
11.9118
13.4184
15.1245
17.0674
19.2816
21.8078
24.683
27.9526
31.6606
35.8505
40.5644
45.842
51.7306
58.2694
65.4923
73.4325
82.1079
91.5297
101.703
112.627
124.291
136.678
149.759
163.5
177.857
192.778
208.203
224.068
240.3
256.821
273.548
290.393
307.266
324.071
340.712
357.091
373.109
388.671
403.68
418.049
431.691
444.526
456.477
467.475
477.462
486.384
494.192
500.848
506.321
510.59
513.642
515.472
516.086
515.555
513.852
510.926
506.908
501.87
495.836
488.861
481.017
472.374
463.005
452.984
442.388
431.294
419.782
407.928
395.81
383.5
371.067
358.578
346.092
333.668
321.357
309.209
297.273
285.597
274.224
263.228
252.62
242.596
233.074
223.823
5.36183
3.17382
2.83449
2.86249
3.05082
3.33627
3.69703
4.12538
4.62085
5.18907
5.83924
6.58133
7.42946
8.39832
9.50085
10.7707
12.2388
13.9406
15.9163
18.2066
20.8593
23.9283
27.4649
31.5234
36.1569
41.4162
47.3471
53.9896
61.3737
69.538
78.5158
88.3473
99.0158
110.503
122.788
135.846
149.642
164.135
179.276
195.011
211.279
228.013
245.143
262.592
280.28
298.125
316.039
333.933
351.714
369.287
386.558
403.429
419.808
435.599
450.714
465.068
478.581
491.177
502.786
513.344
522.8
531.107
538.219
544.11
548.748
552.123
554.228
555.061
554.676
553.104
550.238
546.19
541.037
534.848
527.652
519.515
510.511
500.715
490.201
479.049
467.335
455.142
442.55
429.637
416.482
403.159
389.738
376.285
362.863
349.528
336.333
323.328
310.561
298.08
285.928
274.18
262.839
252.118
241.886
232.04
5.32892
3.13485
2.77693
2.79006
2.96788
3.2494
3.61703
4.06428
4.59281
5.20626
5.91378
6.73815
7.70328
8.83887
10.1835
11.7759
13.6641
15.905
18.5614
21.6955
25.3747
29.6691
34.6447
40.3608
46.8707
54.2197
62.4369
71.5432
81.5436
92.4418
104.246
116.93
130.427
144.684
159.646
175.256
191.452
208.174
225.355
242.93
260.831
278.99
297.335
315.793
334.289
352.748
371.089
389.232
407.094
424.59
441.634
458.142
474.028
489.211
503.609
517.15
529.764
541.383
551.945
561.394
569.691
576.796
582.664
587.287
590.625
592.685
593.467
593.008
591.337
588.36
584.177
578.823
572.388
564.934
556.495
547.141
536.95
525.997
514.358
502.11
489.334
476.109
462.516
448.635
434.541
420.309
406.007
391.703
377.456
363.322
349.353
335.599
322.106
308.921
296.084
283.675
271.683
260.343
249.466
239.108
5.26436
3.0853
2.72733
2.74718
2.9427
3.25228
3.65411
4.15397
4.76204
5.49755
6.38969
7.47311
8.79361
10.4094
12.3929
14.8177
17.7657
21.3343
25.6215
30.7129
36.6858
43.61
51.5366
60.4869
70.4709
81.4807
93.4736
106.414
120.243
134.913
150.362
166.409
182.992
200.037
217.472
235.229
253.245
271.461
289.822
308.274
326.767
345.249
363.668
381.968
400.095
417.993
435.6
452.851
469.681
486.022
501.802
516.95
531.397
545.072
557.907
569.841
580.816
590.773
599.658
607.415
614.031
619.464
623.659
626.648
628.354
628.823
628.107
626.145
622.925
618.516
612.942
606.241
598.515
589.818
580.187
569.692
558.411
546.416
533.783
520.587
506.906
492.819
478.402
463.733
448.885
433.93
418.935
403.963
389.073
374.318
359.748
345.412
331.351
317.615
304.237
291.299
278.78
266.936
255.514
244.753
5.19175
3.04197
2.71157
2.76464
3.00521
3.38515
3.90172
4.57629
5.4397
6.54424
7.96952
9.8033
12.1544
15.1599
18.9853
23.7718
29.6415
36.7357
45.1602
54.9366
66.0463
78.4451
92.0506
106.726
122.38
138.858
155.997
173.751
191.994
210.479
229.056
247.666
266.259
284.788
303.215
321.509
339.645
357.605
375.372
392.931
410.266
427.36
444.19
460.728
476.948
492.815
508.289
523.326
537.876
551.887
565.302
578.064
590.111
601.391
611.841
621.416
630.066
637.733
644.371
649.918
654.404
657.766
659.926
660.99
660.79
659.573
657.057
653.414
648.624
642.722
635.728
627.684
618.703
608.824
598.085
586.556
574.309
561.416
547.945
533.97
519.564
504.8
489.752
474.492
459.09
443.612
428.122
412.68
397.34
382.153
367.167
352.425
337.969
323.842
310.076
296.754
283.841
271.617
259.755
248.699
5.11493
3.02864
2.75453
2.8969
3.28658
3.89333
4.7516
5.97074
7.6523
9.9715
13.2239
17.6917
23.6652
31.4588
41.4023
53.5606
67.8177
84.0939
102.185
121.678
142.259
163.55
185.208
206.953
228.852
250.569
271.859
292.549
312.578
331.977
350.727
368.847
386.366
403.319
419.744
435.678
451.16
466.223
480.899
495.215
509.191
522.84
536.166
549.164
561.826
574.136
586.068
597.59
608.663
619.244
629.284
638.737
647.541
655.659
663.023
669.617
675.386
680.263
684.208
687.134
689.161
690.157
690.011
689.005
686.771
683.544
679.229
673.872
667.486
660.097
651.715
642.359
632.154
621.154
609.397
596.948
583.872
570.233
556.096
541.527
526.592
511.358
495.893
480.261
464.526
448.748
432.985
417.292
401.718
386.309
371.11
356.159
341.495
327.156
313.172
299.622
286.461
273.988
261.826
250.596
5.03895
3.07618
2.96977
3.38617
4.25808
5.64773
7.75001
11.21
16.4699
24.2708
35.8927
51.9037
72.4068
97.0833
125.551
156.467
188.632
221.075
252.984
283.689
313.398
341.504
367.579
391.693
413.824
434.176
452.972
470.324
486.344
501.18
514.956
527.794
539.812
551.118
561.812
571.983
581.709
591.057
600.085
608.84
617.356
625.658
633.759
641.66
649.355
656.836
664.076
671.048
677.709
684.016
689.924
695.389
700.34
704.76
708.549
711.747
714.272
716.031
717.001
717.055
716.472
714.982
712.467
709.149
704.807
699.522
693.308
686.191
678.191
669.326
659.599
649.136
637.959
626.095
613.577
600.462
586.81
572.676
558.12
543.2
527.977
512.51
496.858
481.082
465.236
449.376
433.553
417.816
402.211
386.778
371.557
356.583
341.891
327.513
313.478
299.858
286.603
274.02
261.68
250.37
4.94879
3.33659
3.85213
5.26699
8.35176
13.8998
23.144
40.9192
68.1885
105.65
154.834
211.226
270.879
329.441
384.847
435.137
481.036
520.899
554.673
583.169
607.001
626.988
643.663
657.582
669.12
678.657
686.542
693.045
698.386
702.766
706.362
709.329
711.806
713.913
715.756
717.422
718.986
720.507
722.033
723.598
725.223
726.922
728.689
730.517
732.386
734.285
736.172
738.012
739.756
741.35
742.745
743.885
744.685
745.165
745.168
744.839
744.007
742.544
740.462
737.611
734.157
730.012
725.082
719.444
713.141
706.098
698.288
689.72
680.413
670.376
659.607
648.168
636.142
623.551
610.426
596.814
582.766
568.331
553.558
538.499
523.205
507.727
492.118
476.425
460.699
444.985
429.329
413.773
398.355
383.112
368.078
353.282
338.756
324.523
310.613
297.085
283.893
271.335
258.96
247.667
4.84836
4.67105
8.73551
16.4965
38.3651
81.8982
147.811
254.945
377.304
500.472
617.38
716.384
799.189
862.137
907.154
939.024
960.072
973.397
980.821
983.297
982.374
979.108
973.229
965.943
957.614
948.56
939.032
929.225
919.292
909.361
899.547
889.945
880.633
871.676
863.124
855.016
847.375
840.221
833.556
827.376
821.667
816.413
811.573
807.113
803.006
799.229
795.708
792.385
789.202
786.1
783.023
779.899
776.626
773.155
769.425
765.478
761.238
756.595
751.661
746.283
740.442
734.089
727.154
719.654
711.55
702.85
693.547
683.646
673.163
662.098
650.444
638.27
625.64
612.572
599.091
585.237
571.05
556.571
541.84
526.901
511.795
496.565
481.252
465.897
450.539
435.216
419.967
404.826
389.827
374.996
360.368
345.958
331.802
317.906
304.308
291.044
278.085
265.694
253.448
242.261
5.03685
15.2291
62.2092
148.637
365.405
654.28
931.627
1205.75
1407.27
1534.56
1600.83
1625.75
1623.48
1610.32
1583.4
1551.24
1515.44
1477.85
1439.78
1401.83
1364.63
1328.63
1293.8
1260.34
1228.36
1197.86
1168.83
1141.23
1115.02
1090.15
1066.61
1044.36
1023.36
1003.59
984.998
967.553
951.206
935.914
921.624
908.282
895.83
884.212
873.336
863.141
853.575
844.552
836.02
827.917
820.176
812.73
805.516
798.475
791.681
784.95
778.183
771.352
764.404
757.254
749.863
742.171
734.161
725.8
717.041
707.872
698.268
688.226
677.739
666.811
655.456
643.665
631.428
618.817
605.88
592.629
579.086
565.281
551.245
537.008
522.604
508.066
493.426
478.717
463.969
449.215
434.484
419.807
405.214
390.731
376.386
362.197
348.196
334.388
320.808
307.447
294.354
281.528
268.983
256.901
244.962
233.959
6.89519
173.769
812.963
1468.85
2322.26
2854.96
3073.22
3082.54
3020.08
2884.83
2735.32
2588.41
2448.77
2320.14
2201.16
2091.86
1991.45
1899.3
1814.79
1737.05
1665.43
1599.32
1538.25
1481.71
1429.29
1380.57
1335.21
1292.89
1253.35
1216.38
1181.79
1149.43
1119.14
1090.81
1064.29
1039.49
1016.28
994.566
974.247
955.228
937.416
920.714
905.091
890.477
876.747
863.795
851.537
839.899
828.804
818.18
807.959
798.061
788.419
778.981
769.671
760.434
751.217
741.957
732.6
723.097
713.413
703.522
693.384
682.984
672.298
661.324
650.05
638.481
626.632
614.48
602.021
589.324
576.423
563.326
550.051
536.618
523.049
509.367
495.595
481.756
467.875
453.973
440.071
426.192
412.355
398.583
384.9
371.321
357.869
344.555
331.407
318.416
305.624
292.995
280.603
268.392
256.447
244.815
233.376
222.622
86.5233
1699.71
4656.58
5574.22
5649.27
5409.07
4918.16
4448.75
4037.61
3677.68
3368.92
3104.77
2877.75
2680.41
2507.3
2354.43
2218.47
2096.86
1987.76
1889.33
1800.16
1718.98
1644.9
1577.01
1514.58
1456.98
1403.62
1354.07
1307.93
1264.91
1224.76
1187.26
1152.2
1119.42
1088.75
1060.05
1033.17
1007.99
984.39
962.251
941.466
921.931
903.539
886.199
869.829
854.336
839.634
825.644
812.287
799.492
787.186
775.3
763.763
752.517
741.497
730.647
719.914
709.244
698.589
687.903
677.151
666.308
655.341
644.238
632.974
621.553
609.959
598.2
586.294
574.199
561.926
549.534
537.05
524.477
511.827
499.114
486.351
473.553
460.732
447.905
435.083
422.281
409.509
396.78
384.106
371.5
358.979
346.549
334.23
322.019
309.947
297.987
286.192
274.491
262.997
251.572
240.418
229.37
218.64
208.188
467.472
1388.53
2513.18
3211.8
3589.18
3680.98
3632.69
3513.57
3326.31
3130.89
2942.17
2765.96
2600.95
2448.04
2308.09
2181.44
2066.63
1962.62
1868.64
1783.02
1704.81
1632.98
1566.91
1505.8
1449.11
1396.31
1346.88
1300.45
1256.8
1215.74
1177.08
1140.72
1106.48
1074.26
1043.91
1015.33
988.391
962.985
939.002
916.349
894.927
874.65
855.429
837.178
819.824
803.286
787.502
772.397
757.901
743.95
730.483
717.444
704.775
692.425
680.342
668.481
656.795
645.247
633.797
622.412
611.063
599.731
588.392
577.042
565.659
554.255
542.812
531.348
519.874
508.338
496.775
485.225
473.705
462.223
450.779
439.38
428.031
416.733
405.488
394.304
383.179
372.116
361.116
350.178
339.306
328.5
317.769
307.105
296.524
286.009
275.592
265.22
254.968
244.706
234.618
224.425
214.544
204.416
194.89
184.874
105.14
167.677
244.329
372.07
510.376
641.918
759.606
859.942
941.362
1005.23
1054.87
1091.29
1120.23
1142.23
1157.1
1166.55
1168.71
1166.87
1161.8
1151.79
1138.69
1123.05
1105.45
1086.39
1066.19
1044.82
1022.33
999.33
976.231
953.345
930.829
908.87
887.445
866.728
846.58
827.133
808.319
790.135
772.551
755.565
739.137
723.264
707.921
693.081
678.717
664.788
651.281
638.131
625.304
612.782
600.545
588.574
576.85
565.352
554.056
542.942
531.988
521.178
510.491
499.916
489.438
479.055
468.751
458.541
448.4
438.366
428.399
418.56
408.802
399.123
389.541
380.099
370.795
361.655
352.652
343.785
335.052
326.434
317.927
309.532
301.228
293.011
284.868
276.79
268.764
260.781
252.841
244.914
237.021
229.122
221.266
213.349
205.492
197.467
189.597
181.351
173.544
164.914
157.467
148.169
45.8219
50.4169
54.3046
62.9108
74.9459
89.7567
106.472
124.402
143.142
162.251
181.663
201.049
220.684
240.43
260.266
280.078
299.669
318.885
337.664
355.695
372.88
389.01
404.003
417.739
430.115
441.241
451.513
460.646
468.527
475.063
480.216
484.073
486.539
487.961
487.96
487.228
485.41
482.757
479.349
475.298
470.652
465.541
459.947
453.957
447.613
440.96
434.051
426.824
419.385
411.821
404.173
396.478
388.76
381.041
373.331
365.646
357.992
350.382
342.82
335.321
327.886
320.537
313.267
306.11
299.045
292.127
285.312
278.67
272.158
265.778
259.539
253.471
247.571
241.871
236.344
230.977
225.739
220.631
215.646
210.759
205.971
201.245
196.559
191.901
187.244
182.578
177.885
173.125
168.339
163.462
158.557
153.465
148.369
142.942
137.658
131.746
126.397
119.696
114.734
106.543
26.1326
26.5937
26.9328
27.686
28.6922
30.1989
32.0792
34.2615
36.7115
39.349
42.1739
45.1274
48.2407
51.4999
54.9432
58.5712
62.4236
66.4894
70.8196
75.38
80.2173
85.2751
90.5946
96.0986
101.816
107.682
113.725
119.861
126.079
132.274
138.411
144.396
150.172
155.677
160.839
165.625
169.987
173.888
177.304
180.228
182.633
184.556
185.942
186.942
187.382
187.421
187.045
186.439
185.527
184.329
182.812
181.028
178.997
176.75
174.31
171.708
168.968
166.122
163.19
160.205
157.182
154.157
151.133
148.156
145.211
142.353
139.559
136.873
134.288
131.806
129.429
127.171
125.028
123.017
121.131
119.367
117.684
116.091
114.576
113.119
111.716
110.338
108.95
107.525
106.031
104.477
102.811
101.072
99.225
97.2285
95.1341
92.762
90.3379
87.5127
84.8095
81.3997
78.505
74.1878
71.4699
65.2223
18.506
18.5583
18.5802
18.6707
18.7361
18.886
19.0698
19.3362
19.6665
20.0483
20.4792
20.9469
21.4516
21.983
22.5471
23.1372
23.7614
24.4152
25.109
25.8375
26.6117
27.4286
28.2972
29.2111
30.1829
31.2056
32.2926
33.4353
34.6451
35.9095
37.2358
38.6078
40.0267
41.4748
42.9481
44.4255
45.9004
47.3487
48.7634
50.1202
51.4106
52.6149
53.7283
54.7379
55.6683
56.4072
57.2874
57.6787
58.2123
58.3795
58.455
58.4597
58.3446
58.1171
57.7897
57.3679
56.8647
56.2888
55.6519
54.9673
54.2441
53.4961
52.7349
51.9673
51.2107
50.4651
49.7498
49.0602
48.4159
47.811
47.2564
46.7553
46.3056
45.9129
45.5809
45.3137
45.0908
44.9303
44.799
44.7132
44.6643
44.6418
44.6287
44.6178
44.5841
44.5367
44.4261
44.2891
44.0827
43.7912
43.3965
42.8993
42.3579
41.5683
40.8165
39.5607
38.5435
36.5792
35.44
31.8362
15.143
15.1166
15.0875
15.0599
15.031
15.0068
14.9864
14.9769
14.9822
14.995
15.0246
15.0532
15.104
15.155
15.2206
15.2927
15.3724
15.458
15.5508
15.6492
15.7545
15.866
15.9849
16.1098
16.2427
16.3825
16.5309
16.6871
16.8524
17.0261
17.209
17.3999
17.5997
17.8059
18.0188
18.2352
18.4547
18.6745
18.8922
19.1076
19.3058
19.5419
19.6879
19.9404
20.0359
20.2153
20.2901
20.3686
20.4117
20.4288
20.429
20.4035
20.3499
20.273
20.1692
20.0443
19.8951
19.7278
19.5414
19.3414
19.1282
18.906
18.6788
18.4478
18.2195
17.9925
17.7743
17.5626
17.364
17.1779
17.0076
16.8557
16.7196
16.6085
16.5149
16.4502
16.3973
16.3836
16.3579
16.3713
16.4063
16.4606
16.5308
16.617
16.7138
16.8199
16.9244
17.0268
17.118
17.1904
17.2094
17.2047
17.1711
17.0426
16.9259
16.6024
16.3465
15.7268
15.2052
14.1203
13.6336
13.5827
13.5299
13.4756
13.4196
13.3625
13.3045
13.2462
13.1888
13.1326
13.0781
13.0251
12.9746
12.9258
12.8794
12.835
12.7928
12.7523
12.7137
12.6765
12.6409
12.6066
12.5736
12.5417
12.511
12.4812
12.4525
12.4247
12.3978
12.3718
12.3467
12.3222
12.2985
12.2751
12.2522
12.229
12.2056
12.1813
12.156
12.1289
12.0991
12.0681
12.0322
11.9958
11.9528
11.9059
11.8525
11.793
11.7267
11.6534
11.5739
11.4886
11.3969
11.2998
11.1966
11.0886
10.9751
10.8575
10.7355
10.6105
10.4826
10.3526
10.2215
10.09
9.95892
9.82916
9.70114
9.57595
9.45372
9.33556
9.2214
9.11302
9.00902
8.91301
8.82184
8.73958
8.66164
8.59366
8.52955
8.47433
8.42479
8.38401
8.34763
8.32059
8.2984
8.28473
8.27427
8.26819
8.26556
8.26342
8.26126
8.25053
8.24122
8.20687
8.18492
8.11118
8.06162
7.90319
7.84829
7.47334
13.0162
12.9483
12.8796
12.81
12.7396
12.6683
12.5962
12.5234
12.4498
12.3758
12.3015
12.2269
12.1523
12.0776
12.0031
11.9288
11.8547
11.7808
11.7073
11.634
11.5609
11.4881
11.4155
11.3431
11.2708
11.1986
11.1265
11.0544
10.9823
10.9102
10.838
10.7656
10.6931
10.6204
10.5474
10.474
10.4002
10.326
10.2511
10.1755
10.0991
10.0218
9.94339
9.86396
9.78332
9.70132
9.61784
9.5328
9.44608
9.35764
9.26747
9.1757
9.08233
8.98753
8.89133
8.79396
8.69549
8.59619
8.49616
8.39567
8.29485
8.19395
8.09313
7.99267
7.89265
7.79352
7.69503
7.59809
7.50179
7.40773
7.31498
7.22527
7.1366
7.05154
6.96733
6.88726
6.8079
6.73316
6.65913
6.59015
6.52196
6.45929
6.39775
6.34367
6.29057
6.24415
6.19822
6.1595
6.12154
6.09104
6.06329
6.04057
6.02542
6.01284
6.01301
6.01895
6.04002
6.06117
6.14692
6.22405
12.812
12.7338
12.6552
12.5763
12.497
12.4173
12.3372
12.2567
12.1757
12.0943
12.0125
11.9303
11.8478
11.765
11.6819
11.5986
11.5152
11.4315
11.3477
11.2639
11.1799
11.0958
11.0116
10.9273
10.843
10.7586
10.6741
10.5894
10.5047
10.4199
10.335
10.2499
10.1647
10.0793
9.99373
9.90799
9.82205
9.7359
9.64951
9.56288
9.47596
9.38878
9.30128
9.21349
9.12535
9.03693
8.94812
8.85903
8.76955
8.67981
8.58969
8.49937
8.40875
8.31799
8.22708
8.13629
8.04552
7.95503
7.86473
7.77484
7.68532
7.59633
7.50788
7.42009
7.33304
7.24681
7.16141
7.07722
6.99363
6.9125
6.83198
6.75405
6.67597
6.60126
6.52592
6.45485
6.38309
6.3163
6.24908
6.18766
6.12588
6.0713
6.0168
5.96754
5.91691
5.87325
5.82997
5.79599
5.7625
5.74161
5.72191
5.71697
5.72216
5.73652
5.77252
5.81967
5.91169
6.00538
6.27627
6.70598
12.7505
12.6673
12.5838
12.5001
12.4161
12.3318
12.2473
12.1624
12.0773
11.992
11.9063
11.8204
11.7343
11.6479
11.5612
11.4743
11.3873
11.3
11.2125
11.1249
11.037
10.9491
10.861
10.7727
10.6844
10.5959
10.5074
10.4187
10.33
10.2412
10.1523
10.0633
9.97426
9.88516
9.796
9.7068
9.61753
9.52825
9.4389
9.34956
9.26017
9.17081
9.08141
8.99208
8.90272
8.81349
8.72425
8.6352
8.54618
8.45742
8.36875
8.28042
8.19223
8.10451
8.01718
7.93049
7.8442
7.75862
7.67354
7.58924
7.50558
7.4228
7.34087
7.25988
7.18002
7.1012
7.02379
6.9476
6.87313
6.79972
6.72623
6.65513
6.58363
6.51606
6.44753
6.38456
6.32044
6.26295
6.20489
6.15426
6.10372
6.06279
6.02121
5.99335
5.96595
5.95346
5.9473
5.95357
5.9723
6.00742
6.04858
6.13534
6.21022
6.36642
6.4973
6.75275
7.01047
7.39717
8.04791
9.20615
12.7387
12.6539
12.5688
12.4834
12.3977
12.3118
12.2255
12.139
12.0522
11.9652
11.8779
11.7904
11.7026
11.6146
11.5264
11.438
11.3494
11.2607
11.1717
11.0826
10.9934
10.904
10.8145
10.7248
10.6351
10.5452
10.4553
10.3653
10.2752
10.1851
10.095
10.0048
9.91453
9.82431
9.73407
9.64387
9.55367
9.46355
9.37346
9.28348
9.19357
9.10382
9.01417
8.92476
8.83548
8.74652
8.65774
8.56937
8.48125
8.39367
8.3064
8.21979
8.13361
8.04823
7.96317
7.87881
7.79491
7.71189
7.6295
7.54813
7.46763
7.38829
7.31011
7.23322
7.1579
7.08399
7.01206
6.94191
6.87393
6.80868
6.74621
6.68775
6.63165
6.5817
6.53285
6.49407
6.45398
6.42776
6.40031
6.38748
6.37901
6.38305
6.39687
6.42486
6.45797
6.52586
6.58451
6.70568
6.79822
6.9931
7.13429
7.43277
7.64823
8.09786
8.43552
9.1061
9.71385
10.6887
12.1054
14.7135
12.7367
12.6517
12.5663
12.4807
12.3947
12.3084
12.2218
12.1349
12.0478
11.9604
11.8727
11.7848
11.6967
11.6083
11.5197
11.431
11.342
11.2529
11.1635
11.0741
10.9844
10.8947
10.8048
10.7148
10.6247
10.5345
10.4443
10.3539
10.2635
10.1731
10.0827
9.99221
9.90174
9.81131
9.72089
9.63056
9.54027
9.45011
9.36003
9.27015
9.18039
9.09089
9.00156
8.91258
8.82384
8.73556
8.64758
8.56021
8.47321
8.38698
8.30124
8.21645
8.13229
8.04928
7.96718
7.88656
7.80711
7.72944
7.65326
7.5792
7.50708
7.43739
7.3703
7.30585
7.24497
7.18687
7.13352
7.08325
7.03889
6.99836
6.96482
6.93621
6.91614
6.9015
6.89912
6.90467
6.91544
6.95133
6.97865
7.05254
7.10196
7.22329
7.30068
7.48375
7.60071
7.86194
8.03273
8.40062
8.6425
9.16228
9.50436
10.2384
10.7306
11.7746
12.5056
13.999
15.2147
17.312
19.9395
24.891
12.7359
12.6508
12.5654
12.4797
12.3937
12.3074
12.2208
12.1339
12.0467
11.9593
11.8717
11.7838
11.6957
11.6074
11.5189
11.4303
11.3414
11.2524
11.1633
11.074
10.9846
10.8951
10.8055
10.7159
10.6262
10.5365
10.4468
10.3571
10.2674
10.1779
10.0883
9.99894
9.90967
9.8206
9.7317
9.6431
9.55473
9.46676
9.37911
9.29199
9.20528
9.11926
9.03377
8.94916
8.86524
8.78245
8.70051
8.62
8.54057
8.46293
8.38664
8.31256
8.2402
8.1705
8.10302
8.0387
7.97722
7.91949
7.86534
7.81563
7.7704
7.73036
7.69602
7.66758
7.64647
7.63193
7.62673
7.6292
7.6426
7.66647
7.70121
7.75239
7.81131
7.89759
7.98418
8.11525
8.23459
8.42228
8.58195
8.84095
9.0518
9.40155
9.6784
10.1449
10.5081
11.1271
11.6043
12.4246
13.0541
14.1436
14.9779
16.4303
17.5437
19.4905
20.9954
23.6259
25.7548
29.2646
33.2848
40.7317
12.7374
12.6527
12.5677
12.4825
12.3971
12.3115
12.2256
12.1397
12.0535
11.9673
11.8809
11.7945
11.708
11.6215
11.5349
11.4484
11.362
11.2756
11.1893
11.1032
11.0172
10.9315
10.846
10.7608
10.6759
10.5914
10.5074
10.4238
10.3408
10.2584
10.1766
10.0956
10.0154
9.93623
9.85795
9.78091
9.70497
9.63058
9.55749
9.4863
9.41668
9.34937
9.28396
9.22131
9.16101
9.10401
9.04985
8.99965
8.95286
8.91084
8.8729
8.84065
8.81333
8.79271
8.77813
8.77128
8.77195
8.78144
8.80019
8.82906
8.86933
8.92107
8.98702
9.06565
9.16224
9.27263
9.40562
9.55404
9.72981
9.92459
10.1502
10.4024
10.6858
11.0097
11.3604
11.7737
12.2046
12.7282
13.2567
13.9155
14.5642
15.3878
16.1848
17.2099
18.1877
19.4584
20.653
22.2215
23.6701
25.5959
27.3355
29.6848
31.7517
34.6025
37.0442
40.5084
43.497
47.6501
52.7559
61.54
12.7629
12.6827
12.6027
12.523
12.4435
12.3644
12.2856
12.2072
12.1292
12.0517
11.9747
11.8982
11.8223
11.7471
11.6725
11.5987
11.5256
11.4534
11.3822
11.3119
11.2427
11.1746
11.1078
11.0422
10.9782
10.9158
10.855
10.7962
10.7393
10.6846
10.6323
10.5826
10.5355
10.4916
10.4508
10.4136
10.38
10.3508
10.3257
10.3058
10.2906
10.2815
10.2778
10.2814
10.2912
10.3094
10.3351
10.3704
10.4144
10.4697
10.5352
10.6138
10.7044
10.8101
10.9303
11.0676
11.2224
11.3966
11.5921
11.8097
12.0528
12.3213
12.6207
12.9487
13.3146
13.7125
14.1569
14.6371
15.1735
15.7516
16.3946
17.0897
17.8551
18.6896
19.5948
20.5938
21.6579
22.8471
24.0916
25.4957
26.9413
28.5817
30.2446
32.1382
34.0264
36.183
38.2916
40.7121
43.022
45.7001
48.1812
51.1079
53.7296
56.9138
59.6848
63.1903
66.3419
70.0991
76.0556
85.1095
13.0246
12.9709
12.9184
12.8673
12.8175
12.769
12.7219
12.6761
12.6319
12.5891
12.548
12.5084
12.4708
12.4349
12.4012
12.3696
12.3405
12.3138
12.2902
12.2692
12.2521
12.2379
12.2286
12.2223
12.2217
12.2257
12.235
12.25
12.2713
12.299
12.3338
12.376
12.4262
12.4851
12.5526
12.6304
12.7176
12.8168
12.9264
13.0497
13.1848
13.3355
13.4995
13.6812
13.8783
14.0952
14.3301
14.5872
14.8652
15.1686
15.496
15.8524
16.2367
16.654
17.104
17.5913
18.1172
18.685
19.2983
19.9591
20.6727
21.4401
22.2688
23.1576
24.1176
25.1436
26.2519
27.4314
28.7047
30.0539
31.5064
33.0409
34.6823
36.4145
38.2484
40.185
42.2067
44.3447
46.5407
48.8623
51.207
53.6818
56.1394
58.7273
61.2527
63.9093
66.4513
69.1383
71.6508
74.345
76.7924
79.4904
81.8668
84.6149
86.9826
89.9006
92.5736
95.5361
101.892
111.329
14.4214
14.4429
14.4661
14.4911
14.518
14.5473
14.579
14.6139
14.6521
14.6943
14.7407
14.7924
14.8493
14.9127
14.9827
15.0601
15.1461
15.2413
15.3468
15.463
15.5913
15.7318
15.886
16.054
16.2371
16.4357
16.6507
16.8822
17.1317
17.3991
17.686
17.9926
18.3202
18.6697
19.0416
19.4382
19.8586
20.3069
20.7805
21.2856
21.8179
22.3852
22.9827
23.6186
24.2886
25.0003
25.7509
26.5471
27.3872
28.2777
29.2174
30.2129
31.2634
32.3755
33.5493
34.7902
36.0999
37.4822
38.9403
40.4762
42.0942
43.7943
45.5812
47.4528
49.4145
51.4599
53.5965
55.8112
58.1149
60.4861
62.9391
65.4447
68.0178
70.626
73.2776
75.9507
78.6335
81.3264
83.9793
86.6322
89.2041
91.7724
94.2248
96.6719
98.976
101.276
103.416
105.567
107.541
109.565
111.38
113.324
115.028
116.99
118.681
120.827
122.785
125.248
130.992
140.65
19.2292
19.3948
19.5669
19.7472
19.9371
20.139
20.3542
20.5852
20.8327
21.0999
21.386
21.6959
22.0262
22.3845
22.7635
23.1775
23.6269
24.111
24.631
25.1857
25.7774
26.4037
27.069
27.7682
28.5095
29.2828
30.0898
30.931
31.8089
32.7233
33.6769
34.6692
35.7026
36.7774
37.8947
39.0567
40.2619
41.5158
42.8138
44.1646
45.5609
47.014
48.515
50.0761
51.6891
53.3647
55.0969
56.8943
58.7527
60.6792
62.6705
64.7326
66.8622
69.0644
71.3359
73.6799
76.0933
78.5765
81.1267
83.7411
86.4163
89.1469
91.9275
94.7511
97.6092
100.493
103.393
106.297
109.194
112.072
114.919
117.719
120.467
123.138
125.74
128.249
130.664
132.969
135.142
137.221
139.159
141.019
142.722
144.373
145.859
147.311
148.613
149.896
151.038
152.217
153.245
154.399
155.392
156.626
157.696
159.159
160.606
163.262
166.945
179.384
33.3865
33.9283
34.5214
35.1663
35.8668
36.6237
37.4377
38.307
39.2324
40.2108
41.2445
42.3283
43.4678
44.6539
45.8973
47.1806
48.5042
49.8702
51.2776
52.7293
54.2226
55.7617
57.3414
58.9686
60.6339
62.3495
64.1156
65.9289
67.7904
69.696
71.6481
73.6426
75.6821
77.7639
79.889
82.058
84.2686
86.5259
88.8232
91.1707
93.5576
95.9977
98.4777
101.013
103.59
106.221
108.897
111.627
114.402
117.228
120.098
123.016
125.974
128.973
132.005
135.068
138.153
141.257
144.37
147.484
150.589
153.676
156.733
159.752
162.716
165.621
168.448
171.195
173.84
176.391
178.817
181.136
183.319
185.375
187.31
189.111
190.774
192.284
193.662
194.947
196.124
197.201
198.168
199.094
199.893
200.685
201.381
202.131
202.73
203.543
204.074
204.994
205.565
206.614
207.392
208.585
210.151
211.825
216.246
230.719
54.7561
54.5487
54.3649
54.2082
54.0812
53.9878
53.9299
53.911
53.9323
53.9968
54.1049
54.2592
54.4594
54.7075
55.0034
55.3475
55.7409
56.1833
56.6757
57.2176
57.8097
58.4514
59.143
59.8838
60.6742
61.5128
62.4003
63.3338
64.3154
65.3405
66.4126
67.5262
68.685
69.8846
71.127
72.4107
73.7344
75.1015
76.5054
77.9557
79.4407
80.975
82.5436
84.1637
85.8199
87.5286
89.2772
91.079
92.9248
94.8251
96.7727
98.7767
100.831
102.942
105.105
107.326
109.6
111.929
114.31
116.742
119.223
121.749
124.315
126.92
129.552
132.214
134.887
137.581
140.264
142.959
145.619
148.283
150.886
153.479
156.008
158.546
160.937
163.233
165.472
167.692
169.958
171.882
173.999
175.964
177.796
179.679
181.391
183.193
184.813
186.559
188.084
189.829
191.313
193.143
194.674
196.615
198.3
200.388
202.446
197.746
411.994
434.012
452.164
468.122
483.203
498.843
514.788
531.386
548.897
567.604
587.76
609.63
634.156
660.76
691.477
729.497
762.203
834.999
866.723
1008.25
188.763
195.106
200.388
205.274
209.885
214.443
218.916
223.406
227.986
232.702
237.682
242.789
248.662
254.366
261.672
269.263
277.54
290.147
302.055
320.516
153.209
156.262
158.939
161.488
163.867
166.12
168.228
170.246
172.208
174.13
176.094
177.941
180.168
181.974
184.786
186.983
190.525
193.62
200.346
202.516
144.878
146.495
148.013
149.466
150.785
151.963
152.982
153.878
154.667
155.362
156.015
156.485
157.182
157.445
158.424
158.705
160.21
160.612
164.255
162.741
145.056
145.819
146.623
147.366
147.982
148.458
148.768
148.934
148.934
148.82
148.615
148.207
147.94
147.249
147.135
146.302
146.595
145.64
147.431
144.561
149.257
149.464
149.64
149.767
149.765
149.636
149.332
148.873
148.265
147.517
146.664
145.591
144.604
143.144
142.288
140.487
140.034
138.014
138.662
134.952
155.752
155.474
155.085
154.64
154.074
153.368
152.497
151.467
150.283
148.945
147.493
145.812
144.213
142.124
140.668
138.084
137.046
134.079
133.925
129.483
163.667
162.893
161.963
160.961
159.839
158.573
157.149
155.566
153.829
151.93
149.915
147.666
145.491
142.811
140.789
137.546
136.027
132.245
131.461
126.236
172.458
171.163
169.689
168.126
166.445
164.621
162.646
160.516
158.235
155.791
153.231
150.438
147.716
144.479
141.927
138.073
136.111
131.613
130.303
124.312
181.738
179.892
177.859
175.727
173.478
171.091
168.562
165.887
163.068
160.088
156.998
153.677
150.432
146.666
143.611
139.19
136.818
131.648
129.895
123.18
191.196
188.771
186.162
183.447
180.621
177.667
174.583
171.364
168.012
164.507
160.901
157.069
153.324
149.053
145.524
140.575
137.815
132.035
129.879
122.499
200.555
197.529
194.327
191.02
187.611
184.089
180.451
176.694
172.818
168.801
164.696
160.374
156.153
151.405
147.43
141.995
138.86
132.543
130.022
122.037
209.559
205.915
202.11
198.206
194.215
190.127
185.944
181.658
177.273
172.762
168.182
163.393
158.728
153.534
149.148
143.269
139.779
132.996
130.145
121.627
217.954
213.686
209.277
204.781
200.214
195.574
190.858
186.063
181.19
176.211
171.183
165.961
160.886
155.285
150.526
144.253
140.432
133.245
130.117
121.142
225.49
220.603
215.6
210.527
205.403
200.23
195.007
189.728
184.398
178.982
173.544
167.927
162.485
156.52
151.428
144.808
140.705
133.196
129.825
120.48
231.913
226.429
220.855
215.233
209.582
203.908
198.211
192.486
186.736
180.923
175.11
169.136
163.372
157.101
151.748
144.861
140.516
132.746
129.18
119.559
236.97
230.927
224.82
218.69
212.555
206.408
200.269
194.133
188.005
181.85
175.744
169.495
163.487
156.975
151.408
144.311
139.774
131.82
128.107
118.311
240.374
233.807
227.208
220.613
214.039
207.518
201.035
194.582
188.166
181.742
175.389
168.913
162.715
156.024
150.308
143.076
138.407
130.352
126.543
116.681
241.835
234.868
227.896
220.953
214.054
207.21
200.432
193.711
187.06
180.428
173.901
167.273
160.959
154.167
148.376
141.092
136.354
128.288
124.437
114.624
241.289
233.995
226.716
219.49
212.331
205.253
198.266
191.364
184.562
177.806
171.19
164.494
158.147
151.34
145.551
138.305
133.567
125.587
121.749
112.102
238.393
230.894
223.424
216.029
208.718
201.51
194.417
187.432
180.577
173.792
167.179
160.509
154.219
147.49
141.788
134.676
130.009
122.218
118.448
109.089
232.943
225.383
217.857
210.422
203.086
195.868
188.784
181.829
175.029
168.32
161.814
155.271
149.134
142.582
137.054
130.177
125.655
118.159
114.515
105.567
224.771
217.312
209.885
202.557
195.336
188.243
181.298
174.496
167.869
161.352
155.062
148.753
142.871
136.6
131.336
124.798
120.496
113.405
109.941
101.527
213.764
206.585
199.425
192.365
185.413
178.591
171.923
165.407
159.08
152.876
146.918
140.956
135.432
129.55
124.639
118.547
114.537
107.963
104.732
96.9719
199.879
193.172
186.46
179.837
173.316
166.918
160.674
154.582
148.687
142.922
137.413
131.913
126.85
121.463
116.993
111.451
107.802
101.855
98.9063
91.9145
177.614
171.793
165.925
160.115
154.388
148.764
143.282
137.943
132.801
127.787
123.031
118.295
113.978
109.386
105.613
100.936
97.8548
92.8765
90.3712
84.5297
142.799
138.557
134.217
129.878
125.576
121.334
117.194
113.166
109.305
105.552
102.025
98.5189
95.3701
92.0122
89.3048
85.9258
83.7181
80.1511
78.3282
74.1298
103.497
101.13
98.6231
96.0551
93.4659
90.8862
88.3518
85.8823
83.5268
81.2393
79.1137
77.0051
75.1578
73.1772
71.6424
69.6836
68.4493
66.3948
65.3361
62.9044
64.4192
63.8197
63.0826
62.2515
61.3547
60.4269
59.4833
58.5674
57.6819
56.8393
56.076
55.3412
54.7512
54.1249
53.7241
53.1582
52.8836
52.3091
52.0032
51.3572
32.2808
32.9086
33.3844
33.7611
34.0503
34.3009
34.5
34.7211
34.9055
35.1373
35.381
35.7127
36.0821
36.5485
37.0373
37.628
38.1464
38.82
39.2229
40.0884
14.4299
14.9973
15.5011
15.9978
16.4499
16.9278
17.3749
17.8918
18.3972
19.0518
19.7006
20.5382
21.3323
22.3826
23.3057
24.5933
25.5538
27.0538
27.9696
29.9288
7.71089
7.94055
8.15102
8.40785
8.64117
8.94618
9.22103
9.60988
9.95669
10.4777
10.9394
11.6563
12.2729
13.2683
14.0637
15.4143
16.364
18.139
19.2866
21.7629
6.25264
6.30974
6.35381
6.4553
6.53152
6.69086
6.80923
7.04703
7.22026
7.56868
7.81813
8.32825
8.6887
9.42383
9.91786
10.9876
11.6755
13.1688
14.237
16.5342
6.75614
6.80758
6.84098
6.92408
6.97575
7.10717
7.19327
7.39094
7.5202
7.81052
7.99739
8.41557
8.67551
9.2756
9.63817
10.4877
11.002
12.1624
13.0139
14.8785
9.26119
9.32997
9.42563
9.57414
9.71779
9.95296
10.1745
10.5034
10.8019
11.2397
11.6166
12.1672
12.6107
13.2712
13.7538
14.5202
15.0259
15.9054
16.4783
17.7591
14.8351
14.9846
15.2256
15.5194
15.8644
16.3182
16.8068
17.3887
17.9916
18.6896
19.3696
20.1337
20.8377
21.6041
22.2616
22.9929
23.5622
24.2526
24.7096
25.5237
25.1484
25.451
25.8932
26.3582
26.9266
27.5971
28.3033
29.0539
29.8168
30.5881
31.313
32.0162
32.6429
33.2215
33.7319
34.2255
34.6573
35.1578
35.5935
36.3426
41.1288
41.5777
42.0168
42.4209
42.9525
43.5244
44.0731
44.5907
45.0575
45.4439
45.7543
46.0001
46.2047
46.3893
46.6013
46.8653
47.2092
47.7982
48.3549
49.8125
61.963
62.2965
62.3406
62.2902
62.3323
62.3181
62.2418
62.0774
61.7996
61.4626
61.1411
60.8743
60.7282
60.768
60.942
61.3989
62.1211
63.4491
64.555
68.0349
85.9345
86.2083
85.4327
84.5146
83.6295
82.5836
81.3826
80.1713
79.07
78.1214
77.4781
77.1743
77.2237
77.6497
78.6215
80.0196
81.9719
85.0725
87.4672
95.2108
112.786
112.631
110.747
108.467
106.09
103.626
101.244
99.2259
97.8311
96.9653
96.8944
97.3684
98.5727
100.47
103.289
106.736
111.271
117.709
122.762
138.557
143.305
143.11
139.465
134.796
130.455
126.685
123.744
121.947
121.525
122.002
123.593
126.376
130.155
134.936
141.105
148.357
157.609
169.901
180.24
210.226
184.318
182.252
173.845
165.515
159.618
155.845
154.092
154.491
156.506
160.51
165.772
172.581
180.791
190.599
202.465
216.34
233.755
255.793
276.893
330.021
242.501
232.693
215.621
205.515
200.542
200.04
201.998
207.109
214.741
224.192
235.305
248.472
263.521
281.228
302.114
326.827
357.564
395.319
436.932
524.581
237.83
240.365
238.145
231.026
226.149
223.255
223.766
227.596
233.25
240.384
249.475
260.27
272.928
287.449
305.013
324.391
350.548
378.743
414.761
473.472
)
;

boundaryField
{
    inlet
    {
        type            fixedValue;
        value           uniform 14.855;
    }
    outlet
    {
        type            zeroGradient;
    }
    upperWall
    {
        Cmu             0.09;
        kappa           0.41;
        E               9.8;
        type            epsilonWallFunction;
        value           nonuniform List<scalar> 
138
(
69.2777
67.8306
66.558
65.3924
64.2674
63.1908
62.1709
61.2165
60.3295
59.5121
58.7604
58.0738
57.4451
56.874
56.351
55.8786
55.4454
55.0537
54.7561
54.5487
54.3649
54.2082
54.0812
53.9878
53.9299
53.911
53.9323
53.9968
54.1049
54.2592
54.4594
54.7075
55.0034
55.3475
55.7409
56.1833
56.6757
57.2176
57.8097
58.4514
59.143
59.8838
60.6742
61.5128
62.4003
63.3338
64.3154
65.3405
66.4126
67.5262
68.685
69.8846
71.127
72.4107
73.7344
75.1015
76.5054
77.9557
79.4407
80.975
82.5436
84.1637
85.8199
87.5286
89.2772
91.079
92.9248
94.8251
96.7727
98.7767
100.831
102.942
105.105
107.326
109.6
111.929
114.31
116.742
119.223
121.749
124.315
126.92
129.552
132.214
134.887
137.581
140.264
142.959
145.619
148.283
150.886
153.479
156.008
158.546
160.937
163.233
165.472
167.692
169.958
171.882
173.999
175.964
177.796
179.679
181.391
183.193
184.813
186.559
188.084
189.829
191.313
193.143
194.674
196.615
198.3
200.388
202.446
197.746
237.83
240.365
238.145
231.026
226.149
223.255
223.766
227.596
233.25
240.384
249.475
260.27
272.928
287.449
305.013
324.391
350.548
378.743
414.761
473.472
)
;
    }
    lowerWall
    {
        Cmu             0.09;
        kappa           0.41;
        E               9.8;
        type            epsilonWallFunction;
        value           nonuniform List<scalar> 
163
(
153.096
147.998
143.436
138.738
134.258
130.052
126.298
123.206
120.455
118.313
116.549
115.234
114.266
113.591
113.218
113.013
113.075
112.588
0.192285
0.701634
1.32201
1.9629
2.5758
3.15055
3.67324
4.13203
4.51967
4.83256
5.07062
5.23678
5.33728
5.37046
5.36183
5.32892
5.26436
5.19175
5.11493
5.03895
4.94879
4.84836
5.03685
6.89519
86.5233
0.192285
0.320998
0.559292
0.833024
1.19564
1.66789
2.22396
2.81987
3.4169
3.98839
4.51861
5.00101
5.43572
5.78399
6.12843
6.49915
6.86962
30.8075
31.6756
31.9185
7.08668
6.81154
34.7496
39.863
45.0835
51.415
57.834
64.9566
72.4849
80.5872
89.2067
98.3953
108.151
118.495
129.434
140.976
153.123
165.874
179.22
193.151
207.645
222.681
238.226
254.243
270.689
287.513
304.656
322.053
339.626
357.288
374.936
392.451
409.704
426.593
443.181
459.432
475.21
490.457
505.09
519.026
532.184
544.487
555.862
566.243
575.567
583.781
590.842
596.712
601.373
604.812
607.026
607.952
607.227
605.506
603.054
599.179
594.13
588.019
580.907
572.872
563.99
554.343
544.015
533.09
521.656
509.796
497.596
485.134
472.492
459.753
447.037
435.482
429.98
425.372
420.875
416.266
412.001
406.657
402.584
376.992
411.994
434.012
452.164
468.122
483.203
498.843
514.788
531.386
548.897
567.604
587.76
609.63
634.156
660.76
691.477
729.497
762.203
834.999
866.723
1008.25
)
;
    }
    frontAndBack
    {
        type            empty;
    }
}


// ************************************************************************* //
