/*--------------------------------*- C++ -*----------------------------------*\
| =========                 |                                                 |
| \\      /  F ield         | OpenFOAM: The Open Source CFD Toolbox           |
|  \\    /   O peration     | Version:  5.x                                   |
|   \\  /    A nd           | Web:      www.OpenFOAM.org                      |
|    \\/     M anipulation  |                                                 |
\*---------------------------------------------------------------------------*/
FoamFile
{
    version     2.0;
    format      ascii;
    class       volScalarField;
    location    "239";
    object      epsilon;
}
// * * * * * * * * * * * * * * * * * * * * * * * * * * * * * * * * * * * * * //

dimensions      [0 2 -3 0 0 0 0];

internalField   nonuniform List<scalar> 
5760
(
155.491
153.729
152.97
151.596
150.919
149.665
149.169
148.23
147.982
147.534
147.542
147.785
148.109
148.625
149.377
150.363
151.331
153.768
19.5764
28.1548
33.6574
37.802
40.9509
44.421
47.5814
51.5351
55.3055
60.1114
64.6329
70.4033
75.6246
82.4252
88.025
96.3428
100.536
115.647
14.7935
15.9618
17.2469
18.719
19.7149
20.9173
21.7103
22.8474
23.5842
24.7712
25.5165
26.8162
27.5961
29.0343
29.8886
31.4068
32.6004
34.4886
14.7895
14.8482
14.9107
15.132
15.2879
15.5983
15.7722
16.106
16.2853
16.6292
16.8129
17.1653
17.3551
17.7149
17.9169
18.2732
18.527
18.9112
14.8265
14.7899
14.7499
14.7297
14.7179
14.7243
14.7329
14.7631
14.7835
14.8303
14.8581
14.9176
14.9513
15.0197
15.0588
15.1314
15.1832
15.2705
14.831
14.7904
14.746
14.7101
14.6704
14.6403
14.606
14.5826
14.5543
14.5369
14.5145
14.5022
14.4852
14.4771
14.465
14.4603
14.4523
14.4548
14.8319
14.7898
14.7468
14.7085
14.6692
14.6343
14.5985
14.567
14.5346
14.5063
14.4771
14.4519
14.4256
14.4032
14.3796
14.3597
14.3385
14.321
14.8324
14.7893
14.7473
14.7079
14.6695
14.6336
14.5986
14.5657
14.5337
14.5036
14.4744
14.4469
14.4202
14.3951
14.3706
14.3477
14.3254
14.3044
14.8326
14.7891
14.7474
14.7077
14.6696
14.6333
14.5985
14.5654
14.5336
14.5033
14.4741
14.4464
14.4197
14.3944
14.37
14.3467
14.3243
14.3031
14.8326
14.7891
14.7474
14.7076
14.6695
14.6332
14.5984
14.5652
14.5334
14.5031
14.4739
14.4462
14.4195
14.3941
14.3696
14.3464
14.3239
14.3026
14.8326
14.7891
14.7473
14.7076
14.6695
14.6331
14.5983
14.5651
14.5333
14.5029
14.4737
14.4459
14.4192
14.3938
14.3693
14.346
14.3235
14.3022
14.8326
14.7891
14.7473
14.7075
14.6694
14.6331
14.5982
14.565
14.5331
14.5027
14.4735
14.4458
14.419
14.3936
14.3691
14.3458
14.3233
14.3019
14.8326
14.7891
14.7473
14.7076
14.6694
14.6331
14.5982
14.565
14.5331
14.5028
14.4736
14.4459
14.4191
14.3938
14.3692
14.346
14.3234
14.3021
14.8326
14.7891
14.7472
14.7077
14.6693
14.6332
14.598
14.565
14.5329
14.5028
14.4734
14.446
14.4191
14.3941
14.3694
14.3466
14.324
14.3032
14.8326
14.7892
14.7472
14.7077
14.6693
14.6334
14.5983
14.5658
14.5337
14.5041
14.4746
14.4477
14.4206
14.396
14.3711
14.3487
14.3257
14.3053
14.8341
14.7877
14.7491
14.7064
14.6723
14.635
14.6061
14.5732
14.5481
14.5184
14.4964
14.4694
14.4502
14.4256
14.409
14.3868
14.3727
14.3529
14.8361
14.786
14.7571
14.7309
14.7227
14.7145
14.7164
14.7189
14.7334
14.7442
14.775
14.795
14.8436
14.8732
14.9413
14.9766
15.0834
15.1024
14.8561
14.8863
15.1575
15.3839
15.8722
16.1861
16.8834
17.313
18.2573
18.8267
20.0572
20.7864
22.3197
23.216
25.0728
26.0538
28.5344
29.2641
16.2458
19.0251
26.2764
31.5717
42.0617
49.8077
65.1226
76.0728
97.8665
112.814
142.76
162.31
201.646
226.229
275.435
305.094
365.217
399.518
69.7481
344.696
496.612
684.016
943.21
1243.84
1623.9
2059.03
2576.28
3155.11
3812.34
4530.14
5316.38
6155.71
7048.9
7983.33
8954.64
9953.26
9.9164
36.4644
36.6139
43.6064
42.2091
45.591
50.9362
57.7025
66.8522
79.4574
95.5639
114.857
138.175
170.158
214.346
273.965
351.825
449.678
568.385
708.16
869.03
1049.95
1251.22
1472.57
1714.31
1976.87
2260.99
2567.57
2897.73
3252.68
3633.73
4042.23
4479.52
4946.91
5445.61
5976.72
6541.17
7139.73
7772.92
8441.02
9144.04
9881.69
10653.4
11458.1
12294.7
13161.4
14056.2
14976.8
15920.3
16883.7
17863.4
18855
19854
20854.7
21850.4
22834.1
23800.2
24755.1
25691.9
26605.3
27491.7
28346.2
29164.1
29940.7
30671.7
31352.9
31980.4
32550.6
33060.5
33507.5
33889.7
34206.2
34456.5
34641
34751.9
34781.2
34747.4
34673.2
34526.1
34307.4
34028.4
33691.1
33299.4
32857
32367.6
31835.1
31264
30658.8
30024.4
29365.5
28687.4
27995
27294.2
26590.3
25909.4
25506.9
25233.4
24898.9
24626.1
23218.6
74.0433
45.2623
34.4815
31.5951
31.8488
35.9254
43.2944
54.0119
68.5853
87.5383
111.658
141.726
179.611
225.907
280.946
344.603
416.404
495.657
581.879
674.957
773.257
879.309
992.625
1113.87
1243.61
1382.44
1530.94
1689.65
1859.1
2039.81
2232.27
2436.92
2654.17
2884.39
3127.87
3384.85
3655.52
3939.95
4238.14
4549.99
4875.31
5213.77
5564.95
5928.32
6303.19
6688.77
7084.12
7488.16
7899.68
8317.28
8739.4
9164.28
9589.92
10014.2
10434.9
10850.7
11262.4
11676.8
12085.1
12483.1
12869.4
13242.1
13599.3
13939.1
14259.7
14559.4
14836.7
15090.2
15318.5
15520.7
15696
15843.8
15963.8
16055.4
16115.8
16143.3
16147.2
16128.6
16079.8
16001.6
15897.6
15768.5
15615.9
15441.1
15245.6
15031.1
14799.2
14551.9
14291.1
14018.8
13737.2
13448.2
13154.5
12858.5
12567.7
12338.3
12138.6
11940.8
11752.6
11387.3
101.07
56.3765
40.1577
36.447
39.3269
46.5071
57.6605
73.3637
94.502
121.778
155.172
194.386
238.65
288.026
342.171
400.892
464.303
532.715
606.581
686.409
774.183
866.762
966.614
1074.03
1189.31
1312.72
1444.57
1585.1
1734.62
1893.41
2061.79
2240.11
2428.55
2627.36
2836.74
3056.85
3287.78
3529.6
3782.29
4045.76
4319.86
4604.35
4898.92
5203.13
5516.47
5838.33
6167.98
6504.58
6847.17
7194.69
7545.96
7899.69
8254.56
8609.23
8962.58
9314
9663.75
10012.1
10354
10687.3
11010.6
11322.2
11620.6
11904
12171.1
12420.3
12650.4
12860.2
13048.6
13214.8
13358.1
13478
13574.1
13645.9
13690.9
13709.1
13709
13686.2
13638.9
13567.7
13474.7
13360.5
13226.6
13074.1
12904.4
12718.7
12518.7
12305.9
12081.9
11848.4
11607.3
11360.2
11109.3
10856.7
10606.8
10383.4
10175.2
9977.69
9788.94
9553.12
117.678
63.1931
47.5773
46.5145
52.1626
62.5902
77.7505
98.1587
124.253
155.987
192.739
233.693
278.197
326.156
377.739
433.404
493.774
559.457
630.962
708.64
792.626
884.295
983.275
1089.66
1203.65
1325.51
1455.53
1593.91
1740.86
1896.64
2061.47
2235.48
2419.26
2613.07
2817.14
3031.68
3256.85
3492.76
3739.47
3996.97
4265.2
4543.98
4833.07
5132.12
5440.69
5758.21
6084.01
6417.3
6757.18
7102.61
7452.5
7805.62
8160.76
8516.67
8872.26
9226.57
9578.93
9927.71
10269.7
10603
10926.1
11237.1
11534.4
11816.5
12081.6
12328.4
12555.5
12761.7
12945.9
13107.2
13245
13358.8
13448.1
13512.7
13548.7
13560.6
13551.9
13519.5
13462.8
13382.5
13280.1
13156.7
13013.5
12851.8
12673
12478.6
12270.2
12049.3
11817.6
11576.8
11328.8
11075.3
10818.4
10560.2
10304.3
10063.8
9834.57
9618.99
9415.41
9196.55
108.07
61.1935
55.8264
58.8418
67.1431
80.2348
98.3035
121.589
150.028
183.118
220.08
260.253
303.395
349.758
399.885
454.464
514.172
579.579
651.13
729.171
814.027
906.179
1005.64
1112.55
1227.13
1349.58
1480.1
1619.02
1766.73
1923.57
2089.95
2266.33
2452.95
2650.15
2858.25
3077.56
3308.33
3550.81
3805.15
4071.45
4349.74
4639.94
4941.89
5255.29
5579.75
5914.71
6259.51
6613.32
6975.21
7344.08
7718.74
8097.89
8480.15
8864.12
9248.35
9631.33
10011.2
10386.2
10753.7
11111.8
11458.6
11792.1
12110.5
12412
12694.7
12957.1
13197.8
13415.2
13608.3
13776.2
13918
14033.4
14121.9
14182.5
14212
14217.7
14198.3
14153.1
14082
13985.7
13865.7
13723.2
13559.5
13376.3
13175.1
12957.5
12725.3
12480.2
12224.2
11958.9
11686.5
11408.9
11128.1
10846.5
10567.3
10299
10040.7
9798.11
9571.19
9337.26
143.884
75.0088
68.6635
72.7537
82.5968
97.3841
117.063
141.539
170.437
203.145
239.049
277.827
319.591
364.82
414.165
468.303
527.836
593.262
664.983
743.346
828.677
921.293
1021.38
1129.16
1244.91
1368.91
1501.48
1643.01
1793.93
1954.71
2125.81
2307.73
2500.9
2705.77
2922.81
3152.45
3395.08
3651.06
3920.68
4204.17
4501.63
4813.09
5138.44
5477.42
5829.63
6194.51
6571.32
6959.15
7356.94
7763.44
8177.27
8596.92
9020.75
9447.01
9873.87
10299.3
10721.2
11137.2
11544.8
11941.7
12325.8
12694.8
13046.6
13378.9
13689.9
13977.6
14240.5
14477
14685.7
14865.6
15016
15136.3
15226.4
15283.8
15307.7
15305.6
15273.7
15213
15123.7
15006.7
14863.5
14695.6
14504.6
14292.2
14060.5
13811.1
13546.1
13267.6
12977.5
12678.1
12371.3
12059.5
11744.9
11429.9
11117.7
10814.7
10521.8
10246.1
9989.3
9726.62
174.503
89.6268
81.9966
86.4632
97.1191
112.716
132.918
157.399
185.688
217.261
251.752
289.123
329.681
373.97
422.617
476.235
535.361
600.454
671.918
750.107
835.395
928.126
1028.61
1137.17
1254.15
1379.94
1514.98
1659.73
1814.72
1980.55
2157.82
2347.15
2549.13
2764.39
2993.54
3237.16
3495.83
3770.04
4060.24
4366.77
4689.87
5029.64
5386.02
5758.78
6147.5
6551.56
6970.11
7402.12
7846.32
8301.24
8765.25
9236.51
9713.03
10192.7
10673.1
11151.9
11626.5
12094.1
12552.1
12997.7
13428.4
13841.7
14234.8
14605.5
14951.5
15270.6
15561
15820.9
16048.8
16243.7
16404.6
16531
16622.9
16676.5
16694.9
16682
16635.1
16555.8
16444.5
16302.4
16131.2
15932.5
15708.4
15460.8
15192
14904.2
14599.6
14280.6
13949.4
13608.5
13260.2
12907
12551.3
12196
11844
11500.8
11168.4
10854.8
10562.6
10263.6
202.357
103.148
94.1817
98.7097
109.671
125.42
145.409
169.21
196.385
226.565
259.597
295.609
334.991
378.269
425.973
478.709
536.987
601.272
672.011
749.678
834.569
927.073
1027.6
1136.62
1254.65
1382.31
1520.05
1668.42
1828.05
1999.77
2184.36
2382.59
2595.26
2823.18
3067.14
3327.93
3606.28
3902.89
4218.35
4553.15
4907.64
5282
5676.22
6090.06
6523.04
6974.45
7443.29
7928.32
8428.01
8940.62
9464.13
9996.34
10534.8
11077
11620
12160.9
12696.7
13224.2
13740.2
14241.8
14725.9
15189.4
15629.6
16043.5
16428.8
16782.8
17103.5
17389.1
17637.7
17848.3
18019.8
18151.8
18244.1
18292.9
18303.6
18276.6
18211.6
18110
17972.6
17800.8
17596.7
17362.1
17099.5
16811.2
16499.8
16167.7
15817.6
15452.2
15074
14685.7
14290
13889.6
13487.3
13086.1
12688.9
12301
11924.9
11569.2
11236.8
10896.6
228.506
114.99
104.442
108.733
119.628
135.102
154.458
177.249
203.121
231.851
263.429
298.039
336.133
378.281
425.147
477.023
534.39
597.723
667.488
744.132
828.155
920.059
1020.42
1129.81
1248.82
1378.05
1518.31
1670.55
1835.47
2014.01
2207.19
2415.99
2641.41
2884.47
3146.19
3427.57
3729.55
4052.99
4398.69
4767.25
5159.15
5574.61
6013.63
6475.93
6960.94
7467.76
7995.19
8541.71
9105.45
9684.29
10275.8
10877.3
11485.8
12098.3
12711.3
13321.4
13925.1
14518.6
15098.4
15661
16202.9
16720.6
17211
17670.8
18097.1
18487.3
18839.1
19150.2
19419.1
19644.2
19824.7
19960.1
20049.9
20091.6
20090.8
20045.9
19958.5
19830.3
19662.1
19455.9
19213.9
18938.4
18632.1
18297.9
17938.5
17557
17156.2
16739.2
16308.9
15868.3
15420.3
14968.1
14514.4
14062.7
13616.1
13179.6
12756.1
12354.8
11978.2
11593.4
252.899
124.837
112.428
116.193
126.747
141.69
160.208
181.864
206.393
233.659
263.834
297.348
334.467
375.576
421.083
471.442
527.222
588.946
657.143
732.369
815.257
906.47
1006.67
1116.56
1236.94
1368.63
1512.57
1669.62
1840.78
2027.55
2231.19
2452.88
2693.85
2955.37
3238.69
3545.05
3875.59
4231.38
4613.36
5022.26
5458.61
5922.67
6414.37
6933.33
7478.77
8049.57
8644.19
9260.74
9896.94
10550.2
11217.5
11895.7
12581.2
13270.4
13959.3
14643.9
15320.1
15983.6
16630.5
17256.7
17858.3
18431.4
18972.5
19478
19944.7
20369.8
20750.7
21085.1
21371.2
21607.6
21793.4
21928.1
22011.1
22042
22024.3
21956.5
21841.8
21682
21477.9
21232
20946.8
20625.2
20270.2
19885
19472.8
19037
18580.9
18107.9
17621.2
17124.1
16619.8
16111.8
15603.1
15097.3
14597.8
14109.6
13635.6
13185.9
12761.7
12330.3
272.431
132.199
117.974
121.038
131.063
145.33
162.927
183.407
206.666
232.86
261.988
294.188
329.762
369.219
413.004
461.729
515.871
575.995
642.716
716.706
798.709
889.522
989.977
1100.98
1223.54
1358.67
1507.56
1671.2
1850.78
2048.18
2265.32
2503.57
2764.38
3049.29
3359.8
3697.37
4063.36
4458.98
4885.27
5343.06
5832.84
6354.78
6908.67
7493.87
8109.33
8753.51
9424.47
10119.8
10836.7
11571.9
12322
13083
13850.9
14621.4
15389.8
16151.7
16902.3
17636.9
18351.1
19040.3
19700.2
20326.7
20915.7
21463.5
21966.7
22422.2
22827.3
23179.7
23477.6
23719.5
23904.5
24032.3
24102.7
24116.3
24075.7
23978.9
23830.8
23633.3
23387.5
23096.3
22762.7
22389.8
21981
21540.1
21070.6
20576.3
20060.8
19528
18981.3
18424.3
17860.7
17293.9
16727.3
16164.8
15609.8
15067.6
14540.9
14040.5
13566.5
13087.1
286.428
137.006
121.141
123.417
132.781
146.283
162.989
182.641
204.964
229.854
257.453
288.074
322.169
360.11
402.37
449.512
502.117
560.84
626.407
699.624
781.393
872.709
974.591
1088.18
1214.83
1355.65
1511.59
1684.35
1876.39
2089.37
2325.27
2586.18
2873.76
3189.82
3536.13
3914.32
4325.86
4772.06
5253.95
5772.25
6327.31
6919.05
7546.91
8209.85
8906.3
9634.21
10391
11173.7
11978.8
12802.4
13640.4
14488.3
15341.2
16194.4
17042.6
17880.8
18703.9
19506.6
20284
21031.4
21744
22417.4
23047.4
23630
24161.7
24639.4
25060.2
25421.9
25722.7
25961.3
26136.9
26249.4
26298.9
26287.5
26216.1
26082.3
25894
25652.1
25358.3
25015.8
24628.1
24198.7
23731.5
23230.4
22699.7
22143.2
21565.1
20969.5
20360.1
19741
19115.8
18488.2
17862.1
17241.2
16629.2
16031.6
15450.7
14898.4
14372.8
13845.2
294.578
139.338
122.096
123.609
132.428
145.374
161.379
179.94
200.952
224.494
250.805
280.145
312.901
349.506
390.47
436.4
487.99
546.042
611.417
685.101
768.221
862.146
968.027
1087.16
1220.41
1369.89
1537.88
1726.61
1938.33
2175.11
2439.22
2733.2
3059.07
3418.92
3814.72
4248.14
4720.58
5233.19
5786.76
6381.67
7017.83
7694.61
8410.87
9164.87
9954.37
10776.6
11628.1
12505.3
13403.9
14319.4
15246.9
16181.4
17117.5
18049.8
18972.7
19880.8
20768.5
21630.4
22461.2
23256
24009.8
24718.2
25376.7
25981.4
26528.7
27015.6
27439.2
27797.5
28088.8
28312.1
28466.6
28552.6
28570.8
28525.5
28411.7
28233
27996.5
27702.7
27354
26954.1
26506.8
26016
25486
24921.1
24325.7
23704.4
23061.4
22401
21727.5
21044.9
20357.2
19668.2
18981.8
18302.1
17632.8
16979.4
16344
15739.4
15161.5
14586.4
297.475
139.486
121.501
122.486
130.644
142.758
157.787
175.335
195.339
217.863
243.132
271.467
303.293
339.107
379.505
425.206
477.071
536.244
603.7
680.664
768.386
867.687
980.862
1109.91
1257.18
1424.89
1615.63
1832.1
2076.88
2352.51
2661.4
3006.6
3390.34
3814.89
4282.41
4794.06
5350.74
5952.99
6600.9
7294.07
8031.52
8811.74
9632.6
10491.5
11385.1
12309.9
13261.8
14236.1
15228.1
16232.6
17244.3
18257.6
19266.9
20266.6
21250.7
22213.6
23149.8
24053.6
24919.8
25743.3
26519.5
27243.6
27911.5
28519.1
29063.2
29540.8
29949.4
30286.9
30552.2
30744.3
30862.9
30908.4
30884.7
30791.3
30623.9
30391
30097.3
29743.8
29333.4
28870
28357.8
27801.3
27204.8
26573.2
25911.1
25223.3
24514.3
23788.7
23050.8
22304.9
21555.1
20805.4
20059.7
19322.1
18596.3
17888.1
17199
16543
15913.2
15292.5
296.499
138.401
119.607
119.826
127.246
138.643
152.926
169.725
188.998
210.872
235.623
263.671
295.636
332.146
373.934
421.909
477.06
540.057
612.842
697.224
795.183
909.177
1041.52
1194.97
1372.65
1577.63
1813.15
2082.39
2388.4
2733.99
3121.6
3553.19
4031.36
4558.34
5136.86
5765.83
6444.64
7172.4
7947.78
8768.93
9633.49
10538.6
11480.9
12456.6
13461.7
14491.6
15541.6
16606.7
17681.7
18761.2
19839.8
20911.9
21972
23014.3
24033.2
25023.4
25979.3
26895.7
27767.5
28589.9
29358.5
30068.9
30717
31299.2
31812.6
32254.3
32622.4
32914.8
33131.2
33270.5
33332.9
33320.8
33238.7
33077.1
32843.9
32544
32181.7
31758.2
31277.2
30742.7
30159.3
29531.6
28864.4
28162.7
27431.4
26675.3
25899.3
25107.9
24305.8
23497.3
22686.3
21877
21073.3
20279.3
19498.5
18737.1
17995.5
17289.6
16608.8
15944.9
292.72
135.86
116.572
116.41
123.453
134.468
148.439
165.092
184.571
207.081
233.02
262.897
297.121
336.638
382.727
436.788
500.515
576.188
666.043
772.85
899.817
1050.77
1229.36
1439.53
1685.43
1971.17
2300.35
2676.19
3101.49
3578.23
4107.79
4690.93
5328.2
6020.71
6767.01
7563.91
8408.53
9297.81
10228.4
11196.9
12199.3
13231.7
14289.9
15369.4
16466
17575.1
18691.9
19811.9
20930.2
22042.1
23142.6
24226.8
25289.7
26326.4
27331.7
28300.9
29229.2
30111.7
30944
31721.6
32440.6
33097.1
33687.4
34207.9
34656.7
35030.8
35329.1
35549.2
35691.9
35756.1
35743.1
35659.3
35494.2
35255.5
34945.1
34568.6
34130
33630.8
33074.7
32466.3
31810.1
31111
30374
29604
28806.1
27985.2
27146.2
26293.7
25432.3
24566.2
23699.5
22836.1
21979.8
21134.7
20304.1
19494.4
18704.9
17953.4
17225.1
16523.1
286.06
132.574
113.595
113.643
121.104
132.507
147.182
164.983
185.863
210.439
239.454
273.817
314.855
364.255
424.033
496.721
585.567
694.75
828.497
991.539
1189.33
1428.26
1713.7
2050.41
2442.71
2894.52
3407.36
3981.79
4617.8
5313.45
6066.41
6874.72
7735.06
8645.65
9595.94
10582.5
11600.9
12646.7
13715.7
14803.9
15907.2
17021.8
18143.9
19270.1
20396.7
21520.4
22637.6
23744.9
24838.9
25916
26972.5
28004.3
29007.8
29978.7
30912.9
31806.4
32655
33454.6
34201.1
34890.7
35520
36085.5
36583.8
37011.2
37367.2
37648.1
37854.1
37981.6
38033.8
38009.6
37913.1
37736.8
37487.2
37165.9
36774.7
36320.1
35805.3
35231.9
34604.1
33926
33202.7
32438.8
31639.3
30809.3
29953.6
29077.2
28184.9
27281.1
26370.4
25456.8
24544.3
23636.5
22737.2
21850.1
20978.4
20128.5
19298.8
18508.9
17739.1
17006
277.973
129.271
111.487
113.225
121.992
134.358
150.843
171.495
196.973
228.433
267.501
316.11
377.262
455.164
554.488
680.807
841.606
1046.35
1303.48
1620.67
2005.84
2468.29
3011.31
3634.63
4336.65
5114.76
5960.68
6867
7827.49
8832.12
9874.59
10954.1
12055.2
13167.6
14288.2
15413.8
16540.9
17666.7
18788.5
19904.2
21011.5
22108.7
23194.1
24266.1
25323.3
26364.3
27387.5
28391.2
29373.8
30333.2
31266.9
32172.2
33046.4
33886.1
34688.1
35448.9
36164.9
36832.3
37447.8
38007.5
38508.9
38948.7
39323.4
39628.7
39867.1
40032
40126.4
40143.9
40095.6
39970.9
39772.3
39502.4
39163.4
38756.3
38283.4
37751
37162.1
36518.1
35823.3
35081.6
34298.2
33477.5
32624.5
31743.9
30840.4
29919
28983.9
28039.8
27090.7
26140.5
25193
24251.5
23319.4
22400.4
21497.1
20616
19754.4
18933.8
18129.4
17372.6
269.798
126.573
111.232
115.902
128.856
143.31
166.023
196.172
235.542
288.017
358.833
453.307
580.629
755.55
992.426
1304.87
1711.25
2232.17
2875.75
3640.94
4524.13
5524.84
6623.33
7796.91
9030.04
10300.1
11586.4
12879.7
14179.1
15461.3
16717.7
17939.2
19129.6
20287.4
21413.4
22508.5
23573.6
24610
25618.9
26601.2
27558
28489.9
29398.1
30283.2
31146.1
31987.5
32807.5
33606.3
34383.5
35138.1
35868.8
36573.8
37250.8
37897
38509.7
39085.5
39621
40112.4
40557.2
40950.8
41292.4
41577.5
41802.8
41961.9
42063.5
42094.1
42062.7
41965.2
41796.6
41562.2
41260.1
40893.2
40463.1
39970.3
39417.3
38810.4
38151.7
37443
36688.1
35890.7
35054.9
34185.9
33288.6
32367.5
31427.1
30471.7
29505.7
28533.1
27557.6
26582.9
25612.3
24648.7
23695.3
22755.1
21830.6
20928
20043.6
19200.6
18368.8
17595.5
258.535
122.089
112.674
125.309
154.066
168.681
214.441
278.035
367.574
501.911
706.812
1003.39
1428.6
2043.52
2878.64
3935.28
5218.97
6723.87
8392.79
10165.3
11994.2
13837.8
15654
17413.9
19128.3
20741.8
22246.3
23642.9
24930.3
26125.8
27238
28271.8
29237.1
30141.3
30991.5
31793.6
32553
33274.6
33962.5
34620.3
35250.6
35856.3
36439.7
37003.4
37549.5
38079.8
38595.9
39098.4
39587.4
40062.4
40522.6
40966.3
41391.1
41794.2
42172.7
42523.2
42842
43124.6
43369.2
43570
43729.2
43839.6
43897.2
43893.5
43848
43738.8
43569.6
43343.6
43056.8
42710.7
42303.5
41836.2
41313.5
40735.1
40104.1
39426.3
38703.1
37936.1
37129
36286.6
35412.6
34510.2
33583.5
32636.7
31674
30699.3
29716.5
28729.3
27741.3
26755.4
25774.7
24801.7
23839.2
22889.7
21955.5
21042.3
20145.9
19290.1
18441
17658.8
235.91
111.407
116.654
150.275
307.381
250.563
413.287
648.49
1021.67
1662.32
2723.46
4229
6216.19
8761.69
11689.2
14790
17939.1
21007.3
23886.1
26558.7
29001.5
31143.9
33013.5
34630.7
36003
37180.8
38182.3
39026.4
39735.9
40335.3
40844.3
41277.7
41649.9
41972.6
42255
42504.4
42727.2
42928.9
43113.6
43284.4
43444
43594.9
43739.7
43880.8
44020.7
44161
44303.5
44448.2
44594.5
44741.8
44889.5
45035
45175.1
45306.3
45424.9
45527.4
45609.1
45664.9
45694.5
45689.5
45657.7
45584.7
45467.7
45302.2
45093.4
44833.8
44524.2
44166
43757.6
43298.9
42796.1
42244.2
41645.1
40997.8
40305.3
39572.9
38801.3
37992.3
37148.9
36274.8
35373.4
34448.6
33504.2
32543.9
31571.3
30590
29603.4
28614.7
27627.1
26642.9
25664.9
24694.9
23735.6
22788.4
21856
20942.5
20044.2
19184.4
18327
17542.1
218.216
59.1383
120.626
187.004
1218.35
843.175
1964.78
3755.31
6588.02
10866.7
16547.1
22668.7
28805.6
34702.7
39918.5
44395.1
48075.6
50922.7
53100.5
54727.6
55921
56767.3
57318.7
57624.3
57691.4
57623.2
57423.3
57101.4
56710.5
56271.3
55800.9
55312.8
54818.8
54327.2
53843.6
53372
52915.2
52475.6
52053.7
51649.9
51264.2
50897.6
50551.1
50226
49923.7
49644.6
49390
49157.4
48945.6
48753.8
48580.3
48420.6
48270.6
48126.1
47982.8
47836.4
47680.9
47510.6
47320.7
47108.1
46875
46614.4
46322.3
45999.7
45648.6
45260.4
44832.8
44365.6
43858.1
43309.4
42720.4
42090.4
41422.3
40714
39969
39191.8
38382.6
37542.8
36675.4
35783.4
34870
33938.4
32991.9
32033.7
31067
30094.7
29119.8
28144.9
27172.6
26204.9
25244
24291
23348.4
22416.6
21498.6
20596.6
19708.4
18854.3
17999.9
17218.5
192.131
572.494
2822.35
2441.76
6406.58
10504.6
20409.8
33015.6
46784.1
60340.4
72217.8
80858.8
86739.5
90165.1
91950.7
92487.6
92301.3
91663.7
90517.8
89117.4
87545.1
85855.9
84080.8
82250
80377.1
78508.3
76664.3
74853.9
73099.4
71413.4
69802.2
68269.4
66817.3
65444.8
64148.7
62925.8
61772.2
60683.8
59655.7
58683.5
57764.4
56896.3
56078.2
55309.5
54589.6
53917.6
53291.9
52707.2
52162.9
51655.1
51179.1
50731.5
50307.8
49902.9
49511.9
49129.6
48753.2
48384
48010.4
47626.4
47230.5
46818.4
46386.2
45930.1
45449.8
44942.7
44407.1
43841.5
43245.6
42618
41959.7
41269.2
40549.6
39798.1
39018.3
38214
37384.9
36532.4
35658.9
34767
33859.5
32939.1
32008.3
31069.8
30126.3
29180.2
28233.8
27289
26348.2
25412.5
24484
23562.7
22651.4
21748.7
20858.8
19980.6
19115.4
18277.1
17439
16666.6
238.736
5575.66
14603.8
42039.5
66110.6
105378
139655
162704
175952
179175
177465
172141
165064
157757
150641
143815
137402
131466
125914
120734
115901
111364
107073
103001
99136.3
95483.5
92044.8
88816.3
85794.7
82975.4
80348.2
77902.1
75626.4
73507.1
71529.4
69681.6
67951.2
66327.8
64800.6
63361.2
62003.3
60723.2
59518.1
58385.6
57323.7
56329.4
55398.8
54535.3
53730.8
52978.8
52273.2
51608.5
50979.1
50379.5
49803.9
49247.2
48703.4
48168.1
47637.4
47106.2
46571.6
46030.1
45478.3
44912.8
44332
43733.6
43116.2
42478.1
41818.9
41136.9
40433.3
39705.7
38957.7
38185.7
37393.4
36583.9
35756.8
34912.9
34054.5
33183.7
32302.6
31413.4
30518.2
29618.8
28717.6
27816.1
26916.1
26019
25126.7
24239.5
23359.5
22485.3
21620.6
20761.2
19914
19072.5
18244.7
17432.4
16625.8
15867.1
667.251
142850
220571
381991
407566
423338
404824
365721
327324
291725
261768
236768
215991
198852
184696
172688
162306
153209
145073
137705
130965
124740
118922
113477
108390
103657
99276.1
95229
91501.1
88069.1
84904.5
81984
79286
76784.2
74454.7
72280.9
70244.4
68333.5
66533.7
64835.3
63231.6
61718.6
60293.6
58953.5
57695.9
56516.6
55412
54376.2
53405
52493
51634.2
50822.2
50051.2
49315.3
48608.9
47926.8
47263.8
46615.4
45977.5
45346.2
44718.1
44090.2
43459.7
42823.5
42179.8
41526.2
40861.8
40184.4
39494.1
38788.5
38069.5
37333.8
36585.6
35820.4
35042.3
34253.7
33453.8
32643.5
31824.5
30998.1
30166.5
29330.9
28492.8
27653.6
26815.1
25977.7
25143.2
24311.9
23485.9
22664.2
21849.4
21038.5
20236.1
19435.2
18645.9
17854.6
17079.6
16303.8
15546
14804.8
3251.64
17475.4
29917.3
59980
78493.9
100884
119489
131891
142180
149061
153849
156098
155862
154441
152359
148488
143830
138727
133332
127875
122478
117158
111902
106874
102163
97803.2
93809.9
90147.7
86806.3
83730.6
80883.5
78243.3
75790.7
73485.9
71306.6
69245.4
67287.9
65433.3
63662.1
61969.1
60353.4
58815.9
57358.4
55979.3
54679
53452.2
52297.5
51208.1
50179
49205.3
48281.5
47401.7
46560.6
45753.4
44975
44221.4
43488.6
42773.1
42071.5
41380.7
40698.1
40021.2
39347.9
38675.8
38003.5
37328.6
36650.7
35967.5
35279.8
34584.7
33884.7
33176.1
32463.4
31742.1
31016.1
30287.2
29554.6
28818.3
28079.6
27339.6
26599.7
25860.4
25122.7
24386.9
23654
22923.5
22196.6
21472.9
20754.5
20039.2
19330
18621.5
17920.6
17214.8
16521.4
15812.8
15127.8
14413
13743.9
13028.5
167.152
258.351
699.552
994.634
2054.58
2577.04
4536.3
5375.85
7915.19
9154.63
11820.1
13749.2
16462.9
19441.2
22658.9
25970.3
29314.9
32650.4
35876
38961.6
41804.3
44415.8
46853
49033.4
50899.7
52417.2
53588.6
54383.4
54890.5
55023.6
54919.1
54600.5
54211.7
53569.9
52831.4
52017.2
51141.2
50229.1
49243.4
48228.4
47213.3
46215.1
45247
44309.6
43411.3
42542.2
41711.3
40904.6
40126
39372.8
38641.2
37928.5
37233.2
36553.7
35888
35235.5
34595
33965.4
33344.5
32731.5
32125.6
31525.5
30930.4
30338.8
29750.5
29163.7
28579.1
27994.5
27411.8
26828
26246.6
25663.8
25083.8
24504.3
23926.4
23352.1
22781
22210.9
21643.2
21079
20519.3
19963.2
19411.6
18862.9
18317.1
17772.2
17230.7
16690.9
16155.9
15621
15091
14556.5
14028.2
13485.8
12957.9
12394.4
11868.8
11264.3
10762.1
10092.6
36.4885
37.5905
51.8237
56.5621
82.5539
91.0306
129.669
142.903
195.476
221.422
274.269
328.694
404.415
503.758
644.81
737.928
1162.94
1331.56
1901.4
2160.22
2810.83
3214.05
3900.76
4542.64
5373.58
6300.02
7298.59
8366.08
9477.31
10621.9
11771.2
12917.7
14033.8
15105.7
16110.8
17037.2
17887.5
18636.7
19339.2
19981.2
20545.2
21027
21423.1
21731.7
21963.8
22110.2
22202.7
22204.2
22179.2
22095.7
21969.9
21805.5
21612.4
21391.4
21149.1
20889.6
20616.1
20327.9
20025.4
19715.2
19397.8
19074.5
18746.6
18414.8
18080.8
17744.4
17408
17070.5
16734.6
16398.9
16065.8
15735.1
15405.1
15079
14753.7
14432.8
14115.8
13799.7
13489.7
13182.8
12879.8
12578
12279.7
11979.8
11678.2
11374.7
11074.6
10774.1
10477.6
10176.6
9878.32
9569.03
9262.98
8935.52
8619.69
8251.7
7927.04
7488.56
7188.15
6606.68
19.2022
19.2754
19.9722
20.2098
21.3902
21.8872
23.6246
24.416
26.7783
27.9143
30.8944
32.3127
36.4286
38.1526
44.0394
45.9295
55.8332
59.1554
72.9126
77.8221
95.9027
102.888
128.828
139.7
181.333
199.4
268.056
298.921
408.139
457.003
612.631
683.686
873.393
974.423
1186.08
1329.97
1545.36
1749.22
1993.12
2257.16
2532.74
2821.31
3112.94
3407.26
3695.8
3976.51
4243.94
4494.55
4725.96
4935.85
5122.65
5284.87
5423.96
5538.18
5627.41
5716.88
5753.77
5789.28
5795.42
5795.38
5782.03
5756.29
5722.34
5679.31
5631.6
5577.45
5521.34
5460.88
5400.05
5337.19
5274.28
5212.17
5149.72
5090.1
5032.05
4975.98
4923.96
4871.6
4825.46
4780.79
4738.72
4696.41
4652.63
4611.36
4573.9
4537.72
4506.45
4470.95
4436.88
4392.25
4347.5
4285.23
4221.47
4130.03
4036.99
3902.14
3779.54
3580.71
3405.75
3062.56
15.3071
15.3208
15.3713
15.3899
15.465
15.4998
15.612
15.6711
15.8258
15.9182
16.1199
16.2478
16.5136
16.6775
17.0397
17.2413
17.7713
18.0151
18.7415
19.0379
19.9716
20.3535
21.6031
22.1002
23.8547
24.5129
26.9656
27.9052
31.4107
32.7446
37.4933
39.3104
45.4121
47.7638
55.4831
58.6089
68.5891
72.8188
86.5809
92.573
111.721
120.022
145.659
156.697
189.19
202.966
241.432
257.452
299.926
317.345
361.216
378.868
421.158
438.035
476.477
491.975
525.225
539.439
564.787
579.752
593.235
606.875
618.203
629.33
638.184
646.94
653.745
660.768
666.205
672.295
677.062
683.075
688.122
695.387
702.094
711.687
720.931
733.288
745.516
760.749
776.003
793.367
810.102
828.905
838.898
871.661
881.447
913.909
923.45
951.169
960.492
979.32
987.001
988.398
990.445
976.614
962.041
917.26
891.033
749.164
14.443
14.4301
14.4163
14.403
14.389
14.3764
14.3631
14.3525
14.341
14.334
14.3257
14.3227
14.3205
14.3221
14.3288
14.3341
14.3512
14.3611
14.401
14.4153
14.4708
14.4923
14.5645
14.5984
14.6958
14.747
14.8821
14.9516
15.144
15.2287
15.4954
15.5886
15.9276
16.0358
16.4428
16.5902
17.0883
17.2964
17.9363
18.1916
18.9955
19.3126
20.3181
20.7119
21.9331
22.4072
23.8255
24.3757
25.9414
26.6269
28.0001
28.9246
29.9284
30.92
31.95
32.9386
33.9355
34.8923
35.8108
36.7332
37.5494
38.4118
39.14
39.9118
40.5492
41.2389
41.8039
42.4411
42.9673
43.5955
44.1248
44.7962
45.3803
46.1795
46.9072
47.9425
48.9191
50.2752
51.591
53.2872
55.016
57.0302
59.2581
61.6381
64.3131
67.3537
70.6341
74.2231
78.0558
81.9527
86.4571
89.3475
96.2659
98.8051
103.142
104.199
106.37
103.018
104.412
84.7139
14.2998
14.2767
14.253
14.2294
14.2052
14.181
14.1564
14.1318
14.1069
14.0819
14.0568
14.0315
14.0063
13.9811
13.956
13.9308
13.906
13.8809
13.8567
13.8321
13.8087
13.7849
13.7626
13.7399
13.7189
13.6975
13.6783
13.6586
13.6416
13.624
13.6098
13.595
13.584
13.5734
13.5653
13.5606
13.5554
13.5548
13.5604
13.5643
13.5756
13.585
13.603
13.6186
13.6436
13.6657
13.6975
13.7256
13.7626
13.7964
13.8341
13.8697
13.903
13.9349
13.9646
13.9924
14.018
14.0412
14.0621
14.0809
14.0974
14.1123
14.1251
14.1366
14.1464
14.1554
14.1635
14.1717
14.1801
14.1897
14.2004
14.214
14.2297
14.25
14.2741
14.305
14.3421
14.3883
14.4425
14.5077
14.5833
14.6683
14.7709
14.8816
15.0156
15.1588
15.3296
15.5089
15.719
15.9351
16.1863
16.426
16.71
16.978
17.2521
17.5006
17.7179
17.8229
18.0036
17.6105
14.2816
14.2566
14.2313
14.2058
14.1798
14.1537
14.1272
14.1005
14.0734
14.0462
14.0185
13.9907
13.9624
13.934
13.9052
13.8763
13.847
13.8177
13.7879
13.758
13.7278
13.6975
13.6668
13.6361
13.605
13.5739
13.5423
13.5108
13.4788
13.4469
13.4145
13.3823
13.3496
13.3171
13.2843
13.2516
13.2186
13.1859
13.153
13.1204
13.0875
13.0552
13.0226
12.9906
12.9584
12.9271
12.8955
12.8649
12.8342
12.8045
12.7749
12.7463
12.718
12.6905
12.6636
12.6373
12.6121
12.5875
12.5643
12.5416
12.5207
12.5005
12.482
12.4649
12.4492
12.4353
12.4231
12.4126
12.4043
12.3976
12.3928
12.3906
12.3885
12.389
12.3912
12.3959
12.402
12.4101
12.42
12.4306
12.4486
12.4636
12.4845
12.506
12.5313
12.5618
12.5942
12.6357
12.6792
12.7385
12.7988
12.8805
12.9569
13.0607
13.1638
13.3047
13.4624
13.6519
13.9767
14.5139
14.28
14.2548
14.2292
14.2034
14.1772
14.1508
14.124
14.0971
14.0696
14.0421
14.014
13.9859
13.9573
13.9286
13.8993
13.8701
13.8403
13.8105
13.78
13.7497
13.7187
13.6878
13.6561
13.6247
13.5924
13.5603
13.5274
13.4947
13.4611
13.4278
13.3936
13.3597
13.3249
13.2903
13.2549
13.2197
13.1837
13.148
13.1115
13.0754
13.0384
13.0021
12.9648
12.9284
12.891
12.8547
12.8175
12.7816
12.7449
12.7097
12.6739
12.6396
12.6052
12.5722
12.5397
12.5085
12.4783
12.4493
12.422
12.3956
12.3715
12.3485
12.3278
12.3086
12.2918
12.2771
12.2645
12.2543
12.2463
12.2404
12.2373
12.2355
12.2364
12.2394
12.2442
12.2538
12.2607
12.2749
12.2842
12.3035
12.316
12.3422
12.3589
12.3947
12.4173
12.4668
12.4983
12.5685
12.6152
12.7153
12.7922
12.9331
13.065
13.2787
13.5062
13.8318
14.2629
14.777
15.8119
17.7438
14.2795
14.2543
14.2286
14.2028
14.1766
14.1502
14.1233
14.0964
14.0689
14.0414
14.0133
13.9852
13.9564
13.9278
13.8984
13.8692
13.8393
13.8095
13.7789
13.7486
13.7173
13.6865
13.6546
13.6231
13.5906
13.5585
13.5253
13.4925
13.4586
13.4252
13.3906
13.3565
13.3212
13.2865
13.2505
13.2152
13.1785
13.1426
13.1053
13.069
13.0312
12.9945
12.9564
12.9195
12.8813
12.8444
12.8063
12.7698
12.7321
12.6962
12.6594
12.6245
12.589
12.5555
12.522
12.4904
12.4593
12.43
12.4019
12.3755
12.3511
12.3282
12.3077
12.2891
12.2729
12.2589
12.2469
12.2379
12.2306
12.2268
12.2245
12.2258
12.2284
12.2371
12.2445
12.2634
12.2764
12.3084
12.3292
12.3783
12.4097
12.4825
12.5287
12.6356
12.7031
12.8602
12.9592
13.1925
13.3375
13.682
13.9193
14.4014
14.788
15.5136
16.1953
17.2614
18.521
20.2583
22.7783
30.6248
14.279
14.2538
14.2281
14.2023
14.176
14.1497
14.1228
14.0959
14.0683
14.0409
14.0127
13.9847
13.9559
13.9273
13.8979
13.8687
13.8387
13.809
13.7783
13.748
13.7167
13.6858
13.6539
13.6224
13.5898
13.5577
13.5243
13.4916
13.4576
13.4242
13.3894
13.3554
13.3199
13.2853
13.2489
13.2138
13.1767
13.141
13.1032
13.0671
13.0288
12.9923
12.9536
12.9169
12.8781
12.8414
12.8027
12.7663
12.7282
12.6924
12.6553
12.6205
12.5848
12.5515
12.5177
12.4863
12.455
12.4262
12.3981
12.3724
12.3482
12.3262
12.3067
12.2893
12.2752
12.2636
12.256
12.2512
12.2517
12.2556
12.263
12.2812
12.2967
12.3333
12.3592
12.4208
12.4602
12.5563
12.6155
12.7588
12.8463
13.0574
13.1858
13.4958
13.6844
14.1407
14.418
15.0939
15.5089
16.502
17.1708
18.6023
19.6949
21.907
23.8601
27.3869
30.5433
37.5115
41.1584
81.618
14.2788
14.2537
14.228
14.2023
14.1761
14.1499
14.123
14.0962
14.0687
14.0414
14.0133
13.9854
13.9566
13.9282
13.8988
13.8699
13.8398
13.8103
13.7795
13.7494
13.718
13.6873
13.6551
13.6239
13.591
13.5591
13.5254
13.4929
13.4585
13.4253
13.3901
13.3563
13.3203
13.2859
13.2491
13.2141
13.1766
13.1411
13.1028
13.0669
13.0281
12.9919
12.9527
12.9164
12.877
12.8409
12.8017
12.766
12.7275
12.6926
12.6552
12.6217
12.586
12.5546
12.5214
12.4927
12.4629
12.438
12.4127
12.3929
12.3735
12.3599
12.3487
12.3427
12.3428
12.3486
12.3578
12.382
12.4034
12.4524
12.4897
12.5729
12.6316
12.7615
12.8505
13.0456
13.1777
13.4654
13.6586
14.0801
14.361
14.9763
15.3883
16.2804
16.8888
18.1869
19.0866
20.9983
22.3319
25.2029
27.2142
31.6335
34.8855
41.9447
47.7233
59.9452
69.7959
98.4682
107.955
270.944
14.2788
14.2537
14.2279
14.2022
14.1758
14.1496
14.1225
14.0958
14.0681
14.0408
14.0124
13.9846
13.9556
13.9273
13.8976
13.8688
13.8384
13.809
13.7779
13.7481
13.7163
13.6859
13.6533
13.6225
13.5891
13.5578
13.5236
13.4918
13.4568
13.4245
13.3887
13.3559
13.3194
13.2862
13.2489
13.2154
13.1774
13.1437
13.1053
13.0716
13.0329
12.9996
12.9608
12.9285
12.8899
12.859
12.8214
12.7927
12.7568
12.731
12.6981
12.6762
12.6478
12.631
12.6095
12.5988
12.5861
12.5862
12.5839
12.6016
12.6078
12.6512
12.6689
12.7474
12.7807
12.9062
12.9617
13.1483
13.241
13.5045
13.6486
14.027
14.2366
14.7806
15.0813
15.8565
16.287
17.3896
18.0004
19.5717
20.4364
22.677
23.9194
27.1153
28.9016
33.5137
36.1299
42.8752
46.8236
56.9544
63.2174
79.1435
89.8921
116.854
136.759
188.172
223.19
345.862
396.27
957.311
14.2799
14.2555
14.2296
14.2047
14.1782
14.1528
14.1256
14.0998
14.0719
14.0457
14.017
13.9904
13.961
13.934
13.9038
13.8765
13.8456
13.8179
13.7864
13.7585
13.7262
13.6983
13.6654
13.6375
13.604
13.5764
13.5424
13.5153
13.4811
13.4548
13.4206
13.3954
13.3618
13.3379
13.3056
13.2835
13.2532
13.2334
13.2063
13.1893
13.167
13.1535
13.1381
13.1283
13.1212
13.1222
13.1196
13.1375
13.1407
13.1789
13.1907
13.2551
13.2786
13.3768
13.416
13.5583
13.6186
13.8193
13.9072
14.1873
14.311
14.7
14.8718
15.4103
15.6475
16.3902
16.7194
17.7405
18.194
19.6057
20.2262
22.1795
23.0318
25.7236
26.8934
30.5995
32.2115
37.3265
39.5476
46.6223
49.7688
59.4023
64.2427
77.3866
84.6195
103.636
114.583
142.934
160.307
204.544
233.587
306.135
357.406
481.62
574.844
795.093
957.498
1373.16
1595.51
2769.84
14.2814
14.2579
14.2313
14.2078
14.1805
14.1571
14.1291
14.1061
14.0776
14.0553
14.0265
14.0051
13.9764
13.9562
13.9282
13.9096
13.8832
13.8666
13.8427
13.8286
13.8085
13.7973
13.7829
13.7752
13.7669
13.7661
13.7638
13.7753
13.7763
13.8025
13.809
13.8526
13.866
13.9304
13.952
14.0412
14.0725
14.1912
14.2343
14.3876
14.4452
14.6396
14.7146
14.9587
15.0548
15.3592
15.4824
15.86
16.0171
16.4879
16.6865
17.2791
17.5316
18.2785
18.619
19.5565
20.0095
21.2268
21.8056
23.4326
24.1693
26.3655
27.3432
30.2783
31.608
35.5068
37.3819
42.5211
45.1041
52.0086
55.4704
64.7968
69.425
82.0337
88.2126
105.381
113.562
137.415
148.583
181.846
197.753
244.891
268.495
336.046
373.935
471.05
534.038
673.588
777.461
977.222
1140.93
1421.29
1660.77
2035.47
2350.75
2813.27
3170.35
3707.54
3990.79
4966.45
14.3393
14.3234
14.311
14.2995
14.2912
14.2861
14.2836
14.2896
14.2926
14.3146
14.3252
14.3685
14.3891
14.4599
14.493
14.5985
14.6473
14.795
14.8626
15.0609
15.1507
15.4086
15.5231
15.8505
15.9923
16.3967
16.5712
17.0611
17.2749
17.8578
18.1134
18.7989
19.1
19.8979
20.2495
21.1704
21.5802
22.6363
23.1159
24.3217
24.8889
26.2634
26.9442
28.5142
29.3447
31.1516
32.1794
34.2884
35.5785
38.0955
39.7403
42.8279
44.9597
48.8527
51.6604
56.6781
60.4199
66.9803
72.0126
80.6509
87.4464
98.8458
108.03
123.053
135.455
155.175
171.924
197.688
220.332
254.04
284.728
329.118
370.997
430.105
487.767
567.424
647.34
755.531
866.235
1013.01
1164.73
1361.02
1564.35
1819.24
2080.63
2396.26
2711.74
3076.19
3424.7
3806.62
4148.62
4501.6
4789.17
5073.55
5277.03
5487.23
5619.36
5815.1
5887.26
6564.45
15.2531
15.3743
15.6032
15.8055
16.1153
16.425
16.8381
17.2857
17.8279
18.4467
19.1457
19.9698
20.8548
21.9176
23.0169
24.3496
25.6889
27.319
28.9187
30.8695
32.7435
35.0328
37.1878
39.8277
42.2647
45.2615
47.9783
51.334
54.3306
58.045
61.3288
65.4054
68.9967
73.4505
77.393
82.2603
86.6313
91.9833
96.9082
102.868
108.541
115.306
122.018
129.892
138.066
147.505
157.719
169.48
182.726
197.979
215.629
235.949
259.759
287.142
319.154
355.841
398.415
447.079
503.061
566.964
639.832
722.938
816.869
923.89
1043.73
1180
1331.38
1502.61
1691.36
1903.13
2134.78
2391.88
2670.46
2975.41
3301.34
3652.03
4019.08
4405.63
4797.52
5199.4
5586.96
5973.84
6323.06
6657.47
6931
7183.3
7359.6
7517.03
7600.83
7677.31
7696.96
7716.99
7708.27
7705.61
7689.28
7688.96
7675.61
7717.97
7717.33
8281.12
32.3999
35.3797
40.0602
44.345
50.5153
56.3211
64.1908
71.7659
81.5534
91.141
103.042
114.848
129.005
143.158
159.62
176.14
194.835
213.616
234.347
255.169
277.633
300.206
324.055
348.096
373.024
398.353
424.203
450.855
477.726
506.055
534.417
565.19
595.979
630.473
665.184
705.284
746.084
794.391
844.256
904.208
967.084
1043.06
1124.05
1221.44
1326.96
1451.99
1589.95
1753.99
1935.71
2148.43
2382.19
2649.84
2940.69
3265.68
3612.68
3992.55
4392.97
4823.55
5272.58
5746.84
6236.57
6744.09
7262.94
7789.8
8319.93
8850.9
9373.53
9884.65
10375.6
10843
11278.6
11678.1
12035.7
12345.9
12607.5
12814
12970.3
13069.8
13123.1
13114.2
13081.7
13002.7
12932.8
12798.8
12674.5
12536.8
12365.2
12217.1
12030.6
11872.9
11672.9
11509.1
11299.5
11142.2
10933.7
10802.1
10617.9
10541.1
10485.1
11075.3
479.833
573.1
687.787
806.299
946.656
1089.98
1256.35
1424.38
1616.2
1807.75
2023.51
2236.47
2473.7
2705.17
2960.79
3207.53
3478.43
3737.58
4021.38
4291.19
4586.92
4867.48
5176.25
5469.95
5795.34
6107.15
6455.4
6792.81
7172.65
7546.24
7968.29
8390.48
8867.49
9352.21
9898.02
10459.9
11088.2
11741.1
12463.8
13218.7
14043
14905.2
15830.3
16796.3
17808.8
18863.2
19936.7
21014.3
22070.6
23100.2
24071.9
24993.2
25824.4
26595.7
27270.1
27884
28396.1
28849.3
29200.6
29492.7
29694.6
29838.7
29913.9
29911
29866.1
29804
29670.5
29502.3
29303.6
29080.6
28834.7
28568.1
28282.2
27973.9
27646.6
27291.9
26917
26511
26083.1
25626.2
25142.7
24649.5
24125.2
23604.8
23055.6
22526.3
21967.1
21442.5
20888.4
20382
19840.9
19364.6
18843.2
18413.5
17924.1
17559
17143.3
16854.6
16748.8
17364.4
11109.3
12480.6
13959.1
15544.8
17227.6
19002.5
20853.3
22770.3
24731.7
26724
28720.8
30706.9
32653.5
34546.5
36357
38075.2
39674.2
41151.6
42483.4
43677.2
44711.2
45604.6
46336
46937.9
47384.7
47725.2
47919.3
48034.7
48049
47980.7
47850.2
47662.4
47438.7
47182.6
46914.9
46638
46371.6
46117.2
45892.7
45699.7
45553.5
45457.1
45421.8
45452.6
45555.6
45767.7
46018.4
46332.4
46733.1
47207.1
47715.1
48266.3
48811.1
49367.7
49879.1
50375.9
50789.8
51171.6
51419.9
51618
51763.8
51797
51726
51572.6
51343.3
51043.6
50677.6
50260.2
49797.5
49303.7
48783.1
48246
47694.4
47131.8
46558.6
45970.6
45367.8
44742.2
44091.5
43415.5
42698.9
41973.5
41192.5
40422.2
39595.3
38798
37945.1
37139.1
36273
35464.6
34577.8
33754.8
32818.9
31951.6
30927.9
29938.9
28809.1
27397.9
26213.6
21508.4
25117.1
26434.3
27484.7
28408.5
29272.6
30145.6
31028.1
31917.7
32831.6
33787.3
34794.6
35856.9
37033.9
38251.5
39693.4
41342.3
42765.6
45947.7
47114.2
53370
11760
12146.2
12473.3
12772.8
13048.8
13313.5
13570.9
13820.7
14067.2
14313.7
14567.7
14818.6
15106
15362.3
15715.5
16029.1
16410.8
16931.7
17462.5
18179.1
9688.4
9887.28
10066.5
10234.8
10387
10525.9
10654.6
10773.1
10883.6
10987.1
11089.8
11181.3
11291.5
11367.7
11504.4
11582
11748.4
11851.7
12172.9
12178.9
9252.01
9369.19
9483.29
9588.7
9681.03
9759.69
9827.34
9883.91
9930.51
9967.78
10000.8
10020.7
10050.8
10050.4
10089.9
10078.4
10138.3
10120
10284.6
10133.8
9342.84
9406.24
9475.75
9538.98
9590.79
9628.76
9655.66
9670.71
9674.6
9668.02
9653.36
9624.09
9599.88
9546.26
9526.34
9452.01
9449.58
9355.15
9430.12
9205.6
9689.21
9716.77
9747.31
9772.72
9787.76
9788.93
9779.63
9757.59
9723.41
9677.98
9624.35
9555.61
9490.44
9393.07
9331.58
9200.78
9155.96
8995.61
9010.21
8731.58
10185
10182.3
10176
10165.3
10145
10111.6
10066.7
10009.3
9939.56
9857.64
9766.71
9659.88
9555.81
9417.49
9318.53
9140.25
9061.9
8844.17
8811.48
8478.67
10778.1
10743.4
10701.4
10654.6
10598.6
10530.2
10449.9
10357.1
10252
10134.2
10006.7
9862.77
9721.17
9543.74
9408.19
9185.21
9075.61
8806.05
8735.71
8347.04
11434.5
11365.4
11287
11203.2
11110.4
11005.9
10889.4
10760.8
10619.8
10465.8
10302
10121.1
9942.58
9726.92
9555.54
9290.25
9151.23
8831.61
8727.99
8286.09
12129.3
12023.5
11907.4
11785.1
11654.2
11512.1
11358.5
11193.1
11015.5
10825.1
10624.7
10407
10191.9
9938.65
9732.11
9426.25
9259.02
8891.87
8757.98
8265.42
12842.4
12697.5
12541.9
12379.6
12209.1
12028.3
11836.5
11633.5
11418.9
11191.5
10954.6
10700.2
10449.1
10159
9918.11
9573.39
9378.81
8966.99
8805.44
8264.97
13555.1
13369.1
13172.4
12968.8
12757.5
12536.8
12306.1
12064.9
11813
11548.7
11275.5
10984.9
10698.6
10372.6
10098.6
9716.98
9495.56
9042.94
8855.96
8271.56
14249.7
14020.9
13781.8
13535.8
13282.9
13021.8
12751.9
12472.4
12183.1
11882.3
11573.5
11247.5
10927.4
10566.9
10261.4
9845.35
9597.64
9108.99
8898.7
8274.95
14908.5
14635.6
14353.3
14064.5
13769.9
13468.3
13159.2
12841.8
12515.9
12179.4
11836.2
11476.4
11124.1
10731.2
10396.4
9948.73
9676.08
9155.71
8924.21
8267.3
15513.1
15195.9
14870.4
14539.1
14203.2
13861.7
13514.1
13159.9
12798.6
12428
12052.3
11660.6
11278.5
10855.8
10494.4
10018.1
9722.05
9175.4
8926.64
8242.24
16044.8
15683.9
15316.1
14943.5
14567.5
14187.6
13803.2
13413.8
13019.1
12616.6
12210.8
11789.7
11380.2
10930.3
10545
10045.9
9730.77
9162.87
8899.4
8194.25
16484.2
16081.3
15673.1
15261.5
14847.6
14431.6
14012.8
13590.2
13163.9
12731.5
12298.1
11851.6
11420.5
10949.4
10545.7
10027.5
9695.82
9111.88
8837.13
8118.72
16811.2
16369.4
15923
15474
15024.4
14574.4
14123.8
13672.7
13221.4
12765.8
12311.4
11844.5
11394.8
10906.1
10487.5
9955.54
9611.38
9017.59
8735.29
8011.72
16996.7
16519.3
16040.6
15562.7
15085.6
14609.7
14134.9
13660.6
13187.4
12711.5
12239.4
11756.3
11293.4
10792.5
10364.3
9824.77
9472.73
8875.89
8589.95
7869.88
17033.4
16530.2
16026
15523.1
15022.3
14524.3
14029.2
13536.4
13046.9
12556.8
12072.9
11579.7
11109.5
10602.9
10170.8
9630.57
9275.74
8683.26
8397.83
7690.38
16897.6
16374.8
15851.8
15331.7
14814.7
14301.8
13793.5
13289.4
12790.6
12293
11804.4
11308
10837.3
10332.2
9902.65
9369.18
9017.03
8436.92
8156.31
7470.98
16565.5
16033.3
15501.2
14973
14449
13930.1
13417.2
12909.9
12409.9
11913
11427.3
10935.7
10472.1
9976.33
9556.25
9037.7
8694.02
8134.78
7863.42
7209.97
16017.8
15488.4
14958.7
14433.6
13913.1
13398.4
12890.7
12389.8
11897.9
11410.6
10936.7
10458.7
10010.5
9532.58
9129.31
8634.27
8305.05
7775.69
7518
6906.36
15238
14725.4
14211.4
13701.9
13197.1
12698.3
12206.8
11723
11249.5
10782
10329.6
9874.66
9450.51
8999.69
8620.83
8158.29
7849.58
7359.45
7119.67
6559.83
14213.8
13733.7
13250.4
12770.5
12294.7
11824.5
11361.5
10906.5
10462.8
10026
9605.25
9183.59
8792.61
8378.25
8031.54
7610.58
7328.41
6887
6669.1
6170.82
12516.1
12102.1
11680.9
11260.4
10842.4
10428.4
10020.4
9620.77
9232.39
8851.93
8487.5
8123.84
7789.05
7435.69
7141.82
6788
6549.17
6184.69
6001.3
5596.54
9733.45
9446.76
9148.68
8844.66
8539.35
8233.71
7931.35
7636.45
7350.57
7071.68
6804.97
6539.94
6297.34
6043.13
5833.6
5584.61
5415.7
5168.04
5036.97
4771.05
6448.53
6325.36
6185.27
6030.2
5871.13
5704.95
5540.84
5381.57
5224.99
5070.88
4920.24
4771.59
4635.26
4496.05
4382.96
4252.79
4166.31
4047.21
3973.82
3863.78
3077.11
3122.54
3135.39
3134.25
3137.71
3109.02
3101.38
3080.22
3053.63
3021.66
2983.8
2951.52
2920.86
2899.39
2883.16
2874.39
2873.9
2877.92
2871.14
2907.59
811.048
869.992
922.862
975.012
1017.79
1061.26
1095.68
1134.91
1164.04
1207.14
1245.97
1305.99
1356.2
1432.83
1493
1585.57
1646.66
1749.95
1788.72
1969.19
96.5204
110.745
122.83
140.693
154.841
175.991
192.41
217.964
236.644
269.422
293.308
339.596
372.871
440.466
487.686
585.637
645.772
789.263
850.842
1116.07
18.0322
19.4659
19.9633
21.8926
22.5581
25.2723
26.208
30.2239
31.6101
37.8147
40.3198
50.6737
55.62
74.4303
84.9346
120.638
143.826
218.408
248.257
462.195
14.5885
14.7083
14.7543
14.9403
15.0202
15.3322
15.4765
15.9834
16.2176
17.0338
17.3578
18.7714
19.2641
21.8353
22.9011
28.019
30.6477
45.1357
45.8322
127.368
17.8994
17.9251
17.9785
18.1615
18.2777
18.657
18.8636
19.4439
19.7412
20.5491
20.9321
22.0102
22.4521
23.9358
24.4297
26.5315
27.1928
31.298
31.2484
46.6416
30.6729
30.3786
30.4407
30.842
31.0519
31.8795
32.2255
33.6601
34.2279
36.395
37.193
40.5238
41.6822
47.0942
48.9192
57.9079
62.2341
75.6469
87.7379
114.573
79.3743
76.6686
74.2679
73.9588
73.667
75.4528
76.2378
81.1593
83.5187
93.4207
98.3859
116.814
126.424
159.229
176.782
231.755
262.26
344.277
395.946
513.178
252.191
244.519
235.834
233.835
237.405
249.311
268.24
296.455
334.422
385.075
449.001
528.293
622.09
729.75
845.788
965.781
1080.39
1180.44
1265.98
1320.21
937.663
908.582
913.91
939.797
993.745
1068.65
1166.25
1276.09
1404.07
1534.74
1670.19
1790.62
1900.36
1976.96
2033.3
2055.58
2058.84
2035.25
2028.87
1939.15
2740.62
2708.83
2718.56
2753.2
2812.73
2874.77
2936.13
2980.81
3018.26
3029.95
3025.5
3001.79
2966.96
2903.7
2850.05
2767.23
2710.39
2613.02
2577.31
2429.89
4886.84
4809.17
4692.87
4584.21
4506.99
4429.1
4352.81
4259.15
4168.47
4052.27
3943.3
3808.67
3695.74
3556.91
3455.77
3327.2
3253.3
3139.23
3105.29
2974.3
6462.15
6371.25
6184.61
5996.47
5834.12
5650.96
5467.34
5260.31
5072.07
4864.63
4691.1
4501.86
4361.62
4205.04
4107.96
3992.88
3945.62
3869.72
3867.33
3840.96
8152.22
8047.6
7773.2
7472.49
7185.25
6876.56
6586.39
6295.55
6052.98
5813.29
5634.93
5459.44
5353.77
5245.08
5208.92
5182.71
5212.84
5251.97
5347.75
5568.09
10899.7
10739.6
10168.8
9588.71
9105.83
8674
8325.51
8023.13
7815.04
7638.01
7556.61
7503.2
7529.56
7578.3
7726.23
7894.97
8167.42
8491.71
8858.92
9782.82
17207.5
16452.7
14982.3
14013.6
13431.1
13040.6
12825.3
12724.2
12796.7
12945.5
13228.6
13552.9
14006.8
14514.3
15174.5
15971.3
16950.9
18168.3
19617.9
22650.9
26164.9
27818.1
29647.2
30848.7
31683.2
32436
33351.3
34275.5
35351.1
36419.7
37790.1
39284
41221.5
43484.4
46292.8
49846.3
53857.8
59822.4
65087.1
76748.1
)
;

boundaryField
{
    inlet
    {
        type            fixedValue;
        value           uniform 14.855;
    }
    outlet
    {
        type            zeroGradient;
    }
    upperWall
    {
        Cmu             0.09;
        kappa           0.41;
        E               9.8;
        type            epsilonWallFunction;
        value           nonuniform List<scalar> 
138
(
69.7481
344.696
496.612
684.016
943.21
1243.84
1623.9
2059.03
2576.28
3155.11
3812.34
4530.14
5316.38
6155.71
7048.9
7983.33
8954.64
9953.26
11109.3
12480.6
13959.1
15544.8
17227.6
19002.5
20853.3
22770.3
24731.7
26724
28720.8
30706.9
32653.5
34546.5
36357
38075.2
39674.2
41151.6
42483.4
43677.2
44711.2
45604.6
46336
46937.9
47384.7
47725.2
47919.3
48034.7
48049
47980.7
47850.2
47662.4
47438.7
47182.6
46914.9
46638
46371.6
46117.2
45892.7
45699.7
45553.5
45457.1
45421.8
45452.6
45555.6
45767.7
46018.4
46332.4
46733.1
47207.1
47715.1
48266.3
48811.1
49367.7
49879.1
50375.9
50789.8
51171.6
51419.9
51618
51763.8
51797
51726
51572.6
51343.3
51043.6
50677.6
50260.2
49797.5
49303.7
48783.1
48246
47694.4
47131.8
46558.6
45970.6
45367.8
44742.2
44091.5
43415.5
42698.9
41973.5
41192.5
40422.2
39595.3
38798
37945.1
37139.1
36273
35464.6
34577.8
33754.8
32818.9
31951.6
30927.9
29938.9
28809.1
27397.9
26213.6
21508.4
26164.9
27818.1
29647.2
30848.7
31683.2
32436
33351.3
34275.5
35351.1
36419.7
37790.1
39284
41221.5
43484.4
46292.8
49846.3
53857.8
59822.4
65087.1
76748.1
)
;
    }
    lowerWall
    {
        Cmu             0.09;
        kappa           0.41;
        E               9.8;
        type            epsilonWallFunction;
        value           nonuniform List<scalar> 
163
(
155.491
153.729
152.97
151.596
150.919
149.665
149.169
148.23
147.982
147.534
147.542
147.785
148.109
148.625
149.377
150.363
151.331
153.768
9.9164
74.0433
101.07
117.678
108.07
143.884
174.503
202.357
228.506
252.899
272.431
286.428
294.578
297.475
296.499
292.72
286.06
277.973
269.798
258.535
235.91
218.216
192.131
238.736
667.251
9.9164
36.4644
36.6139
43.6064
42.2091
45.591
50.9362
57.7025
66.8522
79.4574
95.5639
114.857
138.175
170.158
214.346
273.965
351.825
449.678
568.385
708.16
869.03
1049.95
1251.22
1472.57
1714.31
1976.87
2260.99
2567.57
2897.73
3252.68
3633.73
4042.23
4479.52
4946.91
5445.61
5976.72
6541.17
7139.73
7772.92
8441.02
9144.04
9881.69
10653.4
11458.1
12294.7
13161.4
14056.2
14976.8
15920.3
16883.7
17863.4
18855
19854
20854.7
21850.4
22834.1
23800.2
24755.1
25691.9
26605.3
27491.7
28346.2
29164.1
29940.7
30671.7
31352.9
31980.4
32550.6
33060.5
33507.5
33889.7
34206.2
34456.5
34641
34751.9
34781.2
34747.4
34673.2
34526.1
34307.4
34028.4
33691.1
33299.4
32857
32367.6
31835.1
31264
30658.8
30024.4
29365.5
28687.4
27995
27294.2
26590.3
25909.4
25506.9
25233.4
24898.9
24626.1
23218.6
25117.1
26434.3
27484.7
28408.5
29272.6
30145.6
31028.1
31917.7
32831.6
33787.3
34794.6
35856.9
37033.9
38251.5
39693.4
41342.3
42765.6
45947.7
47114.2
53370
)
;
    }
    frontAndBack
    {
        type            empty;
    }
}


// ************************************************************************* //
