# Forces     
# CofR       : (5.000000e-01 0.000000e+00 0.000000e+00)
# Time       forces(pressure viscous porous)	moments(pressure viscous porous)
1            	((-1.198245e-02 -9.692131e-02 3.796856e-21) (1.223239e-04 -7.592347e-06 2.258355e-21) (0.000000e+00 0.000000e+00 0.000000e+00)) ((-1.376388e-22 1.509536e-21 3.968037e-02) (-4.683635e-23 5.533664e-22 5.936851e-06) (0.000000e+00 0.000000e+00 0.000000e+00))
2            	((-4.320338e-03 -4.434937e-02 1.594878e-21) (1.175388e-04 8.626221e-07 -1.040700e-22) (0.000000e+00 0.000000e+00 0.000000e+00)) ((-7.073350e-23 7.573921e-22 1.749025e-02) (1.852999e-24 -2.176974e-23 2.793935e-06) (0.000000e+00 0.000000e+00 0.000000e+00))
3            	((-1.392447e-03 -2.458660e-02 1.358899e-21) (1.133844e-04 7.194865e-06 -6.119019e-23) (0.000000e+00 0.000000e+00 0.000000e+00)) ((-5.783453e-23 6.221020e-22 9.135155e-03) (1.261446e-24 -1.475128e-23 -1.670687e-07) (0.000000e+00 0.000000e+00 0.000000e+00))
4            	((-9.581819e-04 -2.176758e-02 1.380597e-21) (1.068380e-04 7.798932e-06 2.341417e-23) (0.000000e+00 0.000000e+00 0.000000e+00)) ((-5.613884e-23 6.070342e-22 8.000578e-03) (-5.019184e-25 6.033653e-24 -7.145550e-07) (0.000000e+00 0.000000e+00 0.000000e+00))
5            	((-6.701912e-04 -1.950213e-02 1.284703e-21) (9.980952e-05 6.544560e-06 7.434676e-24) (0.000000e+00 0.000000e+00 0.000000e+00)) ((-5.123805e-23 5.553111e-22 7.170782e-03) (-1.797284e-25 2.114816e-24 -3.852652e-07) (0.000000e+00 0.000000e+00 0.000000e+00))
6            	((-5.652067e-04 -1.822054e-02 1.196149e-21) (9.338056e-05 5.887140e-06 1.754494e-23) (0.000000e+00 0.000000e+00 0.000000e+00)) ((-4.688752e-23 5.092187e-22 6.750495e-03) (-3.787782e-25 4.471958e-24 -3.467280e-07) (0.000000e+00 0.000000e+00 0.000000e+00))
7            	((-6.287670e-04 -1.856361e-02 1.080435e-21) (8.706054e-05 5.507922e-06 4.837589e-23) (0.000000e+00 0.000000e+00 0.000000e+00)) ((-4.405481e-23 4.762147e-22 6.927678e-03) (-1.044672e-24 1.232770e-23 -4.206758e-07) (0.000000e+00 0.000000e+00 0.000000e+00))
8            	((-6.908843e-04 -1.892333e-02 9.980074e-22) (8.069933e-05 4.958514e-06 5.386335e-23) (0.000000e+00 0.000000e+00 0.000000e+00)) ((-4.215105e-23 4.537937e-22 7.097355e-03) (-1.154256e-24 1.362838e-23 -3.779340e-07) (0.000000e+00 0.000000e+00 0.000000e+00))
9            	((-6.733124e-04 -1.859407e-02 9.898895e-22) (7.466793e-05 4.586577e-06 5.274240e-23) (0.000000e+00 0.000000e+00 0.000000e+00)) ((-4.154390e-23 4.475797e-22 6.966593e-03) (-1.103959e-24 1.306779e-23 -3.944774e-07) (0.000000e+00 0.000000e+00 0.000000e+00))
10           	((-5.730093e-04 -1.810704e-02 9.277843e-22) (6.877832e-05 4.367689e-06 6.032876e-23) (0.000000e+00 0.000000e+00 0.000000e+00)) ((-4.057312e-23 4.351119e-22 6.725017e-03) (-1.286573e-24 1.529083e-23 -4.775981e-07) (0.000000e+00 0.000000e+00 0.000000e+00))
11           	((-2.541879e-04 -1.615067e-02 9.312157e-22) (6.132473e-05 4.184253e-06 4.642261e-23) (0.000000e+00 0.000000e+00 0.000000e+00)) ((-3.995760e-23 4.294134e-22 5.874417e-03) (-9.744790e-25 1.172665e-23 -5.965440e-07) (0.000000e+00 0.000000e+00 0.000000e+00))
12           	((-2.278701e-04 -1.558726e-02 9.820092e-22) (5.536840e-05 4.011985e-06 4.949273e-23) (0.000000e+00 0.000000e+00 0.000000e+00)) ((-4.064609e-23 4.386035e-22 5.630230e-03) (-1.028887e-24 1.227213e-23 -6.934355e-07) (0.000000e+00 0.000000e+00 0.000000e+00))
13           	((-1.738174e-04 -1.533506e-02 9.439829e-22) (5.013522e-05 3.840422e-06 5.235129e-23) (0.000000e+00 0.000000e+00 0.000000e+00)) ((-4.019426e-23 4.323305e-22 5.494190e-03) (-1.111639e-24 1.311123e-23 -7.681653e-07) (0.000000e+00 0.000000e+00 0.000000e+00))
14           	((-5.371861e-05 -1.430906e-02 9.605463e-22) (4.477850e-05 3.698532e-06 4.457553e-23) (0.000000e+00 0.000000e+00 0.000000e+00)) ((-4.008760e-23 4.321661e-22 5.055322e-03) (-9.299792e-25 1.116818e-23 -8.480590e-07) (0.000000e+00 0.000000e+00 0.000000e+00))
15           	((2.014444e-04 -1.248476e-02 8.764631e-22) (3.868999e-05 3.498140e-06 3.386956e-23) (0.000000e+00 0.000000e+00 0.000000e+00)) ((-3.769231e-23 4.049679e-22 4.278522e-03) (-7.298091e-25 8.749835e-24 -9.203372e-07) (0.000000e+00 0.000000e+00 0.000000e+00))
16           	((3.756014e-04 -1.133925e-02 8.188370e-22) (3.325753e-05 3.254252e-06 4.302106e-23) (0.000000e+00 0.000000e+00 0.000000e+00)) ((-3.642558e-23 3.899061e-22 3.773624e-03) (-9.118065e-25 1.087960e-23 -9.601544e-07) (0.000000e+00 0.000000e+00 0.000000e+00))
17           	((4.154253e-04 -1.070318e-02 7.925008e-22) (2.890197e-05 3.031377e-06 3.897220e-23) (0.000000e+00 0.000000e+00 0.000000e+00)) ((-3.556862e-23 3.803685e-22 3.510342e-03) (-8.149665e-25 9.673555e-24 -9.765610e-07) (0.000000e+00 0.000000e+00 0.000000e+00))
18           	((4.578598e-04 -1.016802e-02 7.319019e-22) (2.506287e-05 2.771570e-06 4.010896e-23) (0.000000e+00 0.000000e+00 0.000000e+00)) ((-3.425556e-23 3.647111e-22 3.283169e-03) (-8.471080e-25 1.003879e-23 -9.633233e-07) (0.000000e+00 0.000000e+00 0.000000e+00))
19           	((6.121140e-04 -8.970817e-03 6.674320e-22) (2.091199e-05 2.543512e-06 3.750512e-23) (0.000000e+00 0.000000e+00 0.000000e+00)) ((-3.258917e-23 3.454815e-22 2.778401e-03) (-7.883753e-25 9.434542e-24 -9.663393e-07) (0.000000e+00 0.000000e+00 0.000000e+00))
20           	((6.552068e-04 -8.611209e-03 6.287878e-22) (1.787949e-05 2.336688e-06 4.198352e-23) (0.000000e+00 0.000000e+00 0.000000e+00)) ((-3.188462e-23 3.367644e-22 2.619894e-03) (-8.888306e-25 1.057399e-23 -9.529102e-07) (0.000000e+00 0.000000e+00 0.000000e+00))
21           	((7.109986e-04 -7.989433e-03 6.188754e-22) (1.517552e-05 2.124204e-06 3.914381e-23) (0.000000e+00 0.000000e+00 0.000000e+00)) ((-3.141820e-23 3.318012e-22 2.365614e-03) (-8.179227e-25 9.810333e-24 -9.211213e-07) (0.000000e+00 0.000000e+00 0.000000e+00))
22           	((7.810250e-04 -7.339537e-03 5.793609e-22) (1.282793e-05 1.939580e-06 3.882020e-23) (0.000000e+00 0.000000e+00 0.000000e+00)) ((-3.041334e-23 3.201725e-22 2.096206e-03) (-8.258171e-25 9.889632e-24 -8.931774e-07) (0.000000e+00 0.000000e+00 0.000000e+00))
23           	((8.741283e-04 -6.654905e-03 5.394221e-22) (1.088002e-05 1.741939e-06 4.238201e-23) (0.000000e+00 0.000000e+00 0.000000e+00)) ((-2.955874e-23 3.099564e-22 1.803809e-03) (-8.945176e-25 1.073933e-23 -8.471023e-07) (0.000000e+00 0.000000e+00 0.000000e+00))
24           	((9.626609e-04 -6.049636e-03 5.354553e-22) (9.691590e-06 1.593059e-06 4.077451e-23) (0.000000e+00 0.000000e+00 0.000000e+00)) ((-2.935586e-23 3.078153e-22 1.546502e-03) (-8.655569e-25 1.036856e-23 -8.006549e-07) (0.000000e+00 0.000000e+00 0.000000e+00))
25           	((9.782112e-04 -5.911394e-03 5.593843e-22) (9.365726e-06 1.503405e-06 3.945645e-23) (0.000000e+00 0.000000e+00 0.000000e+00)) ((-2.988784e-23 3.141267e-22 1.486029e-03) (-8.295606e-25 9.907579e-24 -7.581076e-07) (0.000000e+00 0.000000e+00 0.000000e+00))
26           	((9.976899e-04 -5.765965e-03 5.554774e-22) (9.202831e-06 1.418404e-06 4.454932e-23) (0.000000e+00 0.000000e+00 0.000000e+00)) ((-2.992203e-23 3.142517e-22 1.419259e-03) (-9.385481e-25 1.120223e-23 -7.092922e-07) (0.000000e+00 0.000000e+00 0.000000e+00))
27           	((1.029535e-03 -5.563486e-03 5.569488e-22) (9.170686e-06 1.347549e-06 4.502801e-23) (0.000000e+00 0.000000e+00 0.000000e+00)) ((-3.001758e-23 3.152396e-22 1.328745e-03) (-9.595925e-25 1.143485e-23 -6.592910e-07) (0.000000e+00 0.000000e+00 0.000000e+00))
28           	((1.066047e-03 -5.384244e-03 5.517208e-22) (9.191245e-06 1.305146e-06 3.981044e-23) (0.000000e+00 0.000000e+00 0.000000e+00)) ((-2.996886e-23 3.145051e-22 1.247351e-03) (-8.406277e-25 1.003993e-23 -6.237078e-07) (0.000000e+00 0.000000e+00 0.000000e+00))
29           	((1.098557e-03 -5.192433e-03 5.556868e-22) (9.346209e-06 1.287700e-06 4.312550e-23) (0.000000e+00 0.000000e+00 0.000000e+00)) ((-2.999861e-23 3.149935e-22 1.164565e-03) (-9.138712e-25 1.093274e-23 -5.964278e-07) (0.000000e+00 0.000000e+00 0.000000e+00))
30           	((1.107616e-03 -5.208950e-03 5.655526e-22) (9.891801e-06 1.255050e-06 4.725415e-23) (0.000000e+00 0.000000e+00 0.000000e+00)) ((-3.027085e-23 3.181007e-22 1.166761e-03) (-9.963541e-25 1.192669e-23 -5.592018e-07) (0.000000e+00 0.000000e+00 0.000000e+00))
31           	((1.113594e-03 -5.182729e-03 5.505119e-22) (1.055042e-05 1.230139e-06 4.272520e-23) (0.000000e+00 0.000000e+00 0.000000e+00)) ((-2.996940e-23 3.144480e-22 1.153306e-03) (-9.000367e-25 1.078078e-23 -5.228906e-07) (0.000000e+00 0.000000e+00 0.000000e+00))
32           	((1.120435e-03 -5.156385e-03 5.370593e-22) (1.121661e-05 1.214520e-06 4.586075e-23) (0.000000e+00 0.000000e+00 0.000000e+00)) ((-2.968343e-23 3.110248e-22 1.140504e-03) (-9.648008e-25 1.157092e-23 -4.904661e-07) (0.000000e+00 0.000000e+00 0.000000e+00))
33           	((1.127838e-03 -5.127095e-03 5.244263e-22) (1.196122e-05 1.202308e-06 4.404926e-23) (0.000000e+00 0.000000e+00 0.000000e+00)) ((-2.939593e-23 3.076293e-22 1.126802e-03) (-9.276994e-25 1.111475e-23 -4.593625e-07) (0.000000e+00 0.000000e+00 0.000000e+00))
34           	((1.135481e-03 -5.104155e-03 5.109223e-22) (1.275649e-05 1.209494e-06 4.689904e-23) (0.000000e+00 0.000000e+00 0.000000e+00)) ((-2.909242e-23 3.040361e-22 1.115559e-03) (-9.807490e-25 1.175834e-23 -4.371632e-07) (0.000000e+00 0.000000e+00 0.000000e+00))
35           	((1.144554e-03 -5.036737e-03 5.017549e-22) (1.352527e-05 1.214397e-06 4.306315e-23) (0.000000e+00 0.000000e+00 0.000000e+00)) ((-2.880447e-23 3.008150e-22 1.087911e-03) (-9.027654e-25 1.081661e-23 -4.140434e-07) (0.000000e+00 0.000000e+00 0.000000e+00))
36           	((1.154354e-03 -5.009967e-03 4.897194e-22) (1.429071e-05 1.226629e-06 4.537125e-23) (0.000000e+00 0.000000e+00 0.000000e+00)) ((-2.852379e-23 2.975154e-22 1.075003e-03) (-9.477475e-25 1.135890e-23 -3.963774e-07) (0.000000e+00 0.000000e+00 0.000000e+00))
37           	((1.157493e-03 -5.017318e-03 4.757609e-22) (1.512456e-05 1.239777e-06 4.670122e-23) (0.000000e+00 0.000000e+00 0.000000e+00)) ((-2.823747e-23 2.940628e-22 1.074462e-03) (-9.751107e-25 1.168630e-23 -3.774270e-07) (0.000000e+00 0.000000e+00 0.000000e+00))
38           	((1.157821e-03 -5.086707e-03 4.734541e-22) (1.599933e-05 1.262659e-06 4.481767e-23) (0.000000e+00 0.000000e+00 0.000000e+00)) ((-2.822936e-23 2.938665e-22 1.099123e-03) (-9.368597e-25 1.121451e-23 -3.619208e-07) (0.000000e+00 0.000000e+00 0.000000e+00))
39           	((1.162121e-03 -5.070778e-03 4.754074e-22) (1.678755e-05 1.293368e-06 4.358082e-23) (0.000000e+00 0.000000e+00 0.000000e+00)) ((-2.819836e-23 2.936712e-22 1.091840e-03) (-9.057582e-25 1.086301e-23 -3.511346e-07) (0.000000e+00 0.000000e+00 0.000000e+00))
40           	((1.157995e-03 -5.171220e-03 4.745090e-22) (1.767068e-05 1.325411e-06 4.471892e-23) (0.000000e+00 0.000000e+00 0.000000e+00)) ((-2.824981e-23 2.941161e-22 1.128396e-03) (-9.330484e-25 1.116956e-23 -3.414689e-07) (0.000000e+00 0.000000e+00 0.000000e+00))
41           	((1.157686e-03 -5.179686e-03 4.784923e-22) (1.846475e-05 1.362272e-06 4.306038e-23) (0.000000e+00 0.000000e+00 0.000000e+00)) ((-2.829419e-23 2.947450e-22 1.130260e-03) (-8.961736e-25 1.074307e-23 -3.338783e-07) (0.000000e+00 0.000000e+00 0.000000e+00))
42           	((1.153578e-03 -5.285267e-03 4.836970e-22) (1.938047e-05 1.406039e-06 4.470683e-23) (0.000000e+00 0.000000e+00 0.000000e+00)) ((-2.848439e-23 2.968289e-22 1.168687e-03) (-9.324893e-25 1.116380e-23 -3.283502e-07) (0.000000e+00 0.000000e+00 0.000000e+00))
43           	((1.153318e-03 -5.296841e-03 4.931717e-22) (2.017564e-05 1.453920e-06 4.302251e-23) (0.000000e+00 0.000000e+00 0.000000e+00)) ((-2.866638e-23 2.990543e-22 1.170971e-03) (-8.962619e-25 1.074307e-23 -3.257335e-07) (0.000000e+00 0.000000e+00 0.000000e+00))
44           	((1.150337e-03 -5.397823e-03 5.040455e-22) (2.110763e-05 1.504468e-06 4.502544e-23) (0.000000e+00 0.000000e+00 0.000000e+00)) ((-2.898083e-23 3.026164e-22 1.207158e-03) (-9.381365e-25 1.123639e-23 -3.225098e-07) (0.000000e+00 0.000000e+00 0.000000e+00))
45           	((1.150240e-03 -5.409568e-03 5.171923e-22) (2.185179e-05 1.566815e-06 4.390891e-23) (0.000000e+00 0.000000e+00 0.000000e+00)) ((-2.927305e-23 3.060835e-22 1.208485e-03) (-9.142133e-25 1.096310e-23 -3.281477e-07) (0.000000e+00 0.000000e+00 0.000000e+00))
46           	((1.153724e-03 -5.456291e-03 5.273264e-22) (2.272474e-05 1.626213e-06 4.469260e-23) (0.000000e+00 0.000000e+00 0.000000e+00)) ((-2.955309e-23 3.092789e-22 1.222492e-03) (-9.318527e-25 1.116876e-23 -3.300534e-07) (0.000000e+00 0.000000e+00 0.000000e+00))
47           	((1.155369e-03 -5.455254e-03 5.474361e-22) (2.342783e-05 1.694896e-06 4.484349e-23) (0.000000e+00 0.000000e+00 0.000000e+00)) ((-3.000234e-23 3.146038e-22 1.218220e-03) (-9.320222e-25 1.118781e-23 -3.396795e-07) (0.000000e+00 0.000000e+00 0.000000e+00))
48           	((1.149437e-03 -5.573822e-03 5.651698e-22) (2.433736e-05 1.759246e-06 4.567708e-23) (0.000000e+00 0.000000e+00 0.000000e+00)) ((-3.050187e-23 3.202862e-22 1.260932e-03) (-9.517353e-25 1.140554e-23 -3.433810e-07) (0.000000e+00 0.000000e+00 0.000000e+00))
49           	((1.148176e-03 -5.588547e-03 5.835258e-22) (2.501390e-05 1.832647e-06 4.527881e-23) (0.000000e+00 0.000000e+00 0.000000e+00)) ((-3.094749e-23 3.254860e-22 1.263084e-03) (-9.426212e-25 1.131326e-23 -3.553541e-07) (0.000000e+00 0.000000e+00 0.000000e+00))
50           	((1.143600e-03 -5.677052e-03 6.039918e-22) (2.587790e-05 1.903300e-06 4.586974e-23) (0.000000e+00 0.000000e+00 0.000000e+00)) ((-3.147551e-23 3.315811e-22 1.294857e-03) (-9.554873e-25 1.145679e-23 -3.621130e-07) (0.000000e+00 0.000000e+00 0.000000e+00))
51           	((1.144976e-03 -5.693050e-03 6.172455e-22) (2.650142e-05 1.971480e-06 4.634540e-23) (0.000000e+00 0.000000e+00 0.000000e+00)) ((-3.187936e-23 3.361192e-22 1.295658e-03) (-9.672461e-25 1.161217e-23 -3.731303e-07) (0.000000e+00 0.000000e+00 0.000000e+00))
52           	((1.145128e-03 -5.738365e-03 6.424563e-22) (2.724440e-05 2.042727e-06 4.643808e-23) (0.000000e+00 0.000000e+00 0.000000e+00)) ((-3.249612e-23 3.433059e-22 1.309617e-03) (-9.672276e-25 1.160427e-23 -3.823734e-07) (0.000000e+00 0.000000e+00 0.000000e+00))
53           	((1.150988e-03 -5.692978e-03 6.653247e-22) (2.785048e-05 2.101817e-06 4.525139e-23) (0.000000e+00 0.000000e+00 0.000000e+00)) ((-3.300416e-23 3.493342e-22 1.288339e-03) (-9.424697e-25 1.131596e-23 -3.880149e-07) (0.000000e+00 0.000000e+00 0.000000e+00))
54           	((1.157910e-03 -5.676678e-03 6.781576e-22) (2.849606e-05 2.158172e-06 4.525158e-23) (0.000000e+00 0.000000e+00 0.000000e+00)) ((-3.334532e-23 3.532522e-22 1.277557e-03) (-9.459108e-25 1.132970e-23 -3.929835e-07) (0.000000e+00 0.000000e+00 0.000000e+00))
55           	((1.158056e-03 -5.679497e-03 7.017530e-22) (2.898087e-05 2.204086e-06 4.760737e-23) (0.000000e+00 0.000000e+00 0.000000e+00)) ((-3.399566e-23 3.606762e-22 1.273603e-03) (-9.915620e-25 1.188221e-23 -3.968964e-07) (0.000000e+00 0.000000e+00 0.000000e+00))
56           	((1.160058e-03 -5.672789e-03 7.183431e-22) (2.961887e-05 2.253847e-06 4.502857e-23) (0.000000e+00 0.000000e+00 0.000000e+00)) ((-3.439980e-23 3.653890e-22 1.268371e-03) (-9.406239e-25 1.124826e-23 -3.973285e-07) (0.000000e+00 0.000000e+00 0.000000e+00))
57           	((1.156833e-03 -5.726754e-03 7.389732e-22) (3.020619e-05 2.309221e-06 4.679058e-23) (0.000000e+00 0.000000e+00 0.000000e+00)) ((-3.496164e-23 3.718155e-22 1.286327e-03) (-9.762584e-25 1.166251e-23 -4.033086e-07) (0.000000e+00 0.000000e+00 0.000000e+00))
58           	((1.163284e-03 -5.610801e-03 7.574192e-22) (3.058293e-05 2.356254e-06 4.557050e-23) (0.000000e+00 0.000000e+00 0.000000e+00)) ((-3.536577e-23 3.766238e-22 1.239066e-03) (-9.503171e-25 1.137482e-23 -4.094349e-07) (0.000000e+00 0.000000e+00 0.000000e+00))
59           	((1.175126e-03 -5.504010e-03 7.700357e-22) (3.104375e-05 2.398978e-06 4.533811e-23) (0.000000e+00 0.000000e+00 0.000000e+00)) ((-3.563745e-23 3.798675e-22 1.193800e-03) (-9.464424e-25 1.132381e-23 -4.119055e-07) (0.000000e+00 0.000000e+00 0.000000e+00))
60           	((1.185438e-03 -5.426194e-03 7.844850e-22) (3.141715e-05 2.443582e-06 4.633217e-23) (0.000000e+00 0.000000e+00 0.000000e+00)) ((-3.601162e-23 3.841839e-22 1.158980e-03) (-9.680104e-25 1.158645e-23 -4.187779e-07) (0.000000e+00 0.000000e+00 0.000000e+00))
61           	((1.192207e-03 -5.359521e-03 7.979485e-22) (3.175974e-05 2.492200e-06 4.679555e-23) (0.000000e+00 0.000000e+00 0.000000e+00)) ((-3.637370e-23 3.883341e-22 1.129648e-03) (-9.768913e-25 1.170167e-23 -4.281099e-07) (0.000000e+00 0.000000e+00 0.000000e+00))
62           	((1.194989e-03 -5.304095e-03 8.096779e-22) (3.210632e-05 2.540440e-06 4.650945e-23) (0.000000e+00 0.000000e+00 0.000000e+00)) ((-3.669311e-23 3.919877e-22 1.106169e-03) (-9.726051e-25 1.165797e-23 -4.370782e-07) (0.000000e+00 0.000000e+00 0.000000e+00))
63           	((1.195268e-03 -5.255871e-03 8.198659e-22) (3.243332e-05 2.594556e-06 4.686426e-23) (0.000000e+00 0.000000e+00 0.000000e+00)) ((-3.697651e-23 3.952180e-22 1.086480e-03) (-9.795429e-25 1.174320e-23 -4.495703e-07) (0.000000e+00 0.000000e+00 0.000000e+00))
64           	((1.195133e-03 -5.206286e-03 8.287650e-22) (3.272693e-05 2.648689e-06 4.662079e-23) (0.000000e+00 0.000000e+00 0.000000e+00)) ((-3.722945e-23 3.980911e-22 1.066738e-03) (-9.757624e-25 1.170196e-23 -4.630929e-07) (0.000000e+00 0.000000e+00 0.000000e+00))
65           	((1.196190e-03 -5.147866e-03 8.367614e-22) (3.298397e-05 2.696438e-06 4.708580e-23) (0.000000e+00 0.000000e+00 0.000000e+00)) ((-3.746065e-23 4.007102e-22 1.043549e-03) (-9.852385e-25 1.182855e-23 -4.744437e-07) (0.000000e+00 0.000000e+00 0.000000e+00))
66           	((1.190524e-03 -5.175889e-03 8.302099e-22) (3.327060e-05 2.742354e-06 4.816221e-23) (0.000000e+00 0.000000e+00 0.000000e+00)) ((-3.751823e-23 4.009221e-22 1.053296e-03) (-1.013212e-24 1.214425e-23 -4.855373e-07) (0.000000e+00 0.000000e+00 0.000000e+00))
67           	((1.189472e-03 -5.130793e-03 8.334645e-22) (3.346001e-05 2.780663e-06 4.706219e-23) (0.000000e+00 0.000000e+00 0.000000e+00)) ((-3.765630e-23 4.024078e-22 1.035867e-03) (-9.879837e-25 1.186489e-23 -4.931920e-07) (0.000000e+00 0.000000e+00 0.000000e+00))
68           	((1.194036e-03 -4.983701e-03 8.421042e-22) (3.357569e-05 2.812685e-06 4.620593e-23) (0.000000e+00 0.000000e+00 0.000000e+00)) ((-3.779754e-23 4.042013e-22 9.811507e-04) (-9.668127e-25 1.163163e-23 -4.998367e-07) (0.000000e+00 0.000000e+00 0.000000e+00))
69           	((1.204762e-03 -4.830521e-03 8.459966e-22) (3.367504e-05 2.839704e-06 4.674611e-23) (0.000000e+00 0.000000e+00 0.000000e+00)) ((-3.786467e-23 4.050428e-22 9.208192e-04) (-9.806559e-25 1.179493e-23 -5.055333e-07) (0.000000e+00 0.000000e+00 0.000000e+00))
70           	((1.216481e-03 -4.678680e-03 8.471909e-22) (3.373204e-05 2.854900e-06 4.675428e-23) (0.000000e+00 0.000000e+00 0.000000e+00)) ((-3.789916e-23 4.054336e-22 8.610218e-04) (-9.818026e-25 1.182374e-23 -5.078831e-07) (0.000000e+00 0.000000e+00 0.000000e+00))
71           	((1.225830e-03 -4.536883e-03 8.456295e-22) (3.375890e-05 2.878935e-06 4.726876e-23) (0.000000e+00 0.000000e+00 0.000000e+00)) ((-3.787856e-23 4.051565e-22 8.061256e-04) (-9.923729e-25 1.195081e-23 -5.149364e-07) (0.000000e+00 0.000000e+00 0.000000e+00))
72           	((1.231600e-03 -4.414136e-03 8.428488e-22) (3.378053e-05 2.900495e-06 4.692136e-23) (0.000000e+00 0.000000e+00 0.000000e+00)) ((-3.783536e-23 4.046008e-22 7.597132e-04) (-9.861442e-25 1.188535e-23 -5.214087e-07) (0.000000e+00 0.000000e+00 0.000000e+00))
73           	((1.234185e-03 -4.308856e-03 8.393745e-22) (3.378163e-05 2.918025e-06 4.753217e-23) (0.000000e+00 0.000000e+00 0.000000e+00)) ((-3.778104e-23 4.039032e-22 7.209751e-04) (-9.985501e-25 1.203081e-23 -5.267338e-07) (0.000000e+00 0.000000e+00 0.000000e+00))
74           	((1.234773e-03 -4.213158e-03 8.351988e-22) (3.377488e-05 2.929140e-06 4.708962e-23) (0.000000e+00 0.000000e+00 0.000000e+00)) ((-3.771193e-23 4.030282e-22 6.866259e-04) (-9.898018e-25 1.193223e-23 -5.295280e-07) (0.000000e+00 0.000000e+00 0.000000e+00))
75           	((1.234611e-03 -4.118704e-03 8.297712e-22) (3.374856e-05 2.946274e-06 4.756617e-23) (0.000000e+00 0.000000e+00 0.000000e+00)) ((-3.761262e-23 4.018005e-22 6.531779e-04) (-9.991583e-25 1.203941e-23 -5.360024e-07) (0.000000e+00 0.000000e+00 0.000000e+00))
76           	((1.235020e-03 -4.018765e-03 8.226980e-22) (3.371146e-05 2.954720e-06 4.717183e-23) (0.000000e+00 0.000000e+00 0.000000e+00)) ((-3.747165e-23 4.000902e-22 6.178332e-04) (-9.910430e-25 1.194722e-23 -5.388587e-07) (0.000000e+00 0.000000e+00 0.000000e+00))
77           	((1.236269e-03 -3.910081e-03 8.137291e-22) (3.364626e-05 2.977334e-06 4.737009e-23) (0.000000e+00 0.000000e+00 0.000000e+00)) ((-3.728178e-23 3.978155e-22 5.792036e-04) (-9.947026e-25 1.197824e-23 -5.499563e-07) (0.000000e+00 0.000000e+00 0.000000e+00))
78           	((1.238625e-03 -3.792962e-03 8.028667e-22) (3.356867e-05 2.993404e-06 4.707518e-23) (0.000000e+00 0.000000e+00 0.000000e+00)) ((-3.704278e-23 3.949743e-22 5.374171e-04) (-9.888522e-25 1.191727e-23 -5.585611e-07) (0.000000e+00 0.000000e+00 0.000000e+00))
79           	((1.241580e-03 -3.670385e-03 7.900733e-22) (3.345265e-05 3.009029e-06 4.712084e-23) (0.000000e+00 0.000000e+00 0.000000e+00)) ((-3.675436e-23 3.915618e-22 4.936768e-04) (-9.886836e-25 1.190677e-23 -5.683153e-07) (0.000000e+00 0.000000e+00 0.000000e+00))
80           	((1.244647e-03 -3.545502e-03 7.750195e-22) (3.332125e-05 3.026716e-06 4.692371e-23) (0.000000e+00 0.000000e+00 0.000000e+00)) ((-3.640969e-23 3.874958e-22 4.492961e-04) (-9.850900e-25 1.185588e-23 -5.800905e-07) (0.000000e+00 0.000000e+00 0.000000e+00))
81           	((1.247447e-03 -3.424359e-03 7.581255e-22) (3.318165e-05 3.024872e-06 4.700994e-23) (0.000000e+00 0.000000e+00 0.000000e+00)) ((-3.602076e-23 3.829124e-22 4.066701e-04) (-9.860784e-25 1.188287e-23 -5.828523e-07) (0.000000e+00 0.000000e+00 0.000000e+00))
82           	((1.249168e-03 -3.310096e-03 7.394013e-22) (3.301266e-05 3.024603e-06 4.676370e-23) (0.000000e+00 0.000000e+00 0.000000e+00)) ((-3.558713e-23 3.778081e-22 3.670756e-04) (-9.810127e-25 1.180699e-23 -5.876865e-07) (0.000000e+00 0.000000e+00 0.000000e+00))
83           	((1.250202e-03 -3.198394e-03 7.178297e-22) (3.284058e-05 3.020741e-06 4.670565e-23) (0.000000e+00 0.000000e+00 0.000000e+00)) ((-3.508273e-23 3.718814e-22 3.288681e-04) (-9.790900e-25 1.177970e-23 -5.913890e-07) (0.000000e+00 0.000000e+00 0.000000e+00))
84           	((1.250979e-03 -3.088000e-03 6.931683e-22) (3.266519e-05 2.995378e-06 4.660330e-23) (0.000000e+00 0.000000e+00 0.000000e+00)) ((-3.450310e-23 3.650775e-22 2.914162e-04) (-9.773876e-25 1.177318e-23 -5.849097e-07) (0.000000e+00 0.000000e+00 0.000000e+00))
85           	((1.250928e-03 -2.982853e-03 6.659565e-22) (3.247242e-05 2.963666e-06 4.650092e-23) (0.000000e+00 0.000000e+00 0.000000e+00)) ((-3.386252e-23 3.575601e-22 2.561187e-04) (-9.744301e-25 1.172367e-23 -5.762186e-07) (0.000000e+00 0.000000e+00 0.000000e+00))
86           	((1.249961e-03 -2.884532e-03 6.360233e-22) (3.228245e-05 2.942080e-06 4.633788e-23) (0.000000e+00 0.000000e+00 0.000000e+00)) ((-3.315613e-23 3.492744e-22 2.235843e-04) (-9.708314e-25 1.167794e-23 -5.734918e-07) (0.000000e+00 0.000000e+00 0.000000e+00))
87           	((1.248754e-03 -2.788591e-03 6.024928e-22) (3.209089e-05 2.908956e-06 4.633988e-23) (0.000000e+00 0.000000e+00 0.000000e+00)) ((-3.235978e-23 3.399446e-22 1.920794e-04) (-9.710059e-25 1.169442e-23 -5.657267e-07) (0.000000e+00 0.000000e+00 0.000000e+00))
88           	((1.246972e-03 -2.695192e-03 5.654278e-22) (3.188305e-05 2.879788e-06 4.606751e-23) (0.000000e+00 0.000000e+00 0.000000e+00)) ((-3.147506e-23 3.295890e-22 1.615783e-04) (-9.653181e-25 1.161177e-23 -5.609934e-07) (0.000000e+00 0.000000e+00 0.000000e+00))
89           	((1.244402e-03 -2.609173e-03 5.254270e-22) (3.167322e-05 2.849216e-06 4.588285e-23) (0.000000e+00 0.000000e+00 0.000000e+00)) ((-3.051755e-23 3.183873e-22 1.338827e-04) (-9.616403e-25 1.156282e-23 -5.562438e-07) (0.000000e+00 0.000000e+00 0.000000e+00))
90           	((1.241570e-03 -2.528327e-03 4.821460e-22) (3.147739e-05 2.797922e-06 4.594902e-23) (0.000000e+00 0.000000e+00 0.000000e+00)) ((-2.947674e-23 3.062213e-22 1.081404e-04) (-9.635309e-25 1.160131e-23 -5.413425e-07) (0.000000e+00 0.000000e+00 0.000000e+00))
91           	((1.237954e-03 -2.452338e-03 4.357821e-22) (3.124916e-05 2.761621e-06 4.570649e-23) (0.000000e+00 0.000000e+00 0.000000e+00)) ((-2.835671e-23 2.931403e-22 8.416100e-05) (-9.589112e-25 1.152910e-23 -5.350862e-07) (0.000000e+00 0.000000e+00 0.000000e+00))
92           	((1.233801e-03 -2.382697e-03 3.870352e-22) (3.102617e-05 2.733915e-06 4.565162e-23) (0.000000e+00 0.000000e+00 0.000000e+00)) ((-2.717422e-23 2.793402e-22 6.246895e-05) (-9.586877e-25 1.152158e-23 -5.334268e-07) (0.000000e+00 0.000000e+00 0.000000e+00))
93           	((1.229440e-03 -2.320846e-03 3.367816e-22) (3.082157e-05 2.689648e-06 4.570955e-23) (0.000000e+00 0.000000e+00 0.000000e+00)) ((-2.595009e-23 2.650650e-22 4.354726e-05) (-9.611221e-25 1.156385e-23 -5.233520e-07) (0.000000e+00 0.000000e+00 0.000000e+00))
94           	((1.224452e-03 -2.267210e-03 2.861997e-22) (3.058603e-05 2.661563e-06 4.544914e-23) (0.000000e+00 0.000000e+00 0.000000e+00)) ((-2.471079e-23 2.506280e-22 2.747997e-05) (-9.567977e-25 1.149791e-23 -5.221716e-07) (0.000000e+00 0.000000e+00 0.000000e+00))
95           	((1.219035e-03 -2.222379e-03 2.364269e-22) (3.035640e-05 2.641489e-06 4.552443e-23) (0.000000e+00 0.000000e+00 0.000000e+00)) ((-2.348410e-23 2.363532e-22 1.441175e-05) (-9.598831e-25 1.152912e-23 -5.248894e-07) (0.000000e+00 0.000000e+00 0.000000e+00))
96           	((1.213603e-03 -2.187535e-03 1.891730e-22) (3.016581e-05 2.600757e-06 4.539806e-23) (0.000000e+00 0.000000e+00 0.000000e+00)) ((-2.230924e-23 2.227028e-22 4.795228e-06) (-9.583124e-25 1.151631e-23 -5.164082e-07) (0.000000e+00 0.000000e+00 0.000000e+00))
97           	((1.207577e-03 -2.163674e-03 1.465370e-22) (2.995547e-05 2.572174e-06 4.521295e-23) (0.000000e+00 0.000000e+00 0.000000e+00)) ((-2.123431e-23 2.102445e-22 -1.046484e-06) (-9.560540e-25 1.149310e-23 -5.139199e-07) (0.000000e+00 0.000000e+00 0.000000e+00))
98           	((1.200885e-03 -2.151940e-03 1.102497e-22) (2.976066e-05 2.558774e-06 4.473010e-23) (0.000000e+00 0.000000e+00 0.000000e+00)) ((-2.030118e-23 1.994669e-22 -2.683774e-06) (-9.473146e-25 1.135811e-23 -5.180960e-07) (0.000000e+00 0.000000e+00 0.000000e+00))
99           	((1.194254e-03 -2.152239e-03 8.229679e-23) (2.962588e-05 2.506772e-06 4.437389e-23) (0.000000e+00 0.000000e+00 0.000000e+00)) ((-1.955536e-23 1.909068e-22 -1.502679e-07) (-9.405677e-25 1.129894e-23 -5.009285e-07) (0.000000e+00 0.000000e+00 0.000000e+00))
100          	((1.187121e-03 -2.164270e-03 6.382140e-23) (2.945717e-05 2.475517e-06 4.393989e-23) (0.000000e+00 0.000000e+00 0.000000e+00)) ((-1.902776e-23 1.849183e-22 6.298339e-06) (-9.316456e-25 1.120010e-23 -4.936680e-07) (0.000000e+00 0.000000e+00 0.000000e+00))
101          	((1.179546e-03 -2.187399e-03 5.601828e-23) (2.931287e-05 2.459776e-06 4.347515e-23) (0.000000e+00 0.000000e+00 0.000000e+00)) ((-1.874717e-23 1.818377e-22 1.642195e-05) (-9.220413e-25 1.107743e-23 -4.926624e-07) (0.000000e+00 0.000000e+00 0.000000e+00))
102          	((1.172347e-03 -2.222447e-03 5.962767e-23) (2.924484e-05 2.419557e-06 4.290457e-23) (0.000000e+00 0.000000e+00 0.000000e+00)) ((-1.873480e-23 1.819057e-22 3.053732e-05) (-9.095588e-25 1.094115e-23 -4.770050e-07) (0.000000e+00 0.000000e+00 0.000000e+00))
103          	((1.163749e-03 -2.275676e-03 7.610076e-23) (2.914650e-05 2.417410e-06 4.255829e-23) (0.000000e+00 0.000000e+00 0.000000e+00)) ((-1.902549e-23 1.855296e-22 5.127593e-05) (-9.013979e-25 1.082634e-23 -4.796167e-07) (0.000000e+00 0.000000e+00 0.000000e+00))
104          	((1.155726e-03 -2.333747e-03 1.024424e-22) (2.906120e-05 2.425093e-06 4.272085e-23) (0.000000e+00 0.000000e+00 0.000000e+00)) ((-1.955844e-23 1.919746e-22 7.306195e-05) (-9.028002e-25 1.088356e-23 -4.855620e-07) (0.000000e+00 0.000000e+00 0.000000e+00))
105          	((1.148807e-03 -2.398380e-03 1.387012e-22) (2.904109e-05 2.397568e-06 4.274216e-23) (0.000000e+00 0.000000e+00 0.000000e+00)) ((-2.033651e-23 2.012707e-22 9.665571e-05) (-9.025708e-25 1.085482e-23 -4.716609e-07) (0.000000e+00 0.000000e+00 0.000000e+00))
106          	((1.141933e-03 -2.471440e-03 1.832002e-22) (2.898006e-05 2.410697e-06 4.320141e-23) (0.000000e+00 0.000000e+00 0.000000e+00)) ((-2.132775e-23 2.130262e-22 1.228559e-04) (-9.104970e-25 1.095125e-23 -4.776626e-07) (0.000000e+00 0.000000e+00 0.000000e+00))
107          	((1.134686e-03 -2.556425e-03 2.341887e-22) (2.893177e-05 2.435885e-06 4.411026e-23) (0.000000e+00 0.000000e+00 0.000000e+00)) ((-2.249894e-23 2.268339e-22 1.531263e-04) (-9.274001e-25 1.118767e-23 -4.884466e-07) (0.000000e+00 0.000000e+00 0.000000e+00))
108          	((1.122421e-03 -2.695959e-03 2.929755e-22) (2.898753e-05 2.435028e-06 4.547876e-23) (0.000000e+00 0.000000e+00 0.000000e+00)) ((-2.390562e-23 2.432916e-22 2.048932e-04) (-9.549696e-25 1.148634e-23 -4.835715e-07) (0.000000e+00 0.000000e+00 0.000000e+00))
109          	((1.114957e-03 -2.797004e-03 3.472745e-22) (2.897126e-05 2.470956e-06 4.577817e-23) (0.000000e+00 0.000000e+00 0.000000e+00)) ((-2.520617e-23 2.585048e-22 2.410975e-04) (-9.609624e-25 1.157506e-23 -4.970770e-07) (0.000000e+00 0.000000e+00 0.000000e+00))
110          	((1.110894e-03 -2.869282e-03 3.999724e-22) (2.892381e-05 2.517240e-06 4.656006e-23) (0.000000e+00 0.000000e+00 0.000000e+00)) ((-2.648500e-23 2.734281e-22 2.655524e-04) (-9.771099e-25 1.175388e-23 -5.162181e-07) (0.000000e+00 0.000000e+00 0.000000e+00))
111          	((1.108239e-03 -2.932734e-03 4.520704e-22) (2.891772e-05 2.527620e-06 4.763237e-23) (0.000000e+00 0.000000e+00 0.000000e+00)) ((-2.777082e-23 2.883873e-22 2.865705e-04) (-9.985534e-25 1.202425e-23 -5.168892e-07) (0.000000e+00 0.000000e+00 0.000000e+00))
112          	((1.106454e-03 -2.982492e-03 5.009907e-22) (2.885226e-05 2.575604e-06 4.838883e-23) (0.000000e+00 0.000000e+00 0.000000e+00)) ((-2.899835e-23 3.026263e-22 3.024363e-04) (-1.013827e-24 1.222638e-23 -5.373329e-07) (0.000000e+00 0.000000e+00 0.000000e+00))
113          	((1.105356e-03 -3.018010e-03 5.446771e-22) (2.878134e-05 2.619158e-06 4.875171e-23) (0.000000e+00 0.000000e+00 0.000000e+00)) ((-3.011697e-23 3.155558e-22 3.130878e-04) (-1.022263e-24 1.228778e-23 -5.556071e-07) (0.000000e+00 0.000000e+00 0.000000e+00))
114          	((1.105642e-03 -3.036886e-03 5.817451e-22) (2.875156e-05 2.616973e-06 4.980620e-23) (0.000000e+00 0.000000e+00 0.000000e+00)) ((-3.109050e-23 3.267593e-22 3.177195e-04) (-1.043539e-24 1.257223e-23 -5.506413e-07) (0.000000e+00 0.000000e+00 0.000000e+00))
115          	((1.106906e-03 -3.036599e-03 6.122826e-22) (2.865399e-05 2.643123e-06 4.987277e-23) (0.000000e+00 0.000000e+00 0.000000e+00)) ((-3.191525e-23 3.362060e-22 3.153698e-04) (-1.045446e-24 1.260429e-23 -5.612754e-07) (0.000000e+00 0.000000e+00 0.000000e+00))
116          	((1.109030e-03 -3.016003e-03 6.357365e-22) (2.854131e-05 2.672086e-06 5.007176e-23) (0.000000e+00 0.000000e+00 0.000000e+00)) ((-3.257436e-23 3.437064e-22 3.056950e-04) (-1.050374e-24 1.263803e-23 -5.741794e-07) (0.000000e+00 0.000000e+00 0.000000e+00))
117          	((1.113573e-03 -2.963538e-03 6.505283e-22) (2.845034e-05 2.666483e-06 5.002706e-23) (0.000000e+00 0.000000e+00 0.000000e+00)) ((-3.302576e-23 3.487777e-22 2.842017e-04) (-1.049256e-24 1.263369e-23 -5.705672e-07) (0.000000e+00 0.000000e+00 0.000000e+00))
118          	((1.118576e-03 -2.893869e-03 6.590987e-22) (2.829492e-05 2.692035e-06 5.001004e-23) (0.000000e+00 0.000000e+00 0.000000e+00)) ((-3.332145e-23 3.520419e-22 2.567576e-04) (-1.049267e-24 1.264999e-23 -5.845310e-07) (0.000000e+00 0.000000e+00 0.000000e+00))
119          	((1.123819e-03 -2.804896e-03 6.608232e-22) (2.811517e-05 2.715287e-06 4.976613e-23) (0.000000e+00 0.000000e+00 0.000000e+00)) ((-3.344597e-23 3.533194e-22 2.226377e-04) (-1.045013e-24 1.257658e-23 -5.985082e-07) (0.000000e+00 0.000000e+00 0.000000e+00))
120          	((1.130180e-03 -2.697839e-03 6.567673e-22) (2.796013e-05 2.696673e-06 4.955457e-23) (0.000000e+00 0.000000e+00 0.000000e+00)) ((-3.342197e-23 3.528812e-22 1.821459e-04) (-1.039716e-24 1.252196e-23 -5.923514e-07) (0.000000e+00 0.000000e+00 0.000000e+00))
121          	((1.140799e-03 -2.529921e-03 6.481664e-22) (2.771362e-05 2.709863e-06 4.879084e-23) (0.000000e+00 0.000000e+00 0.000000e+00)) ((-3.323102e-23 3.506153e-22 1.187876e-04) (-1.022502e-24 1.234766e-23 -6.043215e-07) (0.000000e+00 0.000000e+00 0.000000e+00))
122          	((1.149956e-03 -2.400162e-03 6.305538e-22) (2.748227e-05 2.718989e-06 4.894458e-23) (0.000000e+00 0.000000e+00 0.000000e+00)) ((-3.289167e-23 3.464681e-22 6.934101e-05) (-1.030274e-24 1.236991e-23 -6.156768e-07) (0.000000e+00 0.000000e+00 0.000000e+00))
123          	((1.162811e-03 -2.169429e-03 5.990430e-22) (2.722102e-05 2.696430e-06 4.812821e-23) (0.000000e+00 0.000000e+00 0.000000e+00)) ((-3.214458e-23 3.377126e-22 -1.641274e-05) (-1.008983e-24 1.216962e-23 -6.119484e-07) (0.000000e+00 0.000000e+00 0.000000e+00))
124          	((1.167816e-03 -2.090318e-03 5.756060e-22) (2.700616e-05 2.699602e-06 5.003320e-23) (0.000000e+00 0.000000e+00 0.000000e+00)) ((-3.171152e-23 3.323707e-22 -4.578212e-05) (-1.050669e-24 1.266203e-23 -6.230134e-07) (0.000000e+00 0.000000e+00 0.000000e+00))
125          	((1.170107e-03 -1.974956e-03 5.526582e-22) (2.677491e-05 2.711363e-06 4.873622e-23) (0.000000e+00 0.000000e+00 0.000000e+00)) ((-3.116806e-23 3.260004e-22 -8.569053e-05) (-1.021433e-24 1.229661e-23 -6.371081e-07) (0.000000e+00 0.000000e+00 0.000000e+00))
126          	((1.176320e-03 -1.842127e-03 5.115120e-22) (2.655243e-05 2.683376e-06 4.846479e-23) (0.000000e+00 0.000000e+00 0.000000e+00)) ((-3.025380e-23 3.151524e-22 -1.336175e-04) (-1.018240e-24 1.226079e-23 -6.325723e-07) (0.000000e+00 0.000000e+00 0.000000e+00))
127          	((1.182877e-03 -1.635657e-03 4.528142e-22) (2.626415e-05 2.704167e-06 4.782917e-23) (0.000000e+00 0.000000e+00 0.000000e+00)) ((-2.886258e-23 2.988469e-22 -2.070155e-04) (-1.004733e-24 1.210968e-23 -6.535536e-07) (0.000000e+00 0.000000e+00 0.000000e+00))
128          	((1.186933e-03 -1.513400e-03 4.193088e-22) (2.601839e-05 2.703380e-06 4.869097e-23) (0.000000e+00 0.000000e+00 0.000000e+00)) ((-2.805385e-23 2.894002e-22 -2.497874e-04) (-1.019756e-24 1.230778e-23 -6.656543e-07) (0.000000e+00 0.000000e+00 0.000000e+00))
129          	((1.193544e-03 -1.375702e-03 3.660208e-22) (2.579403e-05 2.663942e-06 4.802997e-23) (0.000000e+00 0.000000e+00 0.000000e+00)) ((-2.681943e-23 2.748704e-22 -2.990657e-04) (-1.010129e-24 1.215480e-23 -6.583710e-07) (0.000000e+00 0.000000e+00 0.000000e+00))
130          	((1.202423e-03 -1.141944e-03 2.967477e-22) (2.546484e-05 2.674236e-06 4.638969e-23) (0.000000e+00 0.000000e+00 0.000000e+00)) ((-2.509521e-23 2.548412e-22 -3.824918e-04) (-9.761840e-25 1.174740e-23 -6.766089e-07) (0.000000e+00 0.000000e+00 0.000000e+00))
131          	((1.200800e-03 -1.098071e-03 2.419204e-22) (2.524019e-05 2.651115e-06 4.953750e-23) (0.000000e+00 0.000000e+00 0.000000e+00)) ((-2.387117e-23 2.403311e-22 -3.952348e-04) (-1.041817e-24 1.256577e-23 -6.798592e-07) (0.000000e+00 0.000000e+00 0.000000e+00))
132          	((1.203075e-03 -9.642068e-04 1.841806e-22) (2.499757e-05 2.599554e-06 4.718383e-23) (0.000000e+00 0.000000e+00 0.000000e+00)) ((-2.242193e-23 2.235212e-22 -4.405094e-04) (-9.926294e-25 1.194748e-23 -6.675003e-07) (0.000000e+00 0.000000e+00 0.000000e+00))
133          	((1.212863e-03 -7.594863e-04 1.198331e-22) (2.463268e-05 2.580556e-06 4.557224e-23) (0.000000e+00 0.000000e+00 0.000000e+00)) ((-2.076547e-23 2.043927e-22 -5.142040e-04) (-9.622782e-25 1.158674e-23 -6.738018e-07) (0.000000e+00 0.000000e+00 0.000000e+00))
134          	((1.215871e-03 -6.365321e-04 5.512950e-23) (2.436649e-05 2.547132e-06 4.692923e-23) (0.000000e+00 0.000000e+00 0.000000e+00)) ((-1.916568e-23 1.857868e-22 -5.565343e-04) (-9.912994e-25 1.196417e-23 -6.720259e-07) (0.000000e+00 0.000000e+00 0.000000e+00))
135          	((1.213211e-03 -5.615034e-04 -8.547222e-24) (2.416277e-05 2.466796e-06 4.695747e-23) (0.000000e+00 0.000000e+00 0.000000e+00)) ((-1.759541e-23 1.675156e-22 -5.795271e-04) (-9.938169e-25 1.194981e-23 -6.452853e-07) (0.000000e+00 0.000000e+00 0.000000e+00))
136          	((1.211643e-03 -4.863537e-04 -6.836187e-23) (2.389078e-05 2.417376e-06 4.663982e-23) (0.000000e+00 0.000000e+00 0.000000e+00)) ((-1.610900e-23 1.502439e-22 -6.034725e-04) (-9.889894e-25 1.190154e-23 -6.347161e-07) (0.000000e+00 0.000000e+00 0.000000e+00))
137          	((1.207920e-03 -4.277819e-04 -1.248482e-22) (2.364673e-05 2.365491e-06 4.641043e-23) (0.000000e+00 0.000000e+00 0.000000e+00)) ((-1.468779e-23 1.337663e-22 -6.209843e-04) (-9.860691e-25 1.187779e-23 -6.214372e-07) (0.000000e+00 0.000000e+00 0.000000e+00))
138          	((1.202754e-03 -3.879206e-04 -1.738762e-22) (2.345918e-05 2.296323e-06 4.572135e-23) (0.000000e+00 0.000000e+00 0.000000e+00)) ((-1.343368e-23 1.192680e-22 -6.315474e-04) (-9.726648e-25 1.169507e-23 -5.984068e-07) (0.000000e+00 0.000000e+00 0.000000e+00))
139          	((1.196611e-03 -3.620705e-04 -2.150691e-22) (2.326137e-05 2.273700e-06 4.494641e-23) (0.000000e+00 0.000000e+00 0.000000e+00)) ((-1.235294e-23 1.068286e-22 -6.370027e-04) (-9.581041e-25 1.152515e-23 -5.978580e-07) (0.000000e+00 0.000000e+00 0.000000e+00))
140          	((1.189860e-03 -3.494615e-04 -2.457077e-22) (2.308784e-05 2.250440e-06 4.418723e-23) (0.000000e+00 0.000000e+00 0.000000e+00)) ((-1.150999e-23 9.720296e-23 -6.377850e-04) (-9.432048e-25 1.135794e-23 -5.954359e-07) (0.000000e+00 0.000000e+00 0.000000e+00))
141          	((1.181737e-03 -3.698277e-04 -2.688397e-22) (2.295304e-05 2.200012e-06 4.371031e-23) (0.000000e+00 0.000000e+00 0.000000e+00)) ((-1.088622e-23 9.005643e-23 -6.269569e-04) (-9.334699e-25 1.120777e-23 -5.782041e-07) (0.000000e+00 0.000000e+00 0.000000e+00))
142          	((1.173741e-03 -3.868810e-04 -2.689306e-22) (2.281240e-05 2.182672e-06 4.228278e-23) (0.000000e+00 0.000000e+00 0.000000e+00)) ((-1.072400e-23 8.850329e-23 -6.170976e-04) (-9.011517e-25 1.084346e-23 -5.759248e-07) (0.000000e+00 0.000000e+00 0.000000e+00))
143          	((1.164818e-03 -4.429956e-04 -2.634235e-22) (2.270710e-05 2.172739e-06 4.192139e-23) (0.000000e+00 0.000000e+00 0.000000e+00)) ((-1.075953e-23 8.912629e-23 -5.936102e-04) (-8.955207e-25 1.076165e-23 -5.758967e-07) (0.000000e+00 0.000000e+00 0.000000e+00))
144          	((1.157154e-03 -4.795090e-04 -2.410356e-22) (2.262619e-05 2.145133e-06 4.147895e-23) (0.000000e+00 0.000000e+00 0.000000e+00)) ((-1.113332e-23 9.384828e-23 -5.774927e-04) (-8.811062e-25 1.060746e-23 -5.649499e-07) (0.000000e+00 0.000000e+00 0.000000e+00))
145          	((1.144291e-03 -6.000921e-04 -2.032928e-22) (2.258369e-05 2.150518e-06 4.154824e-23) (0.000000e+00 0.000000e+00 0.000000e+00)) ((-1.193849e-23 1.034795e-22 -5.299712e-04) (-8.826679e-25 1.061257e-23 -5.696930e-07) (0.000000e+00 0.000000e+00 0.000000e+00))
146          	((1.134882e-03 -6.852696e-04 -1.630215e-22) (2.254512e-05 2.166060e-06 4.160275e-23) (0.000000e+00 0.000000e+00 0.000000e+00)) ((-1.278449e-23 1.136307e-22 -4.963275e-04) (-8.823608e-25 1.063155e-23 -5.773367e-07) (0.000000e+00 0.000000e+00 0.000000e+00))
147          	((1.125336e-03 -7.852767e-04 -1.144416e-22) (2.252906e-05 2.161792e-06 4.213095e-23) (0.000000e+00 0.000000e+00 0.000000e+00)) ((-1.384982e-23 1.263039e-22 -4.576994e-04) (-8.910164e-25 1.070534e-23 -5.743838e-07) (0.000000e+00 0.000000e+00 0.000000e+00))
148          	((1.116056e-03 -8.960069e-04 -6.045386e-23) (2.250528e-05 2.184729e-06 4.319991e-23) (0.000000e+00 0.000000e+00 0.000000e+00)) ((-1.506697e-23 1.407050e-22 -4.154924e-04) (-9.109853e-25 1.099839e-23 -5.845390e-07) (0.000000e+00 0.000000e+00 0.000000e+00))
149          	((1.107513e-03 -1.003691e-03 2.627268e-25) (2.250459e-05 2.197940e-06 4.377515e-23) (0.000000e+00 0.000000e+00 0.000000e+00)) ((-1.643719e-23 1.569140e-22 -3.745430e-04) (-9.217968e-25 1.105602e-23 -5.885172e-07) (0.000000e+00 0.000000e+00 0.000000e+00))
150          	((1.099378e-03 -1.115634e-03 5.618405e-23) (2.251759e-05 2.193682e-06 4.509767e-23) (0.000000e+00 0.000000e+00 0.000000e+00)) ((-1.774274e-23 1.722586e-22 -3.325379e-04) (-9.475236e-25 1.144246e-23 -5.835282e-07) (0.000000e+00 0.000000e+00 0.000000e+00))
151          	((1.091826e-03 -1.228562e-03 1.080351e-22) (2.251318e-05 2.204875e-06 4.576322e-23) (0.000000e+00 0.000000e+00 0.000000e+00)) ((-1.898588e-23 1.867976e-22 -2.904486e-04) (-9.627736e-25 1.152496e-23 -5.862067e-07) (0.000000e+00 0.000000e+00 0.000000e+00))
152          	((1.085143e-03 -1.336397e-03 1.543538e-22) (2.252767e-05 2.218793e-06 4.726861e-23) (0.000000e+00 0.000000e+00 0.000000e+00)) ((-2.012746e-23 2.000820e-22 -2.504935e-04) (-9.913073e-25 1.199204e-23 -5.899357e-07) (0.000000e+00 0.000000e+00 0.000000e+00))
153          	((1.078919e-03 -1.440971e-03 1.913846e-22) (2.255242e-05 2.222873e-06 4.796590e-23) (0.000000e+00 0.000000e+00 0.000000e+00)) ((-2.109112e-23 2.111894e-22 -2.120145e-04) (-1.007535e-24 1.210887e-23 -5.890710e-07) (0.000000e+00 0.000000e+00 0.000000e+00))
154          	((1.073966e-03 -1.524787e-03 2.247647e-22) (2.254707e-05 2.240235e-06 4.850919e-23) (0.000000e+00 0.000000e+00 0.000000e+00)) ((-2.196095e-23 2.212128e-22 -1.811888e-04) (-1.018480e-24 1.222055e-23 -5.952507e-07) (0.000000e+00 0.000000e+00 0.000000e+00))
155          	((1.070662e-03 -1.594692e-03 2.468030e-22) (2.256487e-05 2.246219e-06 4.932658e-23) (0.000000e+00 0.000000e+00 0.000000e+00)) ((-2.259563e-23 2.284071e-22 -1.559773e-04) (-1.035132e-24 1.248838e-23 -5.958509e-07) (0.000000e+00 0.000000e+00 0.000000e+00))
156          	((1.068024e-03 -1.646502e-03 2.625884e-22) (2.255615e-05 2.251574e-06 4.983868e-23) (0.000000e+00 0.000000e+00 0.000000e+00)) ((-2.307750e-23 2.338205e-22 -1.373543e-04) (-1.045572e-24 1.262304e-23 -5.970995e-07) (0.000000e+00 0.000000e+00 0.000000e+00))
157          	((1.067050e-03 -1.674469e-03 2.707492e-22) (2.251556e-05 2.263092e-06 4.938225e-23) (0.000000e+00 0.000000e+00 0.000000e+00)) ((-2.337478e-23 2.370788e-22 -1.277278e-04) (-1.039679e-24 1.239080e-23 -6.023503e-07) (0.000000e+00 0.000000e+00 0.000000e+00))
158          	((1.067418e-03 -1.681195e-03 2.720097e-22) (2.249213e-05 2.261601e-06 5.011156e-23) (0.000000e+00 0.000000e+00 0.000000e+00)) ((-2.349826e-23 2.383224e-22 -1.258046e-04) (-1.050334e-24 1.276203e-23 -6.014766e-07) (0.000000e+00 0.000000e+00 0.000000e+00))
159          	((1.068893e-03 -1.666341e-03 2.659112e-22) (2.244404e-05 2.274588e-06 4.955708e-23) (0.000000e+00 0.000000e+00 0.000000e+00)) ((-2.343800e-23 2.374329e-22 -1.318573e-04) (-1.043296e-24 1.247883e-23 -6.090562e-07) (0.000000e+00 0.000000e+00 0.000000e+00))
160          	((1.070796e-03 -1.639510e-03 2.542739e-22) (2.238448e-05 2.288269e-06 4.978558e-23) (0.000000e+00 0.000000e+00 0.000000e+00)) ((-2.323796e-23 2.349235e-22 -1.420908e-04) (-1.045737e-24 1.261497e-23 -6.175780e-07) (0.000000e+00 0.000000e+00 0.000000e+00))
161          	((1.073182e-03 -1.600196e-03 2.373463e-22) (2.234304e-05 2.286141e-06 4.943981e-23) (0.000000e+00 0.000000e+00 0.000000e+00)) ((-2.290079e-23 2.308325e-22 -1.566067e-04) (-1.041678e-24 1.248711e-23 -6.184081e-07) (0.000000e+00 0.000000e+00 0.000000e+00))
162          	((1.078982e-03 -1.521246e-03 2.129690e-22) (2.225639e-05 2.306396e-06 4.932399e-23) (0.000000e+00 0.000000e+00 0.000000e+00)) ((-2.236886e-23 2.244985e-22 -1.865281e-04) (-1.036994e-24 1.254561e-23 -6.319993e-07) (0.000000e+00 0.000000e+00 0.000000e+00))
163          	((1.083318e-03 -1.459237e-03 1.898835e-22) (2.216608e-05 2.312152e-06 4.921498e-23) (0.000000e+00 0.000000e+00 0.000000e+00)) ((-2.186282e-23 2.184782e-22 -2.097347e-04) (-1.035097e-24 1.247570e-23 -6.388280e-07) (0.000000e+00 0.000000e+00 0.000000e+00))
164          	((1.087121e-03 -1.402347e-03 1.622963e-22) (2.211468e-05 2.305873e-06 4.886501e-23) (0.000000e+00 0.000000e+00 0.000000e+00)) ((-2.125108e-23 2.112169e-22 -2.305623e-04) (-1.031051e-24 1.238967e-23 -6.393463e-07) (0.000000e+00 0.000000e+00 0.000000e+00))
165          	((1.091679e-03 -1.320968e-03 1.290407e-22) (2.200905e-05 2.327433e-06 4.845237e-23) (0.000000e+00 0.000000e+00 0.000000e+00)) ((-2.048574e-23 2.021971e-22 -2.604001e-04) (-1.023287e-24 1.228159e-23 -6.547242e-07) (0.000000e+00 0.000000e+00 0.000000e+00))
166          	((1.093154e-03 -1.281656e-03 1.027588e-22) (2.194027e-05 2.324994e-06 4.874766e-23) (0.000000e+00 0.000000e+00 0.000000e+00)) ((-1.988515e-23 1.951095e-22 -2.737480e-04) (-1.027213e-24 1.239538e-23 -6.579803e-07) (0.000000e+00 0.000000e+00 0.000000e+00))
167          	((1.097494e-03 -1.203422e-03 7.134056e-23) (2.185572e-05 2.305995e-06 4.761455e-23) (0.000000e+00 0.000000e+00 0.000000e+00)) ((-1.913213e-23 1.863022e-22 -3.020011e-04) (-1.006923e-24 1.209249e-23 -6.529233e-07) (0.000000e+00 0.000000e+00 0.000000e+00))
168          	((1.098563e-03 -1.156243e-03 4.444599e-23) (2.176365e-05 2.309563e-06 4.752893e-23) (0.000000e+00 0.000000e+00 0.000000e+00)) ((-1.848418e-23 1.787309e-22 -3.178819e-04) (-1.005398e-24 1.205164e-23 -6.592996e-07) (0.000000e+00 0.000000e+00 0.000000e+00))
169          	((1.104415e-03 -1.063795e-03 1.628086e-23) (2.164092e-05 2.282017e-06 4.686784e-23) (0.000000e+00 0.000000e+00 0.000000e+00)) ((-1.777145e-23 1.704758e-22 -3.519234e-04) (-9.888324e-25 1.199093e-23 -6.506999e-07) (0.000000e+00 0.000000e+00 0.000000e+00))
170          	((1.104655e-03 -1.032451e-03 -6.970446e-24) (2.158475e-05 2.234565e-06 4.703153e-23) (0.000000e+00 0.000000e+00 0.000000e+00)) ((-1.720216e-23 1.638431e-22 -3.618741e-04) (-9.966049e-25 1.193467e-23 -6.310849e-07) (0.000000e+00 0.000000e+00 0.000000e+00))
171          	((1.104806e-03 -9.918945e-04 -2.626255e-23) (2.148045e-05 2.212889e-06 4.644528e-23) (0.000000e+00 0.000000e+00 0.000000e+00)) ((-1.669647e-23 1.580216e-22 -3.753648e-04) (-9.835176e-25 1.178362e-23 -6.245635e-07) (0.000000e+00 0.000000e+00 0.000000e+00))
172          	((1.107846e-03 -9.293936e-04 -4.560571e-23) (2.138990e-05 2.185656e-06 4.614071e-23) (0.000000e+00 0.000000e+00 0.000000e+00)) ((-1.617883e-23 1.520835e-22 -3.980305e-04) (-9.744188e-25 1.181864e-23 -6.154587e-07) (0.000000e+00 0.000000e+00 0.000000e+00))
173          	((1.107062e-03 -9.055689e-04 -5.941106e-23) (2.135092e-05 2.162069e-06 4.600518e-23) (0.000000e+00 0.000000e+00 0.000000e+00)) ((-1.580147e-23 1.477699e-22 -4.055193e-04) (-9.753579e-25 1.169153e-23 -6.072492e-07) (0.000000e+00 0.000000e+00 0.000000e+00))
174          	((1.105723e-03 -8.892523e-04 -7.018225e-23) (2.128063e-05 2.159279e-06 4.591629e-23) (0.000000e+00 0.000000e+00 0.000000e+00)) ((-1.549554e-23 1.442944e-22 -4.104272e-04) (-9.720184e-25 1.168095e-23 -6.095121e-07) (0.000000e+00 0.000000e+00 0.000000e+00))
175          	((1.104229e-03 -8.801819e-04 -7.774044e-23) (2.123933e-05 2.137021e-06 4.581175e-23) (0.000000e+00 0.000000e+00 0.000000e+00)) ((-1.526568e-23 1.417106e-22 -4.127555e-04) (-9.703167e-25 1.165511e-23 -6.014772e-07) (0.000000e+00 0.000000e+00 0.000000e+00))
176          	((1.103404e-03 -8.671837e-04 -8.124383e-23) (2.120384e-05 2.117093e-06 4.565612e-23) (0.000000e+00 0.000000e+00 0.000000e+00)) ((-1.511862e-23 1.401263e-22 -4.167788e-04) (-9.669569e-25 1.161310e-23 -5.939890e-07) (0.000000e+00 0.000000e+00 0.000000e+00))
177          	((1.101625e-03 -8.633528e-04 -8.174024e-23) (2.113675e-05 2.114500e-06 4.546940e-23) (0.000000e+00 0.000000e+00 0.000000e+00)) ((-1.504310e-23 1.393799e-22 -4.174982e-04) (-9.619944e-25 1.157497e-23 -5.953374e-07) (0.000000e+00 0.000000e+00 0.000000e+00))
178          	((1.096925e-03 -8.926273e-04 -7.807670e-23) (2.112597e-05 2.094802e-06 4.584168e-23) (0.000000e+00 0.000000e+00 0.000000e+00)) ((-1.508465e-23 1.399653e-22 -4.052667e-04) (-9.697344e-25 1.166417e-23 -5.871673e-07) (0.000000e+00 0.000000e+00 0.000000e+00))
179          	((1.093033e-03 -9.186363e-04 -7.275467e-23) (2.113034e-05 2.079372e-06 4.565812e-23) (0.000000e+00 0.000000e+00 0.000000e+00)) ((-1.516631e-23 1.410191e-22 -3.945180e-04) (-9.669568e-25 1.159635e-23 -5.803458e-07) (0.000000e+00 0.000000e+00 0.000000e+00))
180          	((1.086689e-03 -9.701621e-04 -6.423001e-23) (2.111819e-05 2.081928e-06 4.607562e-23) (0.000000e+00 0.000000e+00 0.000000e+00)) ((-1.534660e-23 1.431795e-22 -3.740585e-04) (-9.737800e-25 1.171688e-23 -5.823245e-07) (0.000000e+00 0.000000e+00 0.000000e+00))
181          	((1.086123e-03 -9.722919e-04 -5.876793e-23) (2.107520e-05 2.071971e-06 4.561382e-23) (0.000000e+00 0.000000e+00 0.000000e+00)) ((-1.543668e-23 1.443209e-22 -3.736044e-04) (-9.653363e-25 1.159427e-23 -5.782349e-07) (0.000000e+00 0.000000e+00 0.000000e+00))
182          	((1.083098e-03 -1.010024e-03 -4.746381e-23) (2.109920e-05 2.064201e-06 4.628288e-23) (0.000000e+00 0.000000e+00 0.000000e+00)) ((-1.568855e-23 1.473078e-22 -3.595007e-04) (-9.792984e-25 1.173792e-23 -5.743521e-07) (0.000000e+00 0.000000e+00 0.000000e+00))
183          	((1.078066e-03 -1.071006e-03 -3.407766e-23) (2.109389e-05 2.079055e-06 4.661370e-23) (0.000000e+00 0.000000e+00 0.000000e+00)) ((-1.601434e-23 1.511076e-22 -3.366029e-04) (-9.842139e-25 1.184915e-23 -5.818987e-07) (0.000000e+00 0.000000e+00 0.000000e+00))
184          	((1.073957e-03 -1.118131e-03 -2.096084e-23) (2.109535e-05 2.071579e-06 4.641691e-23) (0.000000e+00 0.000000e+00 0.000000e+00)) ((-1.632185e-23 1.547190e-22 -3.188577e-04) (-9.815342e-25 1.176198e-23 -5.772934e-07) (0.000000e+00 0.000000e+00 0.000000e+00))
185          	((1.070749e-03 -1.161122e-03 -6.779245e-24) (2.111547e-05 2.064721e-06 4.662751e-23) (0.000000e+00 0.000000e+00 0.000000e+00)) ((-1.665620e-23 1.586416e-22 -3.028243e-04) (-9.852535e-25 1.183565e-23 -5.726327e-07) (0.000000e+00 0.000000e+00 0.000000e+00))
186          	((1.067832e-03 -1.201499e-03 8.465122e-24) (2.110336e-05 2.087359e-06 4.682582e-23) (0.000000e+00 0.000000e+00 0.000000e+00)) ((-1.702059e-23 1.629056e-22 -2.879765e-04) (-9.875412e-25 1.188385e-23 -5.832245e-07) (0.000000e+00 0.000000e+00 0.000000e+00))
187          	((1.065251e-03 -1.240925e-03 2.382992e-23) (2.111157e-05 2.083588e-06 4.703943e-23) (0.000000e+00 0.000000e+00 0.000000e+00)) ((-1.739486e-23 1.672702e-22 -2.736148e-04) (-9.920811e-25 1.193524e-23 -5.801199e-07) (0.000000e+00 0.000000e+00 0.000000e+00))
188          	((1.063369e-03 -1.278078e-03 3.935370e-23) (2.114911e-05 2.074938e-06 4.721847e-23) (0.000000e+00 0.000000e+00 0.000000e+00)) ((-1.777707e-23 1.717187e-22 -2.601706e-04) (-9.967831e-25 1.197525e-23 -5.739497e-07) (0.000000e+00 0.000000e+00 0.000000e+00))
189          	((1.061708e-03 -1.310806e-03 5.447765e-23) (2.113653e-05 2.098756e-06 4.740492e-23) (0.000000e+00 0.000000e+00 0.000000e+00)) ((-1.815346e-23 1.760911e-22 -2.484959e-04) (-9.985644e-25 1.202100e-23 -5.847346e-07) (0.000000e+00 0.000000e+00 0.000000e+00))
190          	((1.060259e-03 -1.340232e-03 6.863998e-23) (2.114290e-05 2.103404e-06 4.744845e-23) (0.000000e+00 0.000000e+00 0.000000e+00)) ((-1.851161e-23 1.802398e-22 -2.380889e-04) (-1.000958e-24 1.199294e-23 -5.856369e-07) (0.000000e+00 0.000000e+00 0.000000e+00))
191          	((1.060147e-03 -1.353746e-03 8.269930e-23) (2.117742e-05 2.100261e-06 4.766114e-23) (0.000000e+00 0.000000e+00 0.000000e+00)) ((-1.884747e-23 1.841704e-22 -2.334761e-04) (-1.002493e-24 1.212219e-23 -5.819945e-07) (0.000000e+00 0.000000e+00 0.000000e+00))
192          	((1.059823e-03 -1.374821e-03 9.316438e-23) (2.115179e-05 2.120251e-06 4.813268e-23) (0.000000e+00 0.000000e+00 0.000000e+00)) ((-1.914079e-23 1.875097e-22 -2.264481e-04) (-1.012912e-24 1.220312e-23 -5.912021e-07) (0.000000e+00 0.000000e+00 0.000000e+00))
193          	((1.059105e-03 -1.393821e-03 1.027725e-22) (2.115802e-05 2.123081e-06 4.796956e-23) (0.000000e+00 0.000000e+00 0.000000e+00)) ((-1.940306e-23 1.905085e-22 -2.198498e-04) (-1.011930e-24 1.210699e-23 -5.911724e-07) (0.000000e+00 0.000000e+00 0.000000e+00))
194          	((1.059492e-03 -1.399960e-03 1.117185e-22) (2.120677e-05 2.112118e-06 4.820065e-23) (0.000000e+00 0.000000e+00 0.000000e+00)) ((-1.963358e-23 1.931700e-22 -2.178725e-04) (-1.014463e-24 1.223339e-23 -5.838732e-07) (0.000000e+00 0.000000e+00 0.000000e+00))
195          	((1.060560e-03 -1.394535e-03 1.164855e-22) (2.117460e-05 2.138528e-06 4.824588e-23) (0.000000e+00 0.000000e+00 0.000000e+00)) ((-1.977573e-23 1.947726e-22 -2.204210e-04) (-1.015163e-24 1.221269e-23 -5.964968e-07) (0.000000e+00 0.000000e+00 0.000000e+00))
196          	((1.060750e-03 -1.399518e-03 1.185172e-22) (2.116999e-05 2.140212e-06 4.870137e-23) (0.000000e+00 0.000000e+00 0.000000e+00)) ((-1.987048e-23 1.957818e-22 -2.189190e-04) (-1.023561e-24 1.237329e-23 -5.965752e-07) (0.000000e+00 0.000000e+00 0.000000e+00))
197          	((1.062096e-03 -1.389337e-03 1.200189e-22) (2.120346e-05 2.121194e-06 4.840139e-23) (0.000000e+00 0.000000e+00 0.000000e+00)) ((-1.993048e-23 1.964319e-22 -2.229186e-04) (-1.019846e-24 1.225726e-23 -5.860402e-07) (0.000000e+00 0.000000e+00 0.000000e+00))
198          	((1.063809e-03 -1.367449e-03 1.170183e-22) (2.116919e-05 2.142839e-06 4.828931e-23) (0.000000e+00 0.000000e+00 0.000000e+00)) ((-1.988521e-23 1.958451e-22 -2.313544e-04) (-1.016890e-24 1.222064e-23 -5.969180e-07) (0.000000e+00 0.000000e+00 0.000000e+00))
199          	((1.064927e-03 -1.356212e-03 1.118698e-22) (2.116124e-05 2.138196e-06 4.859819e-23) (0.000000e+00 0.000000e+00 0.000000e+00)) ((-1.980497e-23 1.948138e-22 -2.357613e-04) (-1.024055e-24 1.231802e-23 -5.947300e-07) (0.000000e+00 0.000000e+00 0.000000e+00))
200          	((1.066718e-03 -1.332599e-03 1.029355e-22) (2.117173e-05 2.126142e-06 4.860236e-23) (0.000000e+00 0.000000e+00 0.000000e+00)) ((-1.962515e-23 1.926369e-22 -2.445248e-04) (-1.023374e-24 1.235360e-23 -5.885344e-07) (0.000000e+00 0.000000e+00 0.000000e+00))
201          	((1.068492e-03 -1.301250e-03 9.308102e-23) (2.114086e-05 2.137702e-06 4.835632e-23) (0.000000e+00 0.000000e+00 0.000000e+00)) ((-1.941006e-23 1.900757e-22 -2.560884e-04) (-1.019397e-24 1.223958e-23 -5.951868e-07) (0.000000e+00 0.000000e+00 0.000000e+00))
202          	((1.070213e-03 -1.275740e-03 8.291278e-23) (2.112558e-05 2.134289e-06 4.839012e-23) (0.000000e+00 0.000000e+00 0.000000e+00)) ((-1.919078e-23 1.874585e-22 -2.655333e-04) (-1.019790e-24 1.228417e-23 -5.946259e-07) (0.000000e+00 0.000000e+00 0.000000e+00))
203          	((1.071945e-03 -1.243783e-03 6.975181e-23) (2.112864e-05 2.118259e-06 4.826593e-23) (0.000000e+00 0.000000e+00 0.000000e+00)) ((-1.889023e-23 1.839112e-22 -2.770569e-04) (-1.017695e-24 1.226575e-23 -5.871736e-07) (0.000000e+00 0.000000e+00 0.000000e+00))
204          	((1.073618e-03 -1.209198e-03 5.645479e-23) (2.109836e-05 2.126534e-06 4.787895e-23) (0.000000e+00 0.000000e+00 0.000000e+00)) ((-1.857629e-23 1.802291e-22 -2.895438e-04) (-1.010037e-24 1.214689e-23 -5.929300e-07) (0.000000e+00 0.000000e+00 0.000000e+00))
205          	((1.076785e-03 -1.152959e-03 4.109095e-23) (2.105784e-05 2.122515e-06 4.746928e-23) (0.000000e+00 0.000000e+00 0.000000e+00)) ((-1.819017e-23 1.757515e-22 -3.102479e-04) (-1.002361e-24 1.204673e-23 -5.927076e-07) (0.000000e+00 0.000000e+00 0.000000e+00))
206          	((1.078092e-03 -1.129638e-03 2.690451e-23) (2.105574e-05 2.105230e-06 4.792736e-23) (0.000000e+00 0.000000e+00 0.000000e+00)) ((-1.786255e-23 1.718930e-22 -3.185656e-04) (-1.011101e-24 1.218856e-23 -5.857339e-07) (0.000000e+00 0.000000e+00 0.000000e+00))
207          	((1.079033e-03 -1.097306e-03 1.044264e-23) (2.103282e-05 2.108270e-06 4.722583e-23) (0.000000e+00 0.000000e+00 0.000000e+00)) ((-1.746179e-23 1.672190e-22 -3.298977e-04) (-9.994439e-25 1.196747e-23 -5.890997e-07) (0.000000e+00 0.000000e+00 0.000000e+00))
208          	((1.079789e-03 -1.069063e-03 -4.115231e-24) (2.100187e-05 2.103401e-06 4.732613e-23) (0.000000e+00 0.000000e+00 0.000000e+00)) ((-1.710076e-23 1.630224e-22 -3.397236e-04) (-9.995980e-25 1.204152e-23 -5.887279e-07) (0.000000e+00 0.000000e+00 0.000000e+00))
209          	((1.080433e-03 -1.039798e-03 -1.604790e-23) (2.099222e-05 2.079994e-06 4.713633e-23) (0.000000e+00 0.000000e+00 0.000000e+00)) ((-1.678215e-23 1.593660e-22 -3.497276e-04) (-9.944629e-25 1.202522e-23 -5.785883e-07) (0.000000e+00 0.000000e+00 0.000000e+00))
210          	((1.081901e-03 -1.005859e-03 -2.881096e-23) (2.095476e-05 2.081870e-06 4.653948e-23) (0.000000e+00 0.000000e+00 0.000000e+00)) ((-1.644645e-23 1.555037e-22 -3.619626e-04) (-9.864306e-25 1.178623e-23 -5.819560e-07) (0.000000e+00 0.000000e+00 0.000000e+00))
211          	((1.082447e-03 -9.841122e-04 -3.975578e-23) (2.092884e-05 2.080695e-06 4.677361e-23) (0.000000e+00 0.000000e+00 0.000000e+00)) ((-1.615614e-23 1.521684e-22 -3.695426e-04) (-9.888720e-25 1.190863e-23 -5.834002e-07) (0.000000e+00 0.000000e+00 0.000000e+00))
212          	((1.082204e-03 -9.770794e-04 -4.966616e-23) (2.092254e-05 2.058994e-06 4.688435e-23) (0.000000e+00 0.000000e+00 0.000000e+00)) ((-1.590380e-23 1.492489e-22 -3.716194e-04) (-9.911430e-25 1.194103e-23 -5.741318e-07) (0.000000e+00 0.000000e+00 0.000000e+00))
213          	((1.080969e-03 -9.708759e-04 -5.550977e-23) (2.090033e-05 2.057267e-06 4.625625e-23) (0.000000e+00 0.000000e+00 0.000000e+00)) ((-1.572108e-23 1.472036e-22 -3.730708e-04) (-9.801319e-25 1.172988e-23 -5.749551e-07) (0.000000e+00 0.000000e+00 0.000000e+00))
214          	((1.079529e-03 -9.761765e-04 -6.224061e-23) (2.088847e-05 2.058748e-06 4.662919e-23) (0.000000e+00 0.000000e+00 0.000000e+00)) ((-1.554465e-23 1.451726e-22 -3.704848e-04) (-9.866743e-25 1.186897e-23 -5.772036e-07) (0.000000e+00 0.000000e+00 0.000000e+00))
215          	((1.078340e-03 -9.785524e-04 -6.435753e-23) (2.088905e-05 2.039716e-06 4.629870e-23) (0.000000e+00 0.000000e+00 0.000000e+00)) ((-1.545546e-23 1.442121e-22 -3.689399e-04) (-9.796043e-25 1.175451e-23 -5.684768e-07) (0.000000e+00 0.000000e+00 0.000000e+00))
216          	((1.075854e-03 -9.985659e-04 -6.497580e-23) (2.086959e-05 2.040126e-06 4.629626e-23) (0.000000e+00 0.000000e+00 0.000000e+00)) ((-1.542211e-23 1.438618e-22 -3.610358e-04) (-9.814683e-25 1.173984e-23 -5.698857e-07) (0.000000e+00 0.000000e+00 0.000000e+00))
217          	((1.074534e-03 -1.005343e-03 -6.368193e-23) (2.086456e-05 2.041271e-06 4.636040e-23) (0.000000e+00 0.000000e+00 0.000000e+00)) ((-1.541652e-23 1.438752e-22 -3.580649e-04) (-9.794967e-25 1.181404e-23 -5.709879e-07) (0.000000e+00 0.000000e+00 0.000000e+00))
218          	((1.072902e-03 -1.024197e-03 -5.801983e-23) (2.087983e-05 2.030816e-06 4.610547e-23) (0.000000e+00 0.000000e+00 0.000000e+00)) ((-1.551926e-23 1.451477e-22 -3.508018e-04) (-9.761511e-25 1.168254e-23 -5.659396e-07) (0.000000e+00 0.000000e+00 0.000000e+00))
219          	((1.071139e-03 -1.043467e-03 -5.179716e-23) (2.086312e-05 2.033240e-06 4.616437e-23) (0.000000e+00 0.000000e+00 0.000000e+00)) ((-1.564325e-23 1.466521e-22 -3.436265e-04) (-9.772874e-25 1.171151e-23 -5.675432e-07) (0.000000e+00 0.000000e+00 0.000000e+00))
220          	((1.069305e-03 -1.069076e-03 -4.326577e-23) (2.086460e-05 2.040625e-06 4.644636e-23) (0.000000e+00 0.000000e+00 0.000000e+00)) ((-1.582735e-23 1.488491e-22 -3.341235e-04) (-9.811211e-25 1.182412e-23 -5.710607e-07) (0.000000e+00 0.000000e+00 0.000000e+00))
221          	((1.067559e-03 -1.098266e-03 -3.303974e-23) (2.088706e-05 2.031868e-06 4.630723e-23) (0.000000e+00 0.000000e+00 0.000000e+00)) ((-1.605695e-23 1.515678e-22 -3.233373e-04) (-9.794455e-25 1.172855e-23 -5.659350e-07) (0.000000e+00 0.000000e+00 0.000000e+00))
222          	((1.065228e-03 -1.132033e-03 -2.028477e-23) (2.088543e-05 2.042799e-06 4.652656e-23) (0.000000e+00 0.000000e+00 0.000000e+00)) ((-1.635241e-23 1.550456e-22 -3.110780e-04) (-9.837601e-25 1.178827e-23 -5.709001e-07) (0.000000e+00 0.000000e+00 0.000000e+00))
223          	((1.063318e-03 -1.164470e-03 -6.987581e-24) (2.090419e-05 2.055642e-06 4.672619e-23) (0.000000e+00 0.000000e+00 0.000000e+00)) ((-1.666219e-23 1.586880e-22 -2.992241e-04) (-9.858378e-25 1.188304e-23 -5.762699e-07) (0.000000e+00 0.000000e+00 0.000000e+00))
224          	((1.061460e-03 -1.199040e-03 7.673027e-24) (2.091441e-05 2.044426e-06 4.671510e-23) (0.000000e+00 0.000000e+00 0.000000e+00)) ((-1.701039e-23 1.627675e-22 -2.866550e-04) (-9.862971e-25 1.181847e-23 -5.691451e-07) (0.000000e+00 0.000000e+00 0.000000e+00))
225          	((1.058263e-03 -1.248830e-03 2.287179e-23) (2.092421e-05 2.049939e-06 4.706450e-23) (0.000000e+00 0.000000e+00 0.000000e+00)) ((-1.739413e-23 1.672138e-22 -2.683509e-04) (-9.950187e-25 1.188933e-23 -5.705299e-07) (0.000000e+00 0.000000e+00 0.000000e+00))
226          	((1.056475e-03 -1.281993e-03 3.708878e-23) (2.095387e-05 2.062823e-06 4.730838e-23) (0.000000e+00 0.000000e+00 0.000000e+00)) ((-1.774206e-23 1.712678e-22 -2.562705e-04) (-9.967111e-25 1.202368e-23 -5.750941e-07) (0.000000e+00 0.000000e+00 0.000000e+00))
227          	((1.056178e-03 -1.298629e-03 5.104496e-23) (2.098137e-05 2.069104e-06 4.702653e-23) (0.000000e+00 0.000000e+00 0.000000e+00)) ((-1.807128e-23 1.751297e-22 -2.505013e-04) (-9.919259e-25 1.189138e-23 -5.762611e-07) (0.000000e+00 0.000000e+00 0.000000e+00))
228          	((1.055779e-03 -1.322919e-03 6.488297e-23) (2.097021e-05 2.079863e-06 4.765019e-23) (0.000000e+00 0.000000e+00 0.000000e+00)) ((-1.843059e-23 1.792728e-22 -2.424573e-04) (-1.005018e-24 1.203715e-23 -5.806644e-07) (0.000000e+00 0.000000e+00 0.000000e+00))
229          	((1.055686e-03 -1.336744e-03 7.706153e-23) (2.098587e-05 2.088368e-06 4.765167e-23) (0.000000e+00 0.000000e+00 0.000000e+00)) ((-1.873039e-23 1.827622e-22 -2.378850e-04) (-1.003889e-24 1.208758e-23 -5.831349e-07) (0.000000e+00 0.000000e+00 0.000000e+00))
230          	((1.056347e-03 -1.349153e-03 8.815904e-23) (2.100831e-05 2.091476e-06 4.782058e-23) (0.000000e+00 0.000000e+00 0.000000e+00)) ((-1.901969e-23 1.860958e-22 -2.340693e-04) (-1.007862e-24 1.207075e-23 -5.831643e-07) (0.000000e+00 0.000000e+00 0.000000e+00))
231          	((1.056996e-03 -1.355336e-03 9.664660e-23) (2.099673e-05 2.100025e-06 4.813771e-23) (0.000000e+00 0.000000e+00 0.000000e+00)) ((-1.924978e-23 1.887296e-22 -2.325978e-04) (-1.012667e-24 1.219332e-23 -5.863421e-07) (0.000000e+00 0.000000e+00 0.000000e+00))
232          	((1.057155e-03 -1.366351e-03 1.029393e-22) (2.101111e-05 2.102053e-06 4.824740e-23) (0.000000e+00 0.000000e+00 0.000000e+00)) ((-1.943579e-23 1.908295e-22 -2.290935e-04) (-1.017798e-24 1.220767e-23 -5.862131e-07) (0.000000e+00 0.000000e+00 0.000000e+00))
233          	((1.058165e-03 -1.365747e-03 1.078249e-22) (2.103020e-05 2.110966e-06 4.816702e-23) (0.000000e+00 0.000000e+00 0.000000e+00)) ((-1.957715e-23 1.924307e-22 -2.297676e-04) (-1.015312e-24 1.216089e-23 -5.894056e-07) (0.000000e+00 0.000000e+00 0.000000e+00))
234          	((1.058706e-03 -1.366235e-03 1.089486e-22) (2.102184e-05 2.116590e-06 4.849100e-23) (0.000000e+00 0.000000e+00 0.000000e+00)) ((-1.964372e-23 1.931240e-22 -2.300617e-04) (-1.020904e-24 1.228166e-23 -5.916325e-07) (0.000000e+00 0.000000e+00 0.000000e+00))
235          	((1.059628e-03 -1.351933e-03 1.069064e-22) (2.101099e-05 2.110740e-06 4.851495e-23) (0.000000e+00 0.000000e+00 0.000000e+00)) ((-1.962610e-23 1.928506e-22 -2.355721e-04) (-1.022383e-24 1.228664e-23 -5.882993e-07) (0.000000e+00 0.000000e+00 0.000000e+00))
236          	((1.061112e-03 -1.343335e-03 1.053672e-22) (2.102651e-05 2.114548e-06 4.832331e-23) (0.000000e+00 0.000000e+00 0.000000e+00)) ((-1.961963e-23 1.927095e-22 -2.391965e-04) (-1.019360e-24 1.220164e-23 -5.898341e-07) (0.000000e+00 0.000000e+00 0.000000e+00))
237          	((1.063007e-03 -1.321534e-03 9.916322e-23) (2.100595e-05 2.121230e-06 4.845259e-23) (0.000000e+00 0.000000e+00 0.000000e+00)) ((-1.950113e-23 1.912585e-22 -2.476656e-04) (-1.020615e-24 1.227859e-23 -5.934427e-07) (0.000000e+00 0.000000e+00 0.000000e+00))
238          	((1.065067e-03 -1.294041e-03 9.130069e-23) (2.099043e-05 2.118665e-06 4.836310e-23) (0.000000e+00 0.000000e+00 0.000000e+00)) ((-1.933574e-23 1.892746e-22 -2.581692e-04) (-1.020447e-24 1.226056e-23 -5.926556e-07) (0.000000e+00 0.000000e+00 0.000000e+00))
239          	((1.067578e-03 -1.261994e-03 8.145144e-23) (2.098341e-05 2.118645e-06 4.814208e-23) (0.000000e+00 0.000000e+00 0.000000e+00)) ((-1.911937e-23 1.867015e-22 -2.702897e-04) (-1.016687e-24 1.217281e-23 -5.931326e-07) (0.000000e+00 0.000000e+00 0.000000e+00))
240          	((1.070930e-03 -1.212273e-03 7.038338e-23) (2.094364e-05 2.120248e-06 4.798378e-23) (0.000000e+00 0.000000e+00 0.000000e+00)) ((-1.885206e-23 1.835794e-22 -2.889714e-04) (-1.011402e-24 1.216907e-23 -5.952742e-07) (0.000000e+00 0.000000e+00 0.000000e+00))
241          	((1.072119e-03 -1.193731e-03 6.020455e-23) (2.093000e-05 2.109199e-06 4.833376e-23) (0.000000e+00 0.000000e+00 0.000000e+00)) ((-1.863329e-23 1.809665e-22 -2.959593e-04) (-1.020827e-24 1.226292e-23 -5.912063e-07) (0.000000e+00 0.000000e+00 0.000000e+00))
242          	((1.073511e-03 -1.166023e-03 4.740053e-23) (2.092159e-05 2.106474e-06 4.781735e-23) (0.000000e+00 0.000000e+00 0.000000e+00)) ((-1.833577e-23 1.774665e-22 -3.059025e-04) (-1.010844e-24 1.209454e-23 -5.906735e-07) (0.000000e+00 0.000000e+00 0.000000e+00))
243          	((1.075795e-03 -1.118674e-03 3.347115e-23) (2.087957e-05 2.106736e-06 4.750989e-23) (0.000000e+00 0.000000e+00 0.000000e+00)) ((-1.798759e-23 1.734250e-22 -3.231423e-04) (-1.002782e-24 1.206199e-23 -5.924064e-07) (0.000000e+00 0.000000e+00 0.000000e+00))
244          	((1.076774e-03 -1.098652e-03 2.239163e-23) (2.086398e-05 2.097287e-06 4.792028e-23) (0.000000e+00 0.000000e+00 0.000000e+00)) ((-1.773309e-23 1.704246e-22 -3.304817e-04) (-1.013013e-24 1.216774e-23 -5.895945e-07) (0.000000e+00 0.000000e+00 0.000000e+00))
245          	((1.078690e-03 -1.058339e-03 8.903757e-24) (2.084831e-05 2.091601e-06 4.710492e-23) (0.000000e+00 0.000000e+00 0.000000e+00)) ((-1.739013e-23 1.664557e-22 -3.449868e-04) (-9.969426e-25 1.193522e-23 -5.878849e-07) (0.000000e+00 0.000000e+00 0.000000e+00))
246          	((1.079966e-03 -1.029967e-03 -1.903579e-24) (2.081261e-05 2.091435e-06 4.733928e-23) (0.000000e+00 0.000000e+00 0.000000e+00)) ((-1.711954e-23 1.633157e-22 -3.552642e-04) (-9.999350e-25 1.202684e-23 -5.897382e-07) (0.000000e+00 0.000000e+00 0.000000e+00))
247          	((1.080267e-03 -1.013820e-03 -1.163446e-23) (2.079349e-05 2.082070e-06 4.735359e-23) (0.000000e+00 0.000000e+00 0.000000e+00)) ((-1.688242e-23 1.605507e-22 -3.609196e-04) (-1.001932e-24 1.203229e-23 -5.868332e-07) (0.000000e+00 0.000000e+00 0.000000e+00))
248          	((1.080533e-03 -9.957933e-04 -2.066592e-23) (2.078822e-05 2.076383e-06 4.681500e-23) (0.000000e+00 0.000000e+00 0.000000e+00)) ((-1.664612e-23 1.578296e-22 -3.669563e-04) (-9.914038e-25 1.185751e-23 -5.849940e-07) (0.000000e+00 0.000000e+00 0.000000e+00))
249          	((1.080435e-03 -9.796355e-04 -2.813620e-23) (2.076129e-05 2.074735e-06 4.685138e-23) (0.000000e+00 0.000000e+00 0.000000e+00)) ((-1.644336e-23 1.555090e-22 -3.723169e-04) (-9.902823e-25 1.190989e-23 -5.855973e-07) (0.000000e+00 0.000000e+00 0.000000e+00))
250          	((1.080301e-03 -9.656600e-04 -3.379860e-23) (2.074589e-05 2.066326e-06 4.678554e-23) (0.000000e+00 0.000000e+00 0.000000e+00)) ((-1.628270e-23 1.536836e-22 -3.770036e-04) (-9.902707e-25 1.189171e-23 -5.827669e-07) (0.000000e+00 0.000000e+00 0.000000e+00))
251          	((1.080250e-03 -9.544646e-04 -3.738419e-23) (2.074136e-05 2.062491e-06 4.649392e-23) (0.000000e+00 0.000000e+00 0.000000e+00)) ((-1.616611e-23 1.523859e-22 -3.806269e-04) (-9.843259e-25 1.177753e-23 -5.816839e-07) (0.000000e+00 0.000000e+00 0.000000e+00))
252          	((1.079911e-03 -9.497743e-04 -4.029374e-23) (2.072070e-05 2.062620e-06 4.672438e-23) (0.000000e+00 0.000000e+00 0.000000e+00)) ((-1.607660e-23 1.513815e-22 -3.820282e-04) (-9.875367e-25 1.187606e-23 -5.828960e-07) (0.000000e+00 0.000000e+00 0.000000e+00))
253          	((1.079245e-03 -9.472811e-04 -4.064317e-23) (2.071498e-05 2.053441e-06 4.664935e-23) (0.000000e+00 0.000000e+00 0.000000e+00)) ((-1.604017e-23 1.510157e-22 -3.825336e-04) (-9.870897e-25 1.185684e-23 -5.790967e-07) (0.000000e+00 0.000000e+00 0.000000e+00))
254          	((1.078382e-03 -9.521368e-04 -3.898324e-23) (2.071796e-05 2.054706e-06 4.641896e-23) (0.000000e+00 0.000000e+00 0.000000e+00)) ((-1.605391e-23 1.512324e-22 -3.803312e-04) (-9.825337e-25 1.175115e-23 -5.801026e-07) (0.000000e+00 0.000000e+00 0.000000e+00))
255          	((1.077315e-03 -9.593335e-04 -3.703273e-23) (2.070666e-05 2.053163e-06 4.667355e-23) (0.000000e+00 0.000000e+00 0.000000e+00)) ((-1.608132e-23 1.515947e-22 -3.773081e-04) (-9.859641e-25 1.185731e-23 -5.797947e-07) (0.000000e+00 0.000000e+00 0.000000e+00))
256          	((1.075605e-03 -9.734820e-04 -3.309005e-23) (2.070932e-05 2.047729e-06 4.675124e-23) (0.000000e+00 0.000000e+00 0.000000e+00)) ((-1.615872e-23 1.525367e-22 -3.716806e-04) (-9.887980e-25 1.187754e-23 -5.773042e-07) (0.000000e+00 0.000000e+00 0.000000e+00))
257          	((1.074322e-03 -9.877388e-04 -2.864094e-23) (2.071946e-05 2.047060e-06 4.657201e-23) (0.000000e+00 0.000000e+00 0.000000e+00)) ((-1.625083e-23 1.536453e-22 -3.660725e-04) (-9.851997e-25 1.178278e-23 -5.767361e-07) (0.000000e+00 0.000000e+00 0.000000e+00))
258          	((1.072773e-03 -1.004124e-03 -2.287238e-23) (2.071354e-05 2.052338e-06 4.680170e-23) (0.000000e+00 0.000000e+00 0.000000e+00)) ((-1.637607e-23 1.551381e-22 -3.597395e-04) (-9.880517e-25 1.188188e-23 -5.793728e-07) (0.000000e+00 0.000000e+00 0.000000e+00))
259          	((1.071155e-03 -1.022773e-03 -1.663083e-23) (2.072306e-05 2.047219e-06 4.694023e-23) (0.000000e+00 0.000000e+00 0.000000e+00)) ((-1.651792e-23 1.568138e-22 -3.526431e-04) (-9.921262e-25 1.191931e-23 -5.765445e-07) (0.000000e+00 0.000000e+00 0.000000e+00))
260          	((1.069844e-03 -1.041627e-03 -9.743838e-24) (2.073590e-05 2.050742e-06 4.682103e-23) (0.000000e+00 0.000000e+00 0.000000e+00)) ((-1.667720e-23 1.586892e-22 -3.455397e-04) (-9.896443e-25 1.184119e-23 -5.776843e-07) (0.000000e+00 0.000000e+00 0.000000e+00))
261          	((1.068667e-03 -1.058715e-03 -2.991939e-24) (2.073349e-05 2.054678e-06 4.704388e-23) (0.000000e+00 0.000000e+00 0.000000e+00)) ((-1.683594e-23 1.605525e-22 -3.391769e-04) (-9.926150e-25 1.193767e-23 -5.792513e-07) (0.000000e+00 0.000000e+00 0.000000e+00))
262          	((1.067226e-03 -1.078781e-03 4.158990e-24) (2.074383e-05 2.053658e-06 4.725150e-23) (0.000000e+00 0.000000e+00 0.000000e+00)) ((-1.700978e-23 1.625805e-22 -3.317514e-04) (-9.980541e-25 1.199139e-23 -5.782346e-07) (0.000000e+00 0.000000e+00 0.000000e+00))
263          	((1.066360e-03 -1.095295e-03 1.066063e-23) (2.075866e-05 2.056072e-06 4.707772e-23) (0.000000e+00 0.000000e+00 0.000000e+00)) ((-1.716881e-23 1.644336e-22 -3.256672e-04) (-9.946336e-25 1.190075e-23 -5.785748e-07) (0.000000e+00 0.000000e+00 0.000000e+00))
264          	((1.065451e-03 -1.111324e-03 1.729047e-23) (2.075415e-05 2.063407e-06 4.739100e-23) (0.000000e+00 0.000000e+00 0.000000e+00)) ((-1.733460e-23 1.663579e-22 -3.198559e-04) (-9.993072e-25 1.201987e-23 -5.818038e-07) (0.000000e+00 0.000000e+00 0.000000e+00))
265          	((1.064595e-03 -1.125448e-03 2.298835e-23) (2.076418e-05 2.060195e-06 4.745378e-23) (0.000000e+00 0.000000e+00 0.000000e+00)) ((-1.747951e-23 1.680348e-22 -3.147362e-04) (-1.002074e-24 1.203929e-23 -5.795773e-07) (0.000000e+00 0.000000e+00 0.000000e+00))
266          	((1.064170e-03 -1.137112e-03 2.844227e-23) (2.077121e-05 2.068318e-06 4.738201e-23) (0.000000e+00 0.000000e+00 0.000000e+00)) ((-1.762015e-23 1.696584e-22 -3.105845e-04) (-1.000219e-24 1.197923e-23 -5.829411e-07) (0.000000e+00 0.000000e+00 0.000000e+00))
267          	((1.063889e-03 -1.145497e-03 3.277153e-23) (2.077023e-05 2.071862e-06 4.757046e-23) (0.000000e+00 0.000000e+00 0.000000e+00)) ((-1.773469e-23 1.709749e-22 -3.076696e-04) (-1.002979e-24 1.206598e-23 -5.842145e-07) (0.000000e+00 0.000000e+00 0.000000e+00))
268          	((1.063767e-03 -1.150950e-03 3.612018e-23) (2.077330e-05 2.069806e-06 4.767065e-23) (0.000000e+00 0.000000e+00 0.000000e+00)) ((-1.782861e-23 1.720441e-22 -3.059238e-04) (-1.006461e-24 1.209467e-23 -5.828467e-07) (0.000000e+00 0.000000e+00 0.000000e+00))
269          	((1.063789e-03 -1.156146e-03 3.908149e-23) (2.078304e-05 2.072223e-06 4.751678e-23) (0.000000e+00 0.000000e+00 0.000000e+00)) ((-1.791065e-23 1.729797e-22 -3.041413e-04) (-1.003548e-24 1.200592e-23 -5.834179e-07) (0.000000e+00 0.000000e+00 0.000000e+00))
270          	((1.063792e-03 -1.158620e-03 4.071564e-23) (2.077218e-05 2.078776e-06 4.775084e-23) (0.000000e+00 0.000000e+00 0.000000e+00)) ((-1.796478e-23 1.735807e-22 -3.033979e-04) (-1.006795e-24 1.210888e-23 -5.865917e-07) (0.000000e+00 0.000000e+00 0.000000e+00))
271          	((1.064106e-03 -1.155685e-03 4.171718e-23) (2.077127e-05 2.074029e-06 4.777940e-23) (0.000000e+00 0.000000e+00 0.000000e+00)) ((-1.799911e-23 1.739600e-22 -3.046836e-04) (-1.008663e-24 1.212076e-23 -5.840871e-07) (0.000000e+00 0.000000e+00 0.000000e+00))
272          	((1.064701e-03 -1.152199e-03 4.145286e-23) (2.077106e-05 2.079276e-06 4.760936e-23) (0.000000e+00 0.000000e+00 0.000000e+00)) ((-1.800560e-23 1.740083e-22 -3.061897e-04) (-1.005273e-24 1.203956e-23 -5.865338e-07) (0.000000e+00 0.000000e+00 0.000000e+00))
273          	((1.065386e-03 -1.144316e-03 3.987838e-23) (2.075871e-05 2.081552e-06 4.779444e-23) (0.000000e+00 0.000000e+00 0.000000e+00)) ((-1.798058e-23 1.736883e-22 -3.092887e-04) (-1.007859e-24 1.212410e-23 -5.878160e-07) (0.000000e+00 0.000000e+00 0.000000e+00))
274          	((1.065892e-03 -1.136895e-03 3.820968e-23) (2.075529e-05 2.077495e-06 4.784246e-23) (0.000000e+00 0.000000e+00 0.000000e+00)) ((-1.795126e-23 1.733225e-22 -3.121883e-04) (-1.010266e-24 1.214028e-23 -5.860278e-07) (0.000000e+00 0.000000e+00 0.000000e+00))
275          	((1.066829e-03 -1.127042e-03 3.546194e-23) (2.075292e-05 2.077222e-06 4.761966e-23) (0.000000e+00 0.000000e+00 0.000000e+00)) ((-1.789559e-23 1.726494e-22 -3.159725e-04) (-1.006079e-24 1.203742e-23 -5.859985e-07) (0.000000e+00 0.000000e+00 0.000000e+00))
276          	((1.067479e-03 -1.116943e-03 3.280712e-23) (2.073380e-05 2.081650e-06 4.773637e-23) (0.000000e+00 0.000000e+00 0.000000e+00)) ((-1.783800e-23 1.719628e-22 -3.198078e-04) (-1.006885e-24 1.211168e-23 -5.887369e-07) (0.000000e+00 0.000000e+00 0.000000e+00))
277          	((1.068129e-03 -1.104583e-03 2.866127e-23) (2.072613e-05 2.074689e-06 4.773133e-23) (0.000000e+00 0.000000e+00 0.000000e+00)) ((-1.774541e-23 1.708654e-22 -3.244117e-04) (-1.008437e-24 1.211511e-23 -5.857254e-07) (0.000000e+00 0.000000e+00 0.000000e+00))
278          	((1.068954e-03 -1.093096e-03 2.483846e-23) (2.071798e-05 2.078354e-06 4.754550e-23) (0.000000e+00 0.000000e+00 0.000000e+00)) ((-1.765853e-23 1.698390e-22 -3.286905e-04) (-1.004448e-24 1.202763e-23 -5.879770e-07) (0.000000e+00 0.000000e+00 0.000000e+00))
279          	((1.069635e-03 -1.079041e-03 1.981989e-23) (2.070141e-05 2.077624e-06 4.762427e-23) (0.000000e+00 0.000000e+00 0.000000e+00)) ((-1.754153e-23 1.684635e-22 -3.338257e-04) (-1.005003e-24 1.208868e-23 -5.882371e-07) (0.000000e+00 0.000000e+00 0.000000e+00))
280          	((1.070153e-03 -1.066242e-03 1.523508e-23) (2.069129e-05 2.070490e-06 4.763518e-23) (0.000000e+00 0.000000e+00 0.000000e+00)) ((-1.743333e-23 1.671944e-22 -3.385201e-04) (-1.006665e-24 1.209596e-23 -5.854008e-07) (0.000000e+00 0.000000e+00 0.000000e+00))
281          	((1.070933e-03 -1.053068e-03 1.019810e-23) (2.068580e-05 2.068434e-06 4.737969e-23) (0.000000e+00 0.000000e+00 0.000000e+00)) ((-1.731349e-23 1.657908e-22 -3.433087e-04) (-1.001723e-24 1.198455e-23 -5.848512e-07) (0.000000e+00 0.000000e+00 0.000000e+00))
282          	((1.071385e-03 -1.041514e-03 5.926490e-24) (2.066348e-05 2.071305e-06 4.751338e-23) (0.000000e+00 0.000000e+00 0.000000e+00)) ((-1.720969e-23 1.645798e-22 -3.474945e-04) (-1.002909e-24 1.206126e-23 -5.871667e-07) (0.000000e+00 0.000000e+00 0.000000e+00))
283          	((1.071387e-03 -1.034509e-03 1.203591e-24) (2.065830e-05 2.063122e-06 4.757361e-23) (0.000000e+00 0.000000e+00 0.000000e+00)) ((-1.709920e-23 1.632817e-22 -3.498999e-04) (-1.005769e-24 1.208305e-23 -5.837433e-07) (0.000000e+00 0.000000e+00 0.000000e+00))
284          	((1.072323e-03 -1.018448e-03 -2.342874e-24) (2.064325e-05 2.065215e-06 4.714704e-23) (0.000000e+00 0.000000e+00 0.000000e+00)) ((-1.700242e-23 1.621751e-22 -3.557801e-04) (-9.966242e-25 1.193130e-23 -5.854234e-07) (0.000000e+00 0.000000e+00 0.000000e+00))
