/*--------------------------------*- C++ -*----------------------------------*\
| =========                 |                                                 |
| \\      /  F ield         | OpenFOAM: The Open Source CFD Toolbox           |
|  \\    /   O peration     | Version:  5.x                                   |
|   \\  /    A nd           | Web:      www.OpenFOAM.org                      |
|    \\/     M anipulation  |                                                 |
\*---------------------------------------------------------------------------*/
FoamFile
{
    version     2.0;
    format      ascii;
    class       labelList;
    note        "nPoints: 4198 nCells: 1996 nFaces: 8087 nInternalFaces: 3889";
    location    "constant/polyMesh";
    object      neighbour;
}
// * * * * * * * * * * * * * * * * * * * * * * * * * * * * * * * * * * * * * //


3889
(
1
10
2
11
3
12
4
13
5
14
6
15
7
16
8
17
9
18
19
100
11
20
12
21
13
22
14
23
15
24
16
25
17
26
18
27
19
28
29
106
21
30
22
31
23
32
24
33
25
34
26
35
27
36
28
37
29
38
39
112
31
40
32
41
33
42
34
43
35
44
36
45
37
46
38
47
39
48
49
118
41
50
42
51
43
52
44
53
45
54
46
55
47
56
48
57
49
58
59
124
51
60
52
61
53
62
54
63
55
64
56
65
57
66
58
67
59
68
69
130
61
70
62
71
63
72
64
73
65
74
66
75
67
76
68
77
69
78
79
136
71
80
72
81
73
82
74
83
75
84
76
85
77
86
78
87
79
88
89
142
81
90
82
91
83
92
84
93
85
94
86
95
87
96
88
97
89
98
99
148
91
1445
92
1446
93
1447
94
1448
95
1449
96
1450
97
1451
98
1452
99
1453
154
1454
101
106
102
107
103
108
104
109
105
110
111
160
107
112
108
113
109
114
110
115
111
116
117
205
113
118
114
119
115
120
116
121
117
122
123
250
119
124
120
125
121
126
122
127
123
128
129
295
125
130
126
131
127
132
128
133
129
134
135
340
131
136
132
137
133
138
134
139
135
140
141
385
137
142
138
143
139
144
140
145
141
146
147
430
143
148
144
149
145
150
146
151
147
152
153
475
149
154
150
155
151
156
152
157
153
158
159
520
155
1513
156
1514
157
1515
158
1516
159
1517
565
1518
161
205
162
206
163
207
164
208
165
209
166
210
167
211
168
212
169
213
170
214
171
215
172
216
173
217
174
218
175
219
176
220
177
221
178
222
179
223
180
224
181
225
182
226
183
227
184
228
185
229
186
230
187
231
188
232
189
233
190
234
191
235
192
236
193
237
194
238
195
239
196
240
197
241
198
242
199
243
200
244
201
245
202
246
203
247
204
248
249
206
250
207
251
208
252
209
253
210
254
211
255
212
256
213
257
214
258
215
259
216
260
217
261
218
262
219
263
220
264
221
265
222
266
223
267
224
268
225
269
226
270
227
271
228
272
229
273
230
274
231
275
232
276
233
277
234
278
235
279
236
280
237
281
238
282
239
283
240
284
241
285
242
286
243
287
244
288
245
289
246
290
247
291
248
292
249
293
294
251
295
252
296
253
297
254
298
255
299
256
300
257
301
258
302
259
303
260
304
261
305
262
306
263
307
264
308
265
309
266
310
267
311
268
312
269
313
270
314
271
315
272
316
273
317
274
318
275
319
276
320
277
321
278
322
279
323
280
324
281
325
282
326
283
327
284
328
285
329
286
330
287
331
288
332
289
333
290
334
291
335
292
336
293
337
294
338
339
296
340
297
341
298
342
299
343
300
344
301
345
302
346
303
347
304
348
305
349
306
350
307
351
308
352
309
353
310
354
311
355
312
356
313
357
314
358
315
359
316
360
317
361
318
362
319
363
320
364
321
365
322
366
323
367
324
368
325
369
326
370
327
371
328
372
329
373
330
374
331
375
332
376
333
377
334
378
335
379
336
380
337
381
338
382
339
383
384
341
385
342
386
343
387
344
388
345
389
346
390
347
391
348
392
349
393
350
394
351
395
352
396
353
397
354
398
355
399
356
400
357
401
358
402
359
403
360
404
361
405
362
406
363
407
364
408
365
409
366
410
367
411
368
412
369
413
370
414
371
415
372
416
373
417
374
418
375
419
376
420
377
421
378
422
379
423
380
424
381
425
382
426
383
427
384
428
429
386
430
387
431
388
432
389
433
390
434
391
435
392
436
393
437
394
438
395
439
396
440
397
441
398
442
399
443
400
444
401
445
402
446
403
447
404
448
405
449
406
450
407
451
408
452
409
453
410
454
411
455
412
456
413
457
414
458
415
459
416
460
417
461
418
462
419
463
420
464
421
465
422
466
423
467
424
468
425
469
426
470
427
471
428
472
429
473
474
431
475
432
476
433
477
434
478
435
479
436
480
437
481
438
482
439
483
440
484
441
485
442
486
443
487
444
488
445
489
446
490
447
491
448
492
449
493
450
494
451
495
452
496
453
497
454
498
455
499
456
500
457
501
458
502
459
503
460
504
461
505
462
506
463
507
464
508
465
509
466
510
467
511
468
512
469
513
470
514
471
515
472
516
473
517
474
518
519
476
520
477
521
478
522
479
523
480
524
481
525
482
526
483
527
484
528
485
529
486
530
487
531
488
532
489
533
490
534
491
535
492
536
493
537
494
538
495
539
496
540
497
541
498
542
499
543
500
544
501
545
502
546
503
547
504
548
505
549
506
550
507
551
508
552
509
553
510
554
511
555
512
556
513
557
514
558
515
559
516
560
517
561
518
562
519
563
564
521
565
522
566
523
567
524
568
525
569
526
570
527
571
528
572
529
573
530
574
531
575
532
576
533
577
534
578
535
579
536
580
537
581
538
582
539
583
540
584
541
585
542
586
543
587
544
588
545
589
546
590
547
591
548
592
549
593
550
594
551
595
552
596
553
597
554
598
555
599
556
600
557
601
558
602
559
603
560
604
561
605
562
606
563
607
564
608
609
566
610
567
611
568
612
569
613
570
614
571
615
572
616
573
617
574
618
575
619
576
620
577
621
578
622
579
623
580
624
581
625
582
626
583
627
584
628
585
629
586
630
587
631
588
632
589
633
590
634
591
635
592
636
593
637
594
638
595
639
596
640
597
641
598
642
599
643
600
644
601
645
602
646
603
647
604
648
605
649
606
650
607
651
608
652
609
653
654
611
655
1561
612
656
613
657
614
658
615
659
616
660
617
661
618
662
619
663
620
664
621
665
622
666
623
667
624
668
625
669
626
670
627
671
628
672
629
673
630
674
631
675
632
676
633
677
634
678
635
679
636
680
637
681
638
682
639
683
640
684
641
685
642
686
643
687
644
688
645
689
646
690
647
691
648
692
649
693
650
694
651
695
652
696
653
697
654
698
699
656
700
1568
657
701
658
702
659
703
660
704
661
705
662
706
663
707
664
708
665
709
666
710
667
711
668
712
669
713
670
714
671
715
672
716
673
717
674
718
675
719
676
720
677
721
678
722
679
723
680
724
681
725
682
726
683
727
684
728
685
729
686
730
687
731
688
732
689
733
690
734
691
735
692
736
693
737
694
738
695
739
696
740
697
741
698
742
699
743
744
701
745
1575
702
746
703
747
704
748
705
749
706
750
707
751
708
752
709
753
710
754
711
755
712
756
713
757
714
758
715
759
716
760
717
761
718
762
719
763
720
764
721
765
722
766
723
767
724
768
725
769
726
770
727
771
728
772
729
773
730
774
731
775
732
776
733
777
734
778
735
779
736
780
737
781
738
782
739
783
740
784
741
785
742
786
743
787
744
788
789
746
790
1582
747
791
748
792
749
793
750
794
751
795
752
796
753
797
754
798
755
799
756
800
757
801
758
802
759
803
760
804
761
805
762
806
763
807
764
808
765
809
766
810
767
811
768
812
769
813
770
814
771
815
772
816
773
817
774
818
775
819
776
820
777
821
778
822
779
823
780
824
781
825
782
826
783
827
784
828
785
829
786
830
787
831
788
832
789
833
834
791
1589
1632
792
1633
793
1634
794
1635
795
1636
796
1637
797
1638
798
1639
799
1640
800
1641
801
1642
802
1643
803
1644
804
1645
805
1646
806
1647
807
1648
808
1649
809
1650
810
1651
811
1652
812
1653
813
1654
814
1655
815
1656
816
1657
817
1658
818
1659
819
1660
820
1661
821
1662
822
1663
823
1664
824
1665
825
1666
826
1667
827
1668
828
1669
829
1670
830
1671
831
1672
832
1673
833
1674
834
1675
1676
836
880
1290
1916
837
881
1917
838
882
1918
839
883
1919
840
884
1920
841
885
1921
842
886
1922
843
887
1923
844
888
1924
845
889
1925
846
890
1926
847
891
1927
848
892
1928
849
893
1929
850
894
1930
851
895
1931
852
896
1932
853
897
1933
854
898
1934
855
899
1935
856
900
1936
857
901
1937
858
902
1938
859
903
1939
860
904
1940
861
905
1941
862
906
1942
863
907
1943
864
908
1944
865
909
1945
866
910
1946
867
911
1947
868
912
1948
869
913
1949
870
914
1950
871
915
1951
872
916
1952
873
917
1953
874
918
1954
875
919
1955
876
920
1956
877
921
1957
878
922
1958
879
923
1959
924
1960
881
925
1296
882
926
883
927
884
928
885
929
886
930
887
931
888
932
889
933
890
934
891
935
892
936
893
937
894
938
895
939
896
940
897
941
898
942
899
943
900
944
901
945
902
946
903
947
904
948
905
949
906
950
907
951
908
952
909
953
910
954
911
955
912
956
913
957
914
958
915
959
916
960
917
961
918
962
919
963
920
964
921
965
922
966
923
967
924
968
969
926
970
1302
927
971
928
972
929
973
930
974
931
975
932
976
933
977
934
978
935
979
936
980
937
981
938
982
939
983
940
984
941
985
942
986
943
987
944
988
945
989
946
990
947
991
948
992
949
993
950
994
951
995
952
996
953
997
954
998
955
999
956
1000
957
1001
958
1002
959
1003
960
1004
961
1005
962
1006
963
1007
964
1008
965
1009
966
1010
967
1011
968
1012
969
1013
1014
971
1015
1308
972
1016
973
1017
974
1018
975
1019
976
1020
977
1021
978
1022
979
1023
980
1024
981
1025
982
1026
983
1027
984
1028
985
1029
986
1030
987
1031
988
1032
989
1033
990
1034
991
1035
992
1036
993
1037
994
1038
995
1039
996
1040
997
1041
998
1042
999
1043
1000
1044
1001
1045
1002
1046
1003
1047
1004
1048
1005
1049
1006
1050
1007
1051
1008
1052
1009
1053
1010
1054
1011
1055
1012
1056
1013
1057
1014
1058
1059
1016
1060
1314
1017
1061
1018
1062
1019
1063
1020
1064
1021
1065
1022
1066
1023
1067
1024
1068
1025
1069
1026
1070
1027
1071
1028
1072
1029
1073
1030
1074
1031
1075
1032
1076
1033
1077
1034
1078
1035
1079
1036
1080
1037
1081
1038
1082
1039
1083
1040
1084
1041
1085
1042
1086
1043
1087
1044
1088
1045
1089
1046
1090
1047
1091
1048
1092
1049
1093
1050
1094
1051
1095
1052
1096
1053
1097
1054
1098
1055
1099
1056
1100
1057
1101
1058
1102
1059
1103
1104
1061
1105
1320
1062
1106
1063
1107
1064
1108
1065
1109
1066
1110
1067
1111
1068
1112
1069
1113
1070
1114
1071
1115
1072
1116
1073
1117
1074
1118
1075
1119
1076
1120
1077
1121
1078
1122
1079
1123
1080
1124
1081
1125
1082
1126
1083
1127
1084
1128
1085
1129
1086
1130
1087
1131
1088
1132
1089
1133
1090
1134
1091
1135
1092
1136
1093
1137
1094
1138
1095
1139
1096
1140
1097
1141
1098
1142
1099
1143
1100
1144
1101
1145
1102
1146
1103
1147
1104
1148
1149
1106
1150
1326
1107
1151
1108
1152
1109
1153
1110
1154
1111
1155
1112
1156
1113
1157
1114
1158
1115
1159
1116
1160
1117
1161
1118
1162
1119
1163
1120
1164
1121
1165
1122
1166
1123
1167
1124
1168
1125
1169
1126
1170
1127
1171
1128
1172
1129
1173
1130
1174
1131
1175
1132
1176
1133
1177
1134
1178
1135
1179
1136
1180
1137
1181
1138
1182
1139
1183
1140
1184
1141
1185
1142
1186
1143
1187
1144
1188
1145
1189
1146
1190
1147
1191
1148
1192
1149
1193
1194
1151
1195
1332
1152
1196
1153
1197
1154
1198
1155
1199
1156
1200
1157
1201
1158
1202
1159
1203
1160
1204
1161
1205
1162
1206
1163
1207
1164
1208
1165
1209
1166
1210
1167
1211
1168
1212
1169
1213
1170
1214
1171
1215
1172
1216
1173
1217
1174
1218
1175
1219
1176
1220
1177
1221
1178
1222
1179
1223
1180
1224
1181
1225
1182
1226
1183
1227
1184
1228
1185
1229
1186
1230
1187
1231
1188
1232
1189
1233
1190
1234
1191
1235
1192
1236
1193
1237
1194
1238
1239
1196
1240
1338
1197
1241
1198
1242
1199
1243
1200
1244
1201
1245
1202
1246
1203
1247
1204
1248
1205
1249
1206
1250
1207
1251
1208
1252
1209
1253
1210
1254
1211
1255
1212
1256
1213
1257
1214
1258
1215
1259
1216
1260
1217
1261
1218
1262
1219
1263
1220
1264
1221
1265
1222
1266
1223
1267
1224
1268
1225
1269
1226
1270
1227
1271
1228
1272
1229
1273
1230
1274
1231
1275
1232
1276
1233
1277
1234
1278
1235
1279
1236
1280
1237
1281
1238
1282
1239
1283
1284
1241
1344
1242
1243
1244
1245
1246
1247
1248
1249
1250
1251
1252
1253
1254
1255
1256
1257
1258
1259
1260
1261
1262
1263
1264
1265
1266
1267
1268
1269
1270
1271
1272
1273
1274
1275
1276
1277
1278
1279
1280
1281
1282
1283
1284
1286
1291
1354
1626
1287
1292
1627
1288
1293
1628
1289
1294
1629
1290
1295
1630
1296
1631
1292
1297
1364
1293
1298
1294
1299
1295
1300
1296
1301
1302
1298
1303
1374
1299
1304
1300
1305
1301
1306
1302
1307
1308
1304
1309
1384
1305
1310
1306
1311
1307
1312
1308
1313
1314
1310
1315
1394
1311
1316
1312
1317
1313
1318
1314
1319
1320
1316
1321
1404
1317
1322
1318
1323
1319
1324
1320
1325
1326
1322
1327
1414
1323
1328
1324
1329
1325
1330
1326
1331
1332
1328
1333
1424
1329
1334
1330
1335
1331
1336
1332
1337
1338
1334
1339
1434
1335
1340
1336
1341
1337
1342
1338
1343
1344
1340
1444
1341
1342
1343
1344
1346
1355
1475
1347
1356
1476
1348
1357
1477
1349
1358
1478
1350
1359
1479
1351
1360
1480
1352
1361
1481
1353
1362
1482
1354
1363
1483
1364
1484
1356
1365
1357
1366
1358
1367
1359
1368
1360
1369
1361
1370
1362
1371
1363
1372
1364
1373
1374
1366
1375
1367
1376
1368
1377
1369
1378
1370
1379
1371
1380
1372
1381
1373
1382
1374
1383
1384
1376
1385
1377
1386
1378
1387
1379
1388
1380
1389
1381
1390
1382
1391
1383
1392
1384
1393
1394
1386
1395
1387
1396
1388
1397
1389
1398
1390
1399
1391
1400
1392
1401
1393
1402
1394
1403
1404
1396
1405
1397
1406
1398
1407
1399
1408
1400
1409
1401
1410
1402
1411
1403
1412
1404
1413
1414
1406
1415
1407
1416
1408
1417
1409
1418
1410
1419
1411
1420
1412
1421
1413
1422
1414
1423
1424
1416
1425
1417
1426
1418
1427
1419
1428
1420
1429
1421
1430
1422
1431
1423
1432
1424
1433
1434
1426
1435
1427
1436
1428
1437
1429
1438
1430
1439
1431
1440
1432
1441
1433
1442
1434
1443
1444
1436
1437
1438
1439
1440
1441
1442
1443
1444
1446
1455
1447
1456
1448
1457
1449
1458
1450
1459
1451
1460
1452
1461
1453
1462
1454
1463
1464
1485
1456
1465
1457
1466
1458
1467
1459
1468
1460
1469
1461
1470
1462
1471
1463
1472
1464
1473
1474
1492
1466
1475
1467
1476
1468
1477
1469
1478
1470
1479
1471
1480
1472
1481
1473
1482
1474
1483
1484
1499
1476
1477
1478
1479
1480
1481
1482
1483
1484
1506
1486
1492
1513
1487
1493
1519
1488
1494
1525
1489
1495
1531
1490
1496
1537
1491
1497
1543
1498
1549
1493
1499
1494
1500
1495
1501
1496
1502
1497
1503
1498
1504
1505
1500
1506
1501
1507
1502
1508
1503
1509
1504
1510
1505
1511
1512
1507
1626
1508
1620
1509
1614
1510
1608
1511
1602
1512
1596
1590
1514
1519
1515
1520
1516
1521
1517
1522
1518
1523
1524
1561
1520
1525
1521
1526
1522
1527
1523
1528
1524
1529
1530
1560
1526
1531
1527
1532
1528
1533
1529
1534
1530
1535
1536
1559
1532
1537
1533
1538
1534
1539
1535
1540
1536
1541
1542
1558
1538
1543
1539
1544
1540
1545
1541
1546
1542
1547
1548
1557
1544
1549
1545
1550
1546
1551
1547
1552
1548
1553
1554
1556
1550
1551
1552
1553
1554
1555
1556
1562
1557
1563
1558
1564
1559
1565
1560
1566
1561
1567
1568
1563
1569
1564
1570
1565
1571
1566
1572
1567
1573
1568
1574
1575
1570
1576
1571
1577
1572
1578
1573
1579
1574
1580
1575
1581
1582
1577
1583
1578
1584
1579
1585
1580
1586
1581
1587
1582
1588
1589
1584
1722
1585
1723
1586
1724
1587
1725
1588
1726
1589
1727
1728
1591
1596
1592
1597
1593
1598
1594
1599
1595
1600
1601
1989
1597
1602
1598
1603
1599
1604
1600
1605
1601
1606
1607
1990
1603
1608
1604
1609
1605
1610
1606
1611
1607
1612
1613
1991
1609
1614
1610
1615
1611
1616
1612
1617
1613
1618
1619
1992
1615
1620
1616
1621
1617
1622
1618
1623
1619
1624
1625
1993
1621
1626
1622
1627
1623
1628
1624
1629
1625
1630
1631
1994
1627
1628
1629
1630
1631
1995
1633
1677
1728
1634
1678
1635
1679
1636
1680
1637
1681
1638
1682
1639
1683
1640
1684
1641
1685
1642
1686
1643
1687
1644
1688
1645
1689
1646
1690
1647
1691
1648
1692
1649
1693
1650
1694
1651
1695
1652
1696
1653
1697
1654
1698
1655
1699
1656
1700
1657
1701
1658
1702
1659
1703
1660
1704
1661
1705
1662
1706
1663
1707
1664
1708
1665
1709
1666
1710
1667
1711
1668
1712
1669
1713
1670
1714
1671
1715
1672
1716
1673
1717
1674
1718
1675
1719
1676
1720
1721
1678
1735
1736
1679
1737
1680
1738
1681
1739
1682
1740
1683
1741
1684
1742
1685
1743
1686
1744
1687
1745
1688
1746
1689
1747
1690
1748
1691
1749
1692
1750
1693
1751
1694
1752
1695
1753
1696
1754
1697
1755
1698
1756
1699
1757
1700
1758
1701
1759
1702
1760
1703
1761
1704
1762
1705
1763
1706
1764
1707
1765
1708
1766
1709
1767
1710
1768
1711
1769
1712
1770
1713
1771
1714
1772
1715
1773
1716
1774
1717
1775
1718
1776
1719
1777
1720
1778
1721
1779
1780
1723
1729
1724
1730
1725
1731
1726
1732
1727
1733
1728
1734
1735
1730
1961
1731
1962
1732
1963
1733
1964
1734
1965
1735
1966
1967
1737
1781
1967
1738
1782
1739
1783
1740
1784
1741
1785
1742
1786
1743
1787
1744
1788
1745
1789
1746
1790
1747
1791
1748
1792
1749
1793
1750
1794
1751
1795
1752
1796
1753
1797
1754
1798
1755
1799
1756
1800
1757
1801
1758
1802
1759
1803
1760
1804
1761
1805
1762
1806
1763
1807
1764
1808
1765
1809
1766
1810
1767
1811
1768
1812
1769
1813
1770
1814
1771
1815
1772
1816
1773
1817
1774
1818
1775
1819
1776
1820
1777
1821
1778
1822
1779
1823
1780
1824
1825
1782
1826
1974
1783
1827
1784
1828
1785
1829
1786
1830
1787
1831
1788
1832
1789
1833
1790
1834
1791
1835
1792
1836
1793
1837
1794
1838
1795
1839
1796
1840
1797
1841
1798
1842
1799
1843
1800
1844
1801
1845
1802
1846
1803
1847
1804
1848
1805
1849
1806
1850
1807
1851
1808
1852
1809
1853
1810
1854
1811
1855
1812
1856
1813
1857
1814
1858
1815
1859
1816
1860
1817
1861
1818
1862
1819
1863
1820
1864
1821
1865
1822
1866
1823
1867
1824
1868
1825
1869
1870
1827
1871
1981
1828
1872
1829
1873
1830
1874
1831
1875
1832
1876
1833
1877
1834
1878
1835
1879
1836
1880
1837
1881
1838
1882
1839
1883
1840
1884
1841
1885
1842
1886
1843
1887
1844
1888
1845
1889
1846
1890
1847
1891
1848
1892
1849
1893
1850
1894
1851
1895
1852
1896
1853
1897
1854
1898
1855
1899
1856
1900
1857
1901
1858
1902
1859
1903
1860
1904
1861
1905
1862
1906
1863
1907
1864
1908
1865
1909
1866
1910
1867
1911
1868
1912
1869
1913
1870
1914
1915
1872
1916
1988
1873
1917
1874
1918
1875
1919
1876
1920
1877
1921
1878
1922
1879
1923
1880
1924
1881
1925
1882
1926
1883
1927
1884
1928
1885
1929
1886
1930
1887
1931
1888
1932
1889
1933
1890
1934
1891
1935
1892
1936
1893
1937
1894
1938
1895
1939
1896
1940
1897
1941
1898
1942
1899
1943
1900
1944
1901
1945
1902
1946
1903
1947
1904
1948
1905
1949
1906
1950
1907
1951
1908
1952
1909
1953
1910
1954
1911
1955
1912
1956
1913
1957
1914
1958
1915
1959
1960
1917
1995
1918
1919
1920
1921
1922
1923
1924
1925
1926
1927
1928
1929
1930
1931
1932
1933
1934
1935
1936
1937
1938
1939
1940
1941
1942
1943
1944
1945
1946
1947
1948
1949
1950
1951
1952
1953
1954
1955
1956
1957
1958
1959
1960
1962
1968
1963
1969
1964
1970
1965
1971
1966
1972
1967
1973
1974
1969
1975
1970
1976
1971
1977
1972
1978
1973
1979
1974
1980
1981
1976
1982
1977
1983
1978
1984
1979
1985
1980
1986
1981
1987
1988
1983
1989
1984
1990
1985
1991
1986
1992
1987
1993
1988
1994
1995
1990
1991
1992
1993
1994
1995
)


// ************************************************************************* //
