/*--------------------------------*- C++ -*----------------------------------*\
| =========                 |                                                 |
| \\      /  F ield         | OpenFOAM: The Open Source CFD Toolbox           |
|  \\    /   O peration     | Version:  5.x                                   |
|   \\  /    A nd           | Web:      www.OpenFOAM.org                      |
|    \\/     M anipulation  |                                                 |
\*---------------------------------------------------------------------------*/
FoamFile
{
    version     2.0;
    format      ascii;
    class       vectorField;
    location    "constant/polyMesh";
    object      points;
}
// * * * * * * * * * * * * * * * * * * * * * * * * * * * * * * * * * * * * * //


242
(
(-1 -1 0)
(-0.8 -1 0)
(-0.6 -1 0)
(-0.4 -1 0)
(-0.2 -1 0)
(0 -1 0)
(0.2 -1 0)
(0.4 -1 0)
(0.6 -1 0)
(0.8 -1 0)
(1 -1 0)
(-1 -0.8 0)
(-0.8 -0.8 0)
(-0.6 -0.8 0)
(-0.4 -0.8 0)
(-0.2 -0.8 0)
(0 -0.8 0)
(0.2 -0.8 0)
(0.4 -0.8 0)
(0.6 -0.8 0)
(0.8 -0.8 0)
(1 -0.8 0)
(-1 -0.6 0)
(-0.8 -0.6 0)
(-0.6 -0.6 0)
(-0.4 -0.6 0)
(-0.2 -0.6 0)
(0 -0.6 0)
(0.2 -0.6 0)
(0.4 -0.6 0)
(0.6 -0.6 0)
(0.8 -0.6 0)
(1 -0.6 0)
(-1 -0.4 0)
(-0.8 -0.4 0)
(-0.6 -0.4 0)
(-0.4 -0.4 0)
(-0.2 -0.4 0)
(0 -0.4 0)
(0.2 -0.4 0)
(0.4 -0.4 0)
(0.6 -0.4 0)
(0.8 -0.4 0)
(1 -0.4 0)
(-1 -0.2 0)
(-0.8 -0.2 0)
(-0.6 -0.2 0)
(-0.4 -0.2 0)
(-0.2 -0.2 0)
(0 -0.2 0)
(0.2 -0.2 0)
(0.4 -0.2 0)
(0.6 -0.2 0)
(0.8 -0.2 0)
(1 -0.2 0)
(-1 0 0)
(-0.8 0 0)
(-0.6 0 0)
(-0.4 0 0)
(-0.2 0 0)
(0 0 0)
(0.2 0 0)
(0.4 0 0)
(0.6 0 0)
(0.8 0 0)
(1 0 0)
(-1 0.2 0)
(-0.8 0.2 0)
(-0.6 0.2 0)
(-0.4 0.2 0)
(-0.2 0.2 0)
(0 0.2 0)
(0.2 0.2 0)
(0.4 0.2 0)
(0.6 0.2 0)
(0.8 0.2 0)
(1 0.2 0)
(-1 0.4 0)
(-0.8 0.4 0)
(-0.6 0.4 0)
(-0.4 0.4 0)
(-0.2 0.4 0)
(0 0.4 0)
(0.2 0.4 0)
(0.4 0.4 0)
(0.6 0.4 0)
(0.8 0.4 0)
(1 0.4 0)
(-1 0.6 0)
(-0.8 0.6 0)
(-0.6 0.6 0)
(-0.4 0.6 0)
(-0.2 0.6 0)
(0 0.6 0)
(0.2 0.6 0)
(0.4 0.6 0)
(0.6 0.6 0)
(0.8 0.6 0)
(1 0.6 0)
(-1 0.8 0)
(-0.8 0.8 0)
(-0.6 0.8 0)
(-0.4 0.8 0)
(-0.2 0.8 0)
(0 0.8 0)
(0.2 0.8 0)
(0.4 0.8 0)
(0.6 0.8 0)
(0.8 0.8 0)
(1 0.8 0)
(-1 1 0)
(-0.8 1 0)
(-0.6 1 0)
(-0.4 1 0)
(-0.2 1 0)
(0 1 0)
(0.2 1 0)
(0.4 1 0)
(0.6 1 0)
(0.8 1 0)
(1 1 0)
(-1 -1 0.1)
(-0.8 -1 0.1)
(-0.6 -1 0.1)
(-0.4 -1 0.1)
(-0.2 -1 0.1)
(0 -1 0.1)
(0.2 -1 0.1)
(0.4 -1 0.1)
(0.6 -1 0.1)
(0.8 -1 0.1)
(1 -1 0.1)
(-1 -0.8 0.1)
(-0.8 -0.8 0.1)
(-0.6 -0.8 0.1)
(-0.4 -0.8 0.1)
(-0.2 -0.8 0.1)
(0 -0.8 0.1)
(0.2 -0.8 0.1)
(0.4 -0.8 0.1)
(0.6 -0.8 0.1)
(0.8 -0.8 0.1)
(1 -0.8 0.1)
(-1 -0.6 0.1)
(-0.8 -0.6 0.1)
(-0.6 -0.6 0.1)
(-0.4 -0.6 0.1)
(-0.2 -0.6 0.1)
(0 -0.6 0.1)
(0.2 -0.6 0.1)
(0.4 -0.6 0.1)
(0.6 -0.6 0.1)
(0.8 -0.6 0.1)
(1 -0.6 0.1)
(-1 -0.4 0.1)
(-0.8 -0.4 0.1)
(-0.6 -0.4 0.1)
(-0.4 -0.4 0.1)
(-0.2 -0.4 0.1)
(0 -0.4 0.1)
(0.2 -0.4 0.1)
(0.4 -0.4 0.1)
(0.6 -0.4 0.1)
(0.8 -0.4 0.1)
(1 -0.4 0.1)
(-1 -0.2 0.1)
(-0.8 -0.2 0.1)
(-0.6 -0.2 0.1)
(-0.4 -0.2 0.1)
(-0.2 -0.2 0.1)
(0 -0.2 0.1)
(0.2 -0.2 0.1)
(0.4 -0.2 0.1)
(0.6 -0.2 0.1)
(0.8 -0.2 0.1)
(1 -0.2 0.1)
(-1 0 0.1)
(-0.8 0 0.1)
(-0.6 0 0.1)
(-0.4 0 0.1)
(-0.2 0 0.1)
(0 0 0.1)
(0.2 0 0.1)
(0.4 0 0.1)
(0.6 0 0.1)
(0.8 0 0.1)
(1 0 0.1)
(-1 0.2 0.1)
(-0.8 0.2 0.1)
(-0.6 0.2 0.1)
(-0.4 0.2 0.1)
(-0.2 0.2 0.1)
(0 0.2 0.1)
(0.2 0.2 0.1)
(0.4 0.2 0.1)
(0.6 0.2 0.1)
(0.8 0.2 0.1)
(1 0.2 0.1)
(-1 0.4 0.1)
(-0.8 0.4 0.1)
(-0.6 0.4 0.1)
(-0.4 0.4 0.1)
(-0.2 0.4 0.1)
(0 0.4 0.1)
(0.2 0.4 0.1)
(0.4 0.4 0.1)
(0.6 0.4 0.1)
(0.8 0.4 0.1)
(1 0.4 0.1)
(-1 0.6 0.1)
(-0.8 0.6 0.1)
(-0.6 0.6 0.1)
(-0.4 0.6 0.1)
(-0.2 0.6 0.1)
(0 0.6 0.1)
(0.2 0.6 0.1)
(0.4 0.6 0.1)
(0.6 0.6 0.1)
(0.8 0.6 0.1)
(1 0.6 0.1)
(-1 0.8 0.1)
(-0.8 0.8 0.1)
(-0.6 0.8 0.1)
(-0.4 0.8 0.1)
(-0.2 0.8 0.1)
(0 0.8 0.1)
(0.2 0.8 0.1)
(0.4 0.8 0.1)
(0.6 0.8 0.1)
(0.8 0.8 0.1)
(1 0.8 0.1)
(-1 1 0.1)
(-0.8 1 0.1)
(-0.6 1 0.1)
(-0.4 1 0.1)
(-0.2 1 0.1)
(0 1 0.1)
(0.2 1 0.1)
(0.4 1 0.1)
(0.6 1 0.1)
(0.8 1 0.1)
(1 1 0.1)
)


// ************************************************************************* //
