/*--------------------------------*- C++ -*----------------------------------*\
| =========                 |                                                 |
| \\      /  F ield         | OpenFOAM: The Open Source CFD Toolbox           |
|  \\    /   O peration     | Version:  5.x                                   |
|   \\  /    A nd           | Web:      www.OpenFOAM.org                      |
|    \\/     M anipulation  |                                                 |
\*---------------------------------------------------------------------------*/
FoamFile
{
    version     2.0;
    format      ascii;
    class       labelList;
    note        "nPoints: 14144 nCells: 6874 nFaces: 27694 nInternalFaces: 13550";
    location    "constant/polyMesh";
    object      neighbour;
}
// * * * * * * * * * * * * * * * * * * * * * * * * * * * * * * * * * * * * * //


13550
(
1
21
2
22
3
23
4
24
5
25
6
26
7
27
8
28
9
29
10
30
11
31
12
32
13
33
14
34
15
35
16
36
17
37
18
38
19
39
20
40
41
441
22
42
23
43
24
44
25
45
26
46
27
47
28
48
29
49
30
50
31
51
32
52
33
53
34
54
35
55
36
56
37
57
38
58
39
59
40
60
41
61
62
454
43
63
44
64
45
65
46
66
47
67
48
68
49
69
50
70
51
71
52
72
53
73
54
74
55
75
56
76
57
77
58
78
59
79
60
80
61
81
62
82
83
467
64
84
65
85
66
86
67
87
68
88
69
89
70
90
71
91
72
92
73
93
74
94
75
95
76
96
77
97
78
98
79
99
80
100
81
101
82
102
83
103
104
480
85
105
86
106
87
107
88
108
89
109
90
110
91
111
92
112
93
113
94
114
95
115
96
116
97
117
98
118
99
119
100
120
101
121
102
122
103
123
104
124
125
493
106
126
107
127
108
128
109
129
110
130
111
131
112
132
113
133
114
134
115
135
116
136
117
137
118
138
119
139
120
140
121
141
122
142
123
143
124
144
125
145
146
506
127
147
128
148
129
149
130
150
131
151
132
152
133
153
134
154
135
155
136
156
137
157
138
158
139
159
140
160
141
161
142
162
143
163
144
164
145
165
146
166
167
519
148
168
149
169
150
170
151
171
152
172
153
173
154
174
155
175
156
176
157
177
158
178
159
179
160
180
161
181
162
182
163
183
164
184
165
185
166
186
167
187
188
532
169
189
170
190
171
191
172
192
173
193
174
194
175
195
176
196
177
197
178
198
179
199
180
200
181
201
182
202
183
203
184
204
185
205
186
206
187
207
188
208
209
545
190
210
191
211
192
212
193
213
194
214
195
215
196
216
197
217
198
218
199
219
200
220
201
221
202
222
203
223
204
224
205
225
206
226
207
227
208
228
209
229
230
558
211
231
212
232
213
233
214
234
215
235
216
236
217
237
218
238
219
239
220
240
221
241
222
242
223
243
224
244
225
245
226
246
227
247
228
248
229
249
230
250
251
571
232
252
233
253
234
254
235
255
236
256
237
257
238
258
239
259
240
260
241
261
242
262
243
263
244
264
245
265
246
266
247
267
248
268
249
269
250
270
251
271
272
584
253
273
254
274
255
275
256
276
257
277
258
278
259
279
260
280
261
281
262
282
263
283
264
284
265
285
266
286
267
287
268
288
269
289
270
290
271
291
272
292
293
597
274
294
275
295
276
296
277
297
278
298
279
299
280
300
281
301
282
302
283
303
284
304
285
305
286
306
287
307
288
308
289
309
290
310
291
311
292
312
293
313
314
610
295
315
296
316
297
317
298
318
299
319
300
320
301
321
302
322
303
323
304
324
305
325
306
326
307
327
308
328
309
329
310
330
311
331
312
332
313
333
314
334
335
623
316
336
317
337
318
338
319
339
320
340
321
341
322
342
323
343
324
344
325
345
326
346
327
347
328
348
329
349
330
350
331
351
332
352
333
353
334
354
335
355
356
636
337
357
338
358
339
359
340
360
341
361
342
362
343
363
344
364
345
365
346
366
347
367
348
368
349
369
350
370
351
371
352
372
353
373
354
374
355
375
356
376
377
649
358
378
359
379
360
380
361
381
362
382
363
383
364
384
365
385
366
386
367
387
368
388
369
389
370
390
371
391
372
392
373
393
374
394
375
395
376
396
377
397
398
662
379
399
380
400
381
401
382
402
383
403
384
404
385
405
386
406
387
407
388
408
389
409
390
410
391
411
392
412
393
413
394
414
395
415
396
416
397
417
398
418
419
675
400
420
401
421
402
422
403
423
404
424
405
425
406
426
407
427
408
428
409
429
410
430
411
431
412
432
413
433
414
434
415
435
416
436
417
437
418
438
419
439
440
688
421
6069
422
6070
423
6071
424
6072
425
6073
426
6074
427
6075
428
6076
429
6077
430
6078
431
6079
432
6080
433
6081
434
6082
435
6083
436
6084
437
6085
438
6086
439
6087
440
6088
701
6089
442
454
443
455
444
456
445
457
446
458
447
459
448
460
449
461
450
462
451
463
452
464
453
465
466
714
455
467
456
468
457
469
458
470
459
471
460
472
461
473
462
474
463
475
464
476
465
477
466
478
479
805
468
480
469
481
470
482
471
483
472
484
473
485
474
486
475
487
476
488
477
489
478
490
479
491
492
896
481
493
482
494
483
495
484
496
485
497
486
498
487
499
488
500
489
501
490
502
491
503
492
504
505
987
494
506
495
507
496
508
497
509
498
510
499
511
500
512
501
513
502
514
503
515
504
516
505
517
518
1078
507
519
508
520
509
521
510
522
511
523
512
524
513
525
514
526
515
527
516
528
517
529
518
530
531
1169
520
532
521
533
522
534
523
535
524
536
525
537
526
538
527
539
528
540
529
541
530
542
531
543
544
1260
533
545
534
546
535
547
536
548
537
549
538
550
539
551
540
552
541
553
542
554
543
555
544
556
557
1351
546
558
547
559
548
560
549
561
550
562
551
563
552
564
553
565
554
566
555
567
556
568
557
569
570
1442
559
571
560
572
561
573
562
574
563
575
564
576
565
577
566
578
567
579
568
580
569
581
570
582
583
1533
572
584
573
585
574
586
575
587
576
588
577
589
578
590
579
591
580
592
581
593
582
594
583
595
596
1624
585
597
586
598
587
599
588
600
589
601
590
602
591
603
592
604
593
605
594
606
595
607
596
608
609
1715
598
610
599
611
600
612
601
613
602
614
603
615
604
616
605
617
606
618
607
619
608
620
609
621
622
1806
611
623
612
624
613
625
614
626
615
627
616
628
617
629
618
630
619
631
620
632
621
633
622
634
635
1897
624
636
625
637
626
638
627
639
628
640
629
641
630
642
631
643
632
644
633
645
634
646
635
647
648
1988
637
649
638
650
639
651
640
652
641
653
642
654
643
655
644
656
645
657
646
658
647
659
648
660
661
2079
650
662
651
663
652
664
653
665
654
666
655
667
656
668
657
669
658
670
659
671
660
672
661
673
674
2170
663
675
664
676
665
677
666
678
667
679
668
680
669
681
670
682
671
683
672
684
673
685
674
686
687
2261
676
688
677
689
678
690
679
691
680
692
681
693
682
694
683
695
684
696
685
697
686
698
687
699
700
2352
689
701
690
702
691
703
692
704
693
705
694
706
695
707
696
708
697
709
698
710
699
711
700
712
713
2443
702
6384
703
6385
704
6386
705
6387
706
6388
707
6389
708
6390
709
6391
710
6392
711
6393
712
6394
713
6395
2534
6396
715
805
716
806
717
807
718
808
719
809
720
810
721
811
722
812
723
813
724
814
725
815
726
816
727
817
728
818
729
819
730
820
731
821
732
822
733
823
734
824
735
825
736
826
737
827
738
828
739
829
740
830
741
831
742
832
743
833
744
834
745
835
746
836
747
837
748
838
749
839
750
840
751
841
752
842
753
843
754
844
755
845
756
846
757
847
758
848
759
849
760
850
761
851
762
852
763
853
764
854
765
855
766
856
767
857
768
858
769
859
770
860
771
861
772
862
773
863
774
864
775
865
776
866
777
867
778
868
779
869
780
870
781
871
782
872
783
873
784
874
785
875
786
876
787
877
788
878
789
879
790
880
791
881
792
882
793
883
794
884
795
885
796
886
797
887
798
888
799
889
800
890
801
891
802
892
803
893
804
894
895
806
896
807
897
808
898
809
899
810
900
811
901
812
902
813
903
814
904
815
905
816
906
817
907
818
908
819
909
820
910
821
911
822
912
823
913
824
914
825
915
826
916
827
917
828
918
829
919
830
920
831
921
832
922
833
923
834
924
835
925
836
926
837
927
838
928
839
929
840
930
841
931
842
932
843
933
844
934
845
935
846
936
847
937
848
938
849
939
850
940
851
941
852
942
853
943
854
944
855
945
856
946
857
947
858
948
859
949
860
950
861
951
862
952
863
953
864
954
865
955
866
956
867
957
868
958
869
959
870
960
871
961
872
962
873
963
874
964
875
965
876
966
877
967
878
968
879
969
880
970
881
971
882
972
883
973
884
974
885
975
886
976
887
977
888
978
889
979
890
980
891
981
892
982
893
983
894
984
895
985
986
897
987
898
988
899
989
900
990
901
991
902
992
903
993
904
994
905
995
906
996
907
997
908
998
909
999
910
1000
911
1001
912
1002
913
1003
914
1004
915
1005
916
1006
917
1007
918
1008
919
1009
920
1010
921
1011
922
1012
923
1013
924
1014
925
1015
926
1016
927
1017
928
1018
929
1019
930
1020
931
1021
932
1022
933
1023
934
1024
935
1025
936
1026
937
1027
938
1028
939
1029
940
1030
941
1031
942
1032
943
1033
944
1034
945
1035
946
1036
947
1037
948
1038
949
1039
950
1040
951
1041
952
1042
953
1043
954
1044
955
1045
956
1046
957
1047
958
1048
959
1049
960
1050
961
1051
962
1052
963
1053
964
1054
965
1055
966
1056
967
1057
968
1058
969
1059
970
1060
971
1061
972
1062
973
1063
974
1064
975
1065
976
1066
977
1067
978
1068
979
1069
980
1070
981
1071
982
1072
983
1073
984
1074
985
1075
986
1076
1077
988
1078
989
1079
990
1080
991
1081
992
1082
993
1083
994
1084
995
1085
996
1086
997
1087
998
1088
999
1089
1000
1090
1001
1091
1002
1092
1003
1093
1004
1094
1005
1095
1006
1096
1007
1097
1008
1098
1009
1099
1010
1100
1011
1101
1012
1102
1013
1103
1014
1104
1015
1105
1016
1106
1017
1107
1018
1108
1019
1109
1020
1110
1021
1111
1022
1112
1023
1113
1024
1114
1025
1115
1026
1116
1027
1117
1028
1118
1029
1119
1030
1120
1031
1121
1032
1122
1033
1123
1034
1124
1035
1125
1036
1126
1037
1127
1038
1128
1039
1129
1040
1130
1041
1131
1042
1132
1043
1133
1044
1134
1045
1135
1046
1136
1047
1137
1048
1138
1049
1139
1050
1140
1051
1141
1052
1142
1053
1143
1054
1144
1055
1145
1056
1146
1057
1147
1058
1148
1059
1149
1060
1150
1061
1151
1062
1152
1063
1153
1064
1154
1065
1155
1066
1156
1067
1157
1068
1158
1069
1159
1070
1160
1071
1161
1072
1162
1073
1163
1074
1164
1075
1165
1076
1166
1077
1167
1168
1079
1169
1080
1170
1081
1171
1082
1172
1083
1173
1084
1174
1085
1175
1086
1176
1087
1177
1088
1178
1089
1179
1090
1180
1091
1181
1092
1182
1093
1183
1094
1184
1095
1185
1096
1186
1097
1187
1098
1188
1099
1189
1100
1190
1101
1191
1102
1192
1103
1193
1104
1194
1105
1195
1106
1196
1107
1197
1108
1198
1109
1199
1110
1200
1111
1201
1112
1202
1113
1203
1114
1204
1115
1205
1116
1206
1117
1207
1118
1208
1119
1209
1120
1210
1121
1211
1122
1212
1123
1213
1124
1214
1125
1215
1126
1216
1127
1217
1128
1218
1129
1219
1130
1220
1131
1221
1132
1222
1133
1223
1134
1224
1135
1225
1136
1226
1137
1227
1138
1228
1139
1229
1140
1230
1141
1231
1142
1232
1143
1233
1144
1234
1145
1235
1146
1236
1147
1237
1148
1238
1149
1239
1150
1240
1151
1241
1152
1242
1153
1243
1154
1244
1155
1245
1156
1246
1157
1247
1158
1248
1159
1249
1160
1250
1161
1251
1162
1252
1163
1253
1164
1254
1165
1255
1166
1256
1167
1257
1168
1258
1259
1170
1260
1171
1261
1172
1262
1173
1263
1174
1264
1175
1265
1176
1266
1177
1267
1178
1268
1179
1269
1180
1270
1181
1271
1182
1272
1183
1273
1184
1274
1185
1275
1186
1276
1187
1277
1188
1278
1189
1279
1190
1280
1191
1281
1192
1282
1193
1283
1194
1284
1195
1285
1196
1286
1197
1287
1198
1288
1199
1289
1200
1290
1201
1291
1202
1292
1203
1293
1204
1294
1205
1295
1206
1296
1207
1297
1208
1298
1209
1299
1210
1300
1211
1301
1212
1302
1213
1303
1214
1304
1215
1305
1216
1306
1217
1307
1218
1308
1219
1309
1220
1310
1221
1311
1222
1312
1223
1313
1224
1314
1225
1315
1226
1316
1227
1317
1228
1318
1229
1319
1230
1320
1231
1321
1232
1322
1233
1323
1234
1324
1235
1325
1236
1326
1237
1327
1238
1328
1239
1329
1240
1330
1241
1331
1242
1332
1243
1333
1244
1334
1245
1335
1246
1336
1247
1337
1248
1338
1249
1339
1250
1340
1251
1341
1252
1342
1253
1343
1254
1344
1255
1345
1256
1346
1257
1347
1258
1348
1259
1349
1350
1261
1351
1262
1352
1263
1353
1264
1354
1265
1355
1266
1356
1267
1357
1268
1358
1269
1359
1270
1360
1271
1361
1272
1362
1273
1363
1274
1364
1275
1365
1276
1366
1277
1367
1278
1368
1279
1369
1280
1370
1281
1371
1282
1372
1283
1373
1284
1374
1285
1375
1286
1376
1287
1377
1288
1378
1289
1379
1290
1380
1291
1381
1292
1382
1293
1383
1294
1384
1295
1385
1296
1386
1297
1387
1298
1388
1299
1389
1300
1390
1301
1391
1302
1392
1303
1393
1304
1394
1305
1395
1306
1396
1307
1397
1308
1398
1309
1399
1310
1400
1311
1401
1312
1402
1313
1403
1314
1404
1315
1405
1316
1406
1317
1407
1318
1408
1319
1409
1320
1410
1321
1411
1322
1412
1323
1413
1324
1414
1325
1415
1326
1416
1327
1417
1328
1418
1329
1419
1330
1420
1331
1421
1332
1422
1333
1423
1334
1424
1335
1425
1336
1426
1337
1427
1338
1428
1339
1429
1340
1430
1341
1431
1342
1432
1343
1433
1344
1434
1345
1435
1346
1436
1347
1437
1348
1438
1349
1439
1350
1440
1441
1352
1442
1353
1443
1354
1444
1355
1445
1356
1446
1357
1447
1358
1448
1359
1449
1360
1450
1361
1451
1362
1452
1363
1453
1364
1454
1365
1455
1366
1456
1367
1457
1368
1458
1369
1459
1370
1460
1371
1461
1372
1462
1373
1463
1374
1464
1375
1465
1376
1466
1377
1467
1378
1468
1379
1469
1380
1470
1381
1471
1382
1472
1383
1473
1384
1474
1385
1475
1386
1476
1387
1477
1388
1478
1389
1479
1390
1480
1391
1481
1392
1482
1393
1483
1394
1484
1395
1485
1396
1486
1397
1487
1398
1488
1399
1489
1400
1490
1401
1491
1402
1492
1403
1493
1404
1494
1405
1495
1406
1496
1407
1497
1408
1498
1409
1499
1410
1500
1411
1501
1412
1502
1413
1503
1414
1504
1415
1505
1416
1506
1417
1507
1418
1508
1419
1509
1420
1510
1421
1511
1422
1512
1423
1513
1424
1514
1425
1515
1426
1516
1427
1517
1428
1518
1429
1519
1430
1520
1431
1521
1432
1522
1433
1523
1434
1524
1435
1525
1436
1526
1437
1527
1438
1528
1439
1529
1440
1530
1441
1531
1532
1443
1533
1444
1534
1445
1535
1446
1536
1447
1537
1448
1538
1449
1539
1450
1540
1451
1541
1452
1542
1453
1543
1454
1544
1455
1545
1456
1546
1457
1547
1458
1548
1459
1549
1460
1550
1461
1551
1462
1552
1463
1553
1464
1554
1465
1555
1466
1556
1467
1557
1468
1558
1469
1559
1470
1560
1471
1561
1472
1562
1473
1563
1474
1564
1475
1565
1476
1566
1477
1567
1478
1568
1479
1569
1480
1570
1481
1571
1482
1572
1483
1573
1484
1574
1485
1575
1486
1576
1487
1577
1488
1578
1489
1579
1490
1580
1491
1581
1492
1582
1493
1583
1494
1584
1495
1585
1496
1586
1497
1587
1498
1588
1499
1589
1500
1590
1501
1591
1502
1592
1503
1593
1504
1594
1505
1595
1506
1596
1507
1597
1508
1598
1509
1599
1510
1600
1511
1601
1512
1602
1513
1603
1514
1604
1515
1605
1516
1606
1517
1607
1518
1608
1519
1609
1520
1610
1521
1611
1522
1612
1523
1613
1524
1614
1525
1615
1526
1616
1527
1617
1528
1618
1529
1619
1530
1620
1531
1621
1532
1622
1623
1534
1624
1535
1625
1536
1626
1537
1627
1538
1628
1539
1629
1540
1630
1541
1631
1542
1632
1543
1633
1544
1634
1545
1635
1546
1636
1547
1637
1548
1638
1549
1639
1550
1640
1551
1641
1552
1642
1553
1643
1554
1644
1555
1645
1556
1646
1557
1647
1558
1648
1559
1649
1560
1650
1561
1651
1562
1652
1563
1653
1564
1654
1565
1655
1566
1656
1567
1657
1568
1658
1569
1659
1570
1660
1571
1661
1572
1662
1573
1663
1574
1664
1575
1665
1576
1666
1577
1667
1578
1668
1579
1669
1580
1670
1581
1671
1582
1672
1583
1673
1584
1674
1585
1675
1586
1676
1587
1677
1588
1678
1589
1679
1590
1680
1591
1681
1592
1682
1593
1683
1594
1684
1595
1685
1596
1686
1597
1687
1598
1688
1599
1689
1600
1690
1601
1691
1602
1692
1603
1693
1604
1694
1605
1695
1606
1696
1607
1697
1608
1698
1609
1699
1610
1700
1611
1701
1612
1702
1613
1703
1614
1704
1615
1705
1616
1706
1617
1707
1618
1708
1619
1709
1620
1710
1621
1711
1622
1712
1623
1713
1714
1625
1715
1626
1716
1627
1717
1628
1718
1629
1719
1630
1720
1631
1721
1632
1722
1633
1723
1634
1724
1635
1725
1636
1726
1637
1727
1638
1728
1639
1729
1640
1730
1641
1731
1642
1732
1643
1733
1644
1734
1645
1735
1646
1736
1647
1737
1648
1738
1649
1739
1650
1740
1651
1741
1652
1742
1653
1743
1654
1744
1655
1745
1656
1746
1657
1747
1658
1748
1659
1749
1660
1750
1661
1751
1662
1752
1663
1753
1664
1754
1665
1755
1666
1756
1667
1757
1668
1758
1669
1759
1670
1760
1671
1761
1672
1762
1673
1763
1674
1764
1675
1765
1676
1766
1677
1767
1678
1768
1679
1769
1680
1770
1681
1771
1682
1772
1683
1773
1684
1774
1685
1775
1686
1776
1687
1777
1688
1778
1689
1779
1690
1780
1691
1781
1692
1782
1693
1783
1694
1784
1695
1785
1696
1786
1697
1787
1698
1788
1699
1789
1700
1790
1701
1791
1702
1792
1703
1793
1704
1794
1705
1795
1706
1796
1707
1797
1708
1798
1709
1799
1710
1800
1711
1801
1712
1802
1713
1803
1714
1804
1805
1716
1806
1717
1807
1718
1808
1719
1809
1720
1810
1721
1811
1722
1812
1723
1813
1724
1814
1725
1815
1726
1816
1727
1817
1728
1818
1729
1819
1730
1820
1731
1821
1732
1822
1733
1823
1734
1824
1735
1825
1736
1826
1737
1827
1738
1828
1739
1829
1740
1830
1741
1831
1742
1832
1743
1833
1744
1834
1745
1835
1746
1836
1747
1837
1748
1838
1749
1839
1750
1840
1751
1841
1752
1842
1753
1843
1754
1844
1755
1845
1756
1846
1757
1847
1758
1848
1759
1849
1760
1850
1761
1851
1762
1852
1763
1853
1764
1854
1765
1855
1766
1856
1767
1857
1768
1858
1769
1859
1770
1860
1771
1861
1772
1862
1773
1863
1774
1864
1775
1865
1776
1866
1777
1867
1778
1868
1779
1869
1780
1870
1781
1871
1782
1872
1783
1873
1784
1874
1785
1875
1786
1876
1787
1877
1788
1878
1789
1879
1790
1880
1791
1881
1792
1882
1793
1883
1794
1884
1795
1885
1796
1886
1797
1887
1798
1888
1799
1889
1800
1890
1801
1891
1802
1892
1803
1893
1804
1894
1805
1895
1896
1807
1897
1808
1898
1809
1899
1810
1900
1811
1901
1812
1902
1813
1903
1814
1904
1815
1905
1816
1906
1817
1907
1818
1908
1819
1909
1820
1910
1821
1911
1822
1912
1823
1913
1824
1914
1825
1915
1826
1916
1827
1917
1828
1918
1829
1919
1830
1920
1831
1921
1832
1922
1833
1923
1834
1924
1835
1925
1836
1926
1837
1927
1838
1928
1839
1929
1840
1930
1841
1931
1842
1932
1843
1933
1844
1934
1845
1935
1846
1936
1847
1937
1848
1938
1849
1939
1850
1940
1851
1941
1852
1942
1853
1943
1854
1944
1855
1945
1856
1946
1857
1947
1858
1948
1859
1949
1860
1950
1861
1951
1862
1952
1863
1953
1864
1954
1865
1955
1866
1956
1867
1957
1868
1958
1869
1959
1870
1960
1871
1961
1872
1962
1873
1963
1874
1964
1875
1965
1876
1966
1877
1967
1878
1968
1879
1969
1880
1970
1881
1971
1882
1972
1883
1973
1884
1974
1885
1975
1886
1976
1887
1977
1888
1978
1889
1979
1890
1980
1891
1981
1892
1982
1893
1983
1894
1984
1895
1985
1896
1986
1987
1898
1988
1899
1989
1900
1990
1901
1991
1902
1992
1903
1993
1904
1994
1905
1995
1906
1996
1907
1997
1908
1998
1909
1999
1910
2000
1911
2001
1912
2002
1913
2003
1914
2004
1915
2005
1916
2006
1917
2007
1918
2008
1919
2009
1920
2010
1921
2011
1922
2012
1923
2013
1924
2014
1925
2015
1926
2016
1927
2017
1928
2018
1929
2019
1930
2020
1931
2021
1932
2022
1933
2023
1934
2024
1935
2025
1936
2026
1937
2027
1938
2028
1939
2029
1940
2030
1941
2031
1942
2032
1943
2033
1944
2034
1945
2035
1946
2036
1947
2037
1948
2038
1949
2039
1950
2040
1951
2041
1952
2042
1953
2043
1954
2044
1955
2045
1956
2046
1957
2047
1958
2048
1959
2049
1960
2050
1961
2051
1962
2052
1963
2053
1964
2054
1965
2055
1966
2056
1967
2057
1968
2058
1969
2059
1970
2060
1971
2061
1972
2062
1973
2063
1974
2064
1975
2065
1976
2066
1977
2067
1978
2068
1979
2069
1980
2070
1981
2071
1982
2072
1983
2073
1984
2074
1985
2075
1986
2076
1987
2077
2078
1989
2079
1990
2080
1991
2081
1992
2082
1993
2083
1994
2084
1995
2085
1996
2086
1997
2087
1998
2088
1999
2089
2000
2090
2001
2091
2002
2092
2003
2093
2004
2094
2005
2095
2006
2096
2007
2097
2008
2098
2009
2099
2010
2100
2011
2101
2012
2102
2013
2103
2014
2104
2015
2105
2016
2106
2017
2107
2018
2108
2019
2109
2020
2110
2021
2111
2022
2112
2023
2113
2024
2114
2025
2115
2026
2116
2027
2117
2028
2118
2029
2119
2030
2120
2031
2121
2032
2122
2033
2123
2034
2124
2035
2125
2036
2126
2037
2127
2038
2128
2039
2129
2040
2130
2041
2131
2042
2132
2043
2133
2044
2134
2045
2135
2046
2136
2047
2137
2048
2138
2049
2139
2050
2140
2051
2141
2052
2142
2053
2143
2054
2144
2055
2145
2056
2146
2057
2147
2058
2148
2059
2149
2060
2150
2061
2151
2062
2152
2063
2153
2064
2154
2065
2155
2066
2156
2067
2157
2068
2158
2069
2159
2070
2160
2071
2161
2072
2162
2073
2163
2074
2164
2075
2165
2076
2166
2077
2167
2078
2168
2169
2080
2170
2081
2171
2082
2172
2083
2173
2084
2174
2085
2175
2086
2176
2087
2177
2088
2178
2089
2179
2090
2180
2091
2181
2092
2182
2093
2183
2094
2184
2095
2185
2096
2186
2097
2187
2098
2188
2099
2189
2100
2190
2101
2191
2102
2192
2103
2193
2104
2194
2105
2195
2106
2196
2107
2197
2108
2198
2109
2199
2110
2200
2111
2201
2112
2202
2113
2203
2114
2204
2115
2205
2116
2206
2117
2207
2118
2208
2119
2209
2120
2210
2121
2211
2122
2212
2123
2213
2124
2214
2125
2215
2126
2216
2127
2217
2128
2218
2129
2219
2130
2220
2131
2221
2132
2222
2133
2223
2134
2224
2135
2225
2136
2226
2137
2227
2138
2228
2139
2229
2140
2230
2141
2231
2142
2232
2143
2233
2144
2234
2145
2235
2146
2236
2147
2237
2148
2238
2149
2239
2150
2240
2151
2241
2152
2242
2153
2243
2154
2244
2155
2245
2156
2246
2157
2247
2158
2248
2159
2249
2160
2250
2161
2251
2162
2252
2163
2253
2164
2254
2165
2255
2166
2256
2167
2257
2168
2258
2169
2259
2260
2171
2261
2172
2262
2173
2263
2174
2264
2175
2265
2176
2266
2177
2267
2178
2268
2179
2269
2180
2270
2181
2271
2182
2272
2183
2273
2184
2274
2185
2275
2186
2276
2187
2277
2188
2278
2189
2279
2190
2280
2191
2281
2192
2282
2193
2283
2194
2284
2195
2285
2196
2286
2197
2287
2198
2288
2199
2289
2200
2290
2201
2291
2202
2292
2203
2293
2204
2294
2205
2295
2206
2296
2207
2297
2208
2298
2209
2299
2210
2300
2211
2301
2212
2302
2213
2303
2214
2304
2215
2305
2216
2306
2217
2307
2218
2308
2219
2309
2220
2310
2221
2311
2222
2312
2223
2313
2224
2314
2225
2315
2226
2316
2227
2317
2228
2318
2229
2319
2230
2320
2231
2321
2232
2322
2233
2323
2234
2324
2235
2325
2236
2326
2237
2327
2238
2328
2239
2329
2240
2330
2241
2331
2242
2332
2243
2333
2244
2334
2245
2335
2246
2336
2247
2337
2248
2338
2249
2339
2250
2340
2251
2341
2252
2342
2253
2343
2254
2344
2255
2345
2256
2346
2257
2347
2258
2348
2259
2349
2260
2350
2351
2262
2352
2263
2353
2264
2354
2265
2355
2266
2356
2267
2357
2268
2358
2269
2359
2270
2360
2271
2361
2272
2362
2273
2363
2274
2364
2275
2365
2276
2366
2277
2367
2278
2368
2279
2369
2280
2370
2281
2371
2282
2372
2283
2373
2284
2374
2285
2375
2286
2376
2287
2377
2288
2378
2289
2379
2290
2380
2291
2381
2292
2382
2293
2383
2294
2384
2295
2385
2296
2386
2297
2387
2298
2388
2299
2389
2300
2390
2301
2391
2302
2392
2303
2393
2304
2394
2305
2395
2306
2396
2307
2397
2308
2398
2309
2399
2310
2400
2311
2401
2312
2402
2313
2403
2314
2404
2315
2405
2316
2406
2317
2407
2318
2408
2319
2409
2320
2410
2321
2411
2322
2412
2323
2413
2324
2414
2325
2415
2326
2416
2327
2417
2328
2418
2329
2419
2330
2420
2331
2421
2332
2422
2333
2423
2334
2424
2335
2425
2336
2426
2337
2427
2338
2428
2339
2429
2340
2430
2341
2431
2342
2432
2343
2433
2344
2434
2345
2435
2346
2436
2347
2437
2348
2438
2349
2439
2350
2440
2351
2441
2442
2353
2443
2354
2444
2355
2445
2356
2446
2357
2447
2358
2448
2359
2449
2360
2450
2361
2451
2362
2452
2363
2453
2364
2454
2365
2455
2366
2456
2367
2457
2368
2458
2369
2459
2370
2460
2371
2461
2372
2462
2373
2463
2374
2464
2375
2465
2376
2466
2377
2467
2378
2468
2379
2469
2380
2470
2381
2471
2382
2472
2383
2473
2384
2474
2385
2475
2386
2476
2387
2477
2388
2478
2389
2479
2390
2480
2391
2481
2392
2482
2393
2483
2394
2484
2395
2485
2396
2486
2397
2487
2398
2488
2399
2489
2400
2490
2401
2491
2402
2492
2403
2493
2404
2494
2405
2495
2406
2496
2407
2497
2408
2498
2409
2499
2410
2500
2411
2501
2412
2502
2413
2503
2414
2504
2415
2505
2416
2506
2417
2507
2418
2508
2419
2509
2420
2510
2421
2511
2422
2512
2423
2513
2424
2514
2425
2515
2426
2516
2427
2517
2428
2518
2429
2519
2430
2520
2431
2521
2432
2522
2433
2523
2434
2524
2435
2525
2436
2526
2437
2527
2438
2528
2439
2529
2440
2530
2441
2531
2442
2532
2533
2444
2534
2445
2535
2446
2536
2447
2537
2448
2538
2449
2539
2450
2540
2451
2541
2452
2542
2453
2543
2454
2544
2455
2545
2456
2546
2457
2547
2458
2548
2459
2549
2460
2550
2461
2551
2462
2552
2463
2553
2464
2554
2465
2555
2466
2556
2467
2557
2468
2558
2469
2559
2470
2560
2471
2561
2472
2562
2473
2563
2474
2564
2475
2565
2476
2566
2477
2567
2478
2568
2479
2569
2480
2570
2481
2571
2482
2572
2483
2573
2484
2574
2485
2575
2486
2576
2487
2577
2488
2578
2489
2579
2490
2580
2491
2581
2492
2582
2493
2583
2494
2584
2495
2585
2496
2586
2497
2587
2498
2588
2499
2589
2500
2590
2501
2591
2502
2592
2503
2593
2504
2594
2505
2595
2506
2596
2507
2597
2508
2598
2509
2599
2510
2600
2511
2601
2512
2602
2513
2603
2514
2604
2515
2605
2516
2606
2517
2607
2518
2608
2519
2609
2520
2610
2521
2611
2522
2612
2523
2613
2524
2614
2525
2615
2526
2616
2527
2617
2528
2618
2529
2619
2530
2620
2531
2621
2532
2622
2533
2623
2624
2535
2625
2536
2626
2537
2627
2538
2628
2539
2629
2540
2630
2541
2631
2542
2632
2543
2633
2544
2634
2545
2635
2546
2636
2547
2637
2548
2638
2549
2639
2550
2640
2551
2641
2552
2642
2553
2643
2554
2644
2555
2645
2556
2646
2557
2647
2558
2648
2559
2649
2560
2650
2561
2651
2562
2652
2563
2653
2564
2654
2565
2655
2566
2656
2567
2657
2568
2658
2569
2659
2570
2660
2571
2661
2572
2662
2573
2663
2574
2664
2575
2665
2576
2666
2577
2667
2578
2668
2579
2669
2580
2670
2581
2671
2582
2672
2583
2673
2584
2674
2585
2675
2586
2676
2587
2677
2588
2678
2589
2679
2590
2680
2591
2681
2592
2682
2593
2683
2594
2684
2595
2685
2596
2686
2597
2687
2598
2688
2599
2689
2600
2690
2601
2691
2602
2692
2603
2693
2604
2694
2605
2695
2606
2696
2607
2697
2608
2698
2609
2699
2610
2700
2611
2701
2612
2702
2613
2703
2614
2704
2615
2705
2616
2706
2617
2707
2618
2708
2619
2709
2620
2710
2621
2711
2622
2712
2623
2713
2624
2714
2715
2626
2716
6579
2627
2717
2628
2718
2629
2719
2630
2720
2631
2721
2632
2722
2633
2723
2634
2724
2635
2725
2636
2726
2637
2727
2638
2728
2639
2729
2640
2730
2641
2731
2642
2732
2643
2733
2644
2734
2645
2735
2646
2736
2647
2737
2648
2738
2649
2739
2650
2740
2651
2741
2652
2742
2653
2743
2654
2744
2655
2745
2656
2746
2657
2747
2658
2748
2659
2749
2660
2750
2661
2751
2662
2752
2663
2753
2664
2754
2665
2755
2666
2756
2667
2757
2668
2758
2669
2759
2670
2760
2671
2761
2672
2762
2673
2763
2674
2764
2675
2765
2676
2766
2677
2767
2678
2768
2679
2769
2680
2770
2681
2771
2682
2772
2683
2773
2684
2774
2685
2775
2686
2776
2687
2777
2688
2778
2689
2779
2690
2780
2691
2781
2692
2782
2693
2783
2694
2784
2695
2785
2696
2786
2697
2787
2698
2788
2699
2789
2700
2790
2701
2791
2702
2792
2703
2793
2704
2794
2705
2795
2706
2796
2707
2797
2708
2798
2709
2799
2710
2800
2711
2801
2712
2802
2713
2803
2714
2804
2715
2805
2806
2717
2807
6593
2718
2808
2719
2809
2720
2810
2721
2811
2722
2812
2723
2813
2724
2814
2725
2815
2726
2816
2727
2817
2728
2818
2729
2819
2730
2820
2731
2821
2732
2822
2733
2823
2734
2824
2735
2825
2736
2826
2737
2827
2738
2828
2739
2829
2740
2830
2741
2831
2742
2832
2743
2833
2744
2834
2745
2835
2746
2836
2747
2837
2748
2838
2749
2839
2750
2840
2751
2841
2752
2842
2753
2843
2754
2844
2755
2845
2756
2846
2757
2847
2758
2848
2759
2849
2760
2850
2761
2851
2762
2852
2763
2853
2764
2854
2765
2855
2766
2856
2767
2857
2768
2858
2769
2859
2770
2860
2771
2861
2772
2862
2773
2863
2774
2864
2775
2865
2776
2866
2777
2867
2778
2868
2779
2869
2780
2870
2781
2871
2782
2872
2783
2873
2784
2874
2785
2875
2786
2876
2787
2877
2788
2878
2789
2879
2790
2880
2791
2881
2792
2882
2793
2883
2794
2884
2795
2885
2796
2886
2797
2887
2798
2888
2799
2889
2800
2890
2801
2891
2802
2892
2803
2893
2804
2894
2805
2895
2806
2896
2897
2808
2898
6607
2809
2899
2810
2900
2811
2901
2812
2902
2813
2903
2814
2904
2815
2905
2816
2906
2817
2907
2818
2908
2819
2909
2820
2910
2821
2911
2822
2912
2823
2913
2824
2914
2825
2915
2826
2916
2827
2917
2828
2918
2829
2919
2830
2920
2831
2921
2832
2922
2833
2923
2834
2924
2835
2925
2836
2926
2837
2927
2838
2928
2839
2929
2840
2930
2841
2931
2842
2932
2843
2933
2844
2934
2845
2935
2846
2936
2847
2937
2848
2938
2849
2939
2850
2940
2851
2941
2852
2942
2853
2943
2854
2944
2855
2945
2856
2946
2857
2947
2858
2948
2859
2949
2860
2950
2861
2951
2862
2952
2863
2953
2864
2954
2865
2955
2866
2956
2867
2957
2868
2958
2869
2959
2870
2960
2871
2961
2872
2962
2873
2963
2874
2964
2875
2965
2876
2966
2877
2967
2878
2968
2879
2969
2880
2970
2881
2971
2882
2972
2883
2973
2884
2974
2885
2975
2886
2976
2887
2977
2888
2978
2889
2979
2890
2980
2891
2981
2892
2982
2893
2983
2894
2984
2895
2985
2896
2986
2897
2987
2988
2899
2989
6621
2900
2990
2901
2991
2902
2992
2903
2993
2904
2994
2905
2995
2906
2996
2907
2997
2908
2998
2909
2999
2910
3000
2911
3001
2912
3002
2913
3003
2914
3004
2915
3005
2916
3006
2917
3007
2918
3008
2919
3009
2920
3010
2921
3011
2922
3012
2923
3013
2924
3014
2925
3015
2926
3016
2927
3017
2928
3018
2929
3019
2930
3020
2931
3021
2932
3022
2933
3023
2934
3024
2935
3025
2936
3026
2937
3027
2938
3028
2939
3029
2940
3030
2941
3031
2942
3032
2943
3033
2944
3034
2945
3035
2946
3036
2947
3037
2948
3038
2949
3039
2950
3040
2951
3041
2952
3042
2953
3043
2954
3044
2955
3045
2956
3046
2957
3047
2958
3048
2959
3049
2960
3050
2961
3051
2962
3052
2963
3053
2964
3054
2965
3055
2966
3056
2967
3057
2968
3058
2969
3059
2970
3060
2971
3061
2972
3062
2973
3063
2974
3064
2975
3065
2976
3066
2977
3067
2978
3068
2979
3069
2980
3070
2981
3071
2982
3072
2983
3073
2984
3074
2985
3075
2986
3076
2987
3077
2988
3078
3079
2990
3080
6635
2991
3081
2992
3082
2993
3083
2994
3084
2995
3085
2996
3086
2997
3087
2998
3088
2999
3089
3000
3090
3001
3091
3002
3092
3003
3093
3004
3094
3005
3095
3006
3096
3007
3097
3008
3098
3009
3099
3010
3100
3011
3101
3012
3102
3013
3103
3014
3104
3015
3105
3016
3106
3017
3107
3018
3108
3019
3109
3020
3110
3021
3111
3022
3112
3023
3113
3024
3114
3025
3115
3026
3116
3027
3117
3028
3118
3029
3119
3030
3120
3031
3121
3032
3122
3033
3123
3034
3124
3035
3125
3036
3126
3037
3127
3038
3128
3039
3129
3040
3130
3041
3131
3042
3132
3043
3133
3044
3134
3045
3135
3046
3136
3047
3137
3048
3138
3049
3139
3050
3140
3051
3141
3052
3142
3053
3143
3054
3144
3055
3145
3056
3146
3057
3147
3058
3148
3059
3149
3060
3150
3061
3151
3062
3152
3063
3153
3064
3154
3065
3155
3066
3156
3067
3157
3068
3158
3069
3159
3070
3160
3071
3161
3072
3162
3073
3163
3074
3164
3075
3165
3076
3166
3077
3167
3078
3168
3079
3169
3170
3081
3171
6649
3082
3172
3083
3173
3084
3174
3085
3175
3086
3176
3087
3177
3088
3178
3089
3179
3090
3180
3091
3181
3092
3182
3093
3183
3094
3184
3095
3185
3096
3186
3097
3187
3098
3188
3099
3189
3100
3190
3101
3191
3102
3192
3103
3193
3104
3194
3105
3195
3106
3196
3107
3197
3108
3198
3109
3199
3110
3200
3111
3201
3112
3202
3113
3203
3114
3204
3115
3205
3116
3206
3117
3207
3118
3208
3119
3209
3120
3210
3121
3211
3122
3212
3123
3213
3124
3214
3125
3215
3126
3216
3127
3217
3128
3218
3129
3219
3130
3220
3131
3221
3132
3222
3133
3223
3134
3224
3135
3225
3136
3226
3137
3227
3138
3228
3139
3229
3140
3230
3141
3231
3142
3232
3143
3233
3144
3234
3145
3235
3146
3236
3147
3237
3148
3238
3149
3239
3150
3240
3151
3241
3152
3242
3153
3243
3154
3244
3155
3245
3156
3246
3157
3247
3158
3248
3159
3249
3160
3250
3161
3251
3162
3252
3163
3253
3164
3254
3165
3255
3166
3256
3167
3257
3168
3258
3169
3259
3170
3260
3261
3172
3262
6663
3173
3263
3174
3264
3175
3265
3176
3266
3177
3267
3178
3268
3179
3269
3180
3270
3181
3271
3182
3272
3183
3273
3184
3274
3185
3275
3186
3276
3187
3277
3188
3278
3189
3279
3190
3280
3191
3281
3192
3282
3193
3283
3194
3284
3195
3285
3196
3286
3197
3287
3198
3288
3199
3289
3200
3290
3201
3291
3202
3292
3203
3293
3204
3294
3205
3295
3206
3296
3207
3297
3208
3298
3209
3299
3210
3300
3211
3301
3212
3302
3213
3303
3214
3304
3215
3305
3216
3306
3217
3307
3218
3308
3219
3309
3220
3310
3221
3311
3222
3312
3223
3313
3224
3314
3225
3315
3226
3316
3227
3317
3228
3318
3229
3319
3230
3320
3231
3321
3232
3322
3233
3323
3234
3324
3235
3325
3236
3326
3237
3327
3238
3328
3239
3329
3240
3330
3241
3331
3242
3332
3243
3333
3244
3334
3245
3335
3246
3336
3247
3337
3248
3338
3249
3339
3250
3340
3251
3341
3252
3342
3253
3343
3254
3344
3255
3345
3256
3346
3257
3347
3258
3348
3259
3349
3260
3350
3261
3351
3352
3263
3353
6677
3264
3354
3265
3355
3266
3356
3267
3357
3268
3358
3269
3359
3270
3360
3271
3361
3272
3362
3273
3363
3274
3364
3275
3365
3276
3366
3277
3367
3278
3368
3279
3369
3280
3370
3281
3371
3282
3372
3283
3373
3284
3374
3285
3375
3286
3376
3287
3377
3288
3378
3289
3379
3290
3380
3291
3381
3292
3382
3293
3383
3294
3384
3295
3385
3296
3386
3297
3387
3298
3388
3299
3389
3300
3390
3301
3391
3302
3392
3303
3393
3304
3394
3305
3395
3306
3396
3307
3397
3308
3398
3309
3399
3310
3400
3311
3401
3312
3402
3313
3403
3314
3404
3315
3405
3316
3406
3317
3407
3318
3408
3319
3409
3320
3410
3321
3411
3322
3412
3323
3413
3324
3414
3325
3415
3326
3416
3327
3417
3328
3418
3329
3419
3330
3420
3331
3421
3332
3422
3333
3423
3334
3424
3335
3425
3336
3426
3337
3427
3338
3428
3339
3429
3340
3430
3341
3431
3342
3432
3343
3433
3344
3434
3345
3435
3346
3436
3347
3437
3348
3438
3349
3439
3350
3440
3351
3441
3352
3442
3443
3354
3444
6691
3355
3445
3356
3446
3357
3447
3358
3448
3359
3449
3360
3450
3361
3451
3362
3452
3363
3453
3364
3454
3365
3455
3366
3456
3367
3457
3368
3458
3369
3459
3370
3460
3371
3461
3372
3462
3373
3463
3374
3464
3375
3465
3376
3466
3377
3467
3378
3468
3379
3469
3380
3470
3381
3471
3382
3472
3383
3473
3384
3474
3385
3475
3386
3476
3387
3477
3388
3478
3389
3479
3390
3480
3391
3481
3392
3482
3393
3483
3394
3484
3395
3485
3396
3486
3397
3487
3398
3488
3399
3489
3400
3490
3401
3491
3402
3492
3403
3493
3404
3494
3405
3495
3406
3496
3407
3497
3408
3498
3409
3499
3410
3500
3411
3501
3412
3502
3413
3503
3414
3504
3415
3505
3416
3506
3417
3507
3418
3508
3419
3509
3420
3510
3421
3511
3422
3512
3423
3513
3424
3514
3425
3515
3426
3516
3427
3517
3428
3518
3429
3519
3430
3520
3431
3521
3432
3522
3433
3523
3434
3524
3435
3525
3436
3526
3437
3527
3438
3528
3439
3529
3440
3530
3441
3531
3442
3532
3443
3533
3534
3445
3535
5367
3446
3536
3447
3537
3448
3538
3449
3539
3450
3540
3451
3541
3452
3542
3453
3543
3454
3544
3455
3545
3456
3546
3457
3547
3458
3548
3459
3549
3460
3550
3461
3551
3462
3552
3463
3553
3464
3554
3465
3555
3466
3556
3467
3557
3468
3558
3469
3559
3470
3560
3471
3561
3472
3562
3473
3563
3474
3564
3475
3565
3476
3566
3477
3567
3478
3568
3479
3569
3480
3570
3481
3571
3482
3572
3483
3573
3484
3574
3485
3575
3486
3576
3487
3577
3488
3578
3489
3579
3490
3580
3491
3581
3492
3582
3493
3583
3494
3584
3495
3585
3496
3586
3497
3587
3498
3588
3499
3589
3500
3590
3501
3591
3502
3592
3503
3593
3504
3594
3505
3595
3506
3596
3507
3597
3508
3598
3509
3599
3510
3600
3511
3601
3512
3602
3513
3603
3514
3604
3515
3605
3516
3606
3517
3607
3518
3608
3519
3609
3520
3610
3521
3611
3522
3612
3523
3613
3524
3614
3525
3615
3526
3616
3527
3617
3528
3618
3529
3619
3530
3620
3531
3621
3532
3622
3533
3623
3534
3624
3625
3536
3626
5380
3537
3627
3538
3628
3539
3629
3540
3630
3541
3631
3542
3632
3543
3633
3544
3634
3545
3635
3546
3636
3547
3637
3548
3638
3549
3639
3550
3640
3551
3641
3552
3642
3553
3643
3554
3644
3555
3645
3556
3646
3557
3647
3558
3648
3559
3649
3560
3650
3561
3651
3562
3652
3563
3653
3564
3654
3565
3655
3566
3656
3567
3657
3568
3658
3569
3659
3570
3660
3571
3661
3572
3662
3573
3663
3574
3664
3575
3665
3576
3666
3577
3667
3578
3668
3579
3669
3580
3670
3581
3671
3582
3672
3583
3673
3584
3674
3585
3675
3586
3676
3587
3677
3588
3678
3589
3679
3590
3680
3591
3681
3592
3682
3593
3683
3594
3684
3595
3685
3596
3686
3597
3687
3598
3688
3599
3689
3600
3690
3601
3691
3602
3692
3603
3693
3604
3694
3605
3695
3606
3696
3607
3697
3608
3698
3609
3699
3610
3700
3611
3701
3612
3702
3613
3703
3614
3704
3615
3705
3616
3706
3617
3707
3618
3708
3619
3709
3620
3710
3621
3711
3622
3712
3623
3713
3624
3714
3625
3715
3716
3627
3717
5393
3628
3718
3629
3719
3630
3720
3631
3721
3632
3722
3633
3723
3634
3724
3635
3725
3636
3726
3637
3727
3638
3728
3639
3729
3640
3730
3641
3731
3642
3732
3643
3733
3644
3734
3645
3735
3646
3736
3647
3737
3648
3738
3649
3739
3650
3740
3651
3741
3652
3742
3653
3743
3654
3744
3655
3745
3656
3746
3657
3747
3658
3748
3659
3749
3660
3750
3661
3751
3662
3752
3663
3753
3664
3754
3665
3755
3666
3756
3667
3757
3668
3758
3669
3759
3670
3760
3671
3761
3672
3762
3673
3763
3674
3764
3675
3765
3676
3766
3677
3767
3678
3768
3679
3769
3680
3770
3681
3771
3682
3772
3683
3773
3684
3774
3685
3775
3686
3776
3687
3777
3688
3778
3689
3779
3690
3780
3691
3781
3692
3782
3693
3783
3694
3784
3695
3785
3696
3786
3697
3787
3698
3788
3699
3789
3700
3790
3701
3791
3702
3792
3703
3793
3704
3794
3705
3795
3706
3796
3707
3797
3708
3798
3709
3799
3710
3800
3711
3801
3712
3802
3713
3803
3714
3804
3715
3805
3716
3806
3807
3718
3808
5406
3719
3809
3720
3810
3721
3811
3722
3812
3723
3813
3724
3814
3725
3815
3726
3816
3727
3817
3728
3818
3729
3819
3730
3820
3731
3821
3732
3822
3733
3823
3734
3824
3735
3825
3736
3826
3737
3827
3738
3828
3739
3829
3740
3830
3741
3831
3742
3832
3743
3833
3744
3834
3745
3835
3746
3836
3747
3837
3748
3838
3749
3839
3750
3840
3751
3841
3752
3842
3753
3843
3754
3844
3755
3845
3756
3846
3757
3847
3758
3848
3759
3849
3760
3850
3761
3851
3762
3852
3763
3853
3764
3854
3765
3855
3766
3856
3767
3857
3768
3858
3769
3859
3770
3860
3771
3861
3772
3862
3773
3863
3774
3864
3775
3865
3776
3866
3777
3867
3778
3868
3779
3869
3780
3870
3781
3871
3782
3872
3783
3873
3784
3874
3785
3875
3786
3876
3787
3877
3788
3878
3789
3879
3790
3880
3791
3881
3792
3882
3793
3883
3794
3884
3795
3885
3796
3886
3797
3887
3798
3888
3799
3889
3800
3890
3801
3891
3802
3892
3803
3893
3804
3894
3805
3895
3806
3896
3807
3897
3898
3809
3899
5419
3810
3900
3811
3901
3812
3902
3813
3903
3814
3904
3815
3905
3816
3906
3817
3907
3818
3908
3819
3909
3820
3910
3821
3911
3822
3912
3823
3913
3824
3914
3825
3915
3826
3916
3827
3917
3828
3918
3829
3919
3830
3920
3831
3921
3832
3922
3833
3923
3834
3924
3835
3925
3836
3926
3837
3927
3838
3928
3839
3929
3840
3930
3841
3931
3842
3932
3843
3933
3844
3934
3845
3935
3846
3936
3847
3937
3848
3938
3849
3939
3850
3940
3851
3941
3852
3942
3853
3943
3854
3944
3855
3945
3856
3946
3857
3947
3858
3948
3859
3949
3860
3950
3861
3951
3862
3952
3863
3953
3864
3954
3865
3955
3866
3956
3867
3957
3868
3958
3869
3959
3870
3960
3871
3961
3872
3962
3873
3963
3874
3964
3875
3965
3876
3966
3877
3967
3878
3968
3879
3969
3880
3970
3881
3971
3882
3972
3883
3973
3884
3974
3885
3975
3886
3976
3887
3977
3888
3978
3889
3979
3890
3980
3891
3981
3892
3982
3893
3983
3894
3984
3895
3985
3896
3986
3897
3987
3898
3988
3989
3900
3990
5432
3901
3991
3902
3992
3903
3993
3904
3994
3905
3995
3906
3996
3907
3997
3908
3998
3909
3999
3910
4000
3911
4001
3912
4002
3913
4003
3914
4004
3915
4005
3916
4006
3917
4007
3918
4008
3919
4009
3920
4010
3921
4011
3922
4012
3923
4013
3924
4014
3925
4015
3926
4016
3927
4017
3928
4018
3929
4019
3930
4020
3931
4021
3932
4022
3933
4023
3934
4024
3935
4025
3936
4026
3937
4027
3938
4028
3939
4029
3940
4030
3941
4031
3942
4032
3943
4033
3944
4034
3945
4035
3946
4036
3947
4037
3948
4038
3949
4039
3950
4040
3951
4041
3952
4042
3953
4043
3954
4044
3955
4045
3956
4046
3957
4047
3958
4048
3959
4049
3960
4050
3961
4051
3962
4052
3963
4053
3964
4054
3965
4055
3966
4056
3967
4057
3968
4058
3969
4059
3970
4060
3971
4061
3972
4062
3973
4063
3974
4064
3975
4065
3976
4066
3977
4067
3978
4068
3979
4069
3980
4070
3981
4071
3982
4072
3983
4073
3984
4074
3985
4075
3986
4076
3987
4077
3988
4078
3989
4079
4080
3991
4081
5445
3992
4082
3993
4083
3994
4084
3995
4085
3996
4086
3997
4087
3998
4088
3999
4089
4000
4090
4001
4091
4002
4092
4003
4093
4004
4094
4005
4095
4006
4096
4007
4097
4008
4098
4009
4099
4010
4100
4011
4101
4012
4102
4013
4103
4014
4104
4015
4105
4016
4106
4017
4107
4018
4108
4019
4109
4020
4110
4021
4111
4022
4112
4023
4113
4024
4114
4025
4115
4026
4116
4027
4117
4028
4118
4029
4119
4030
4120
4031
4121
4032
4122
4033
4123
4034
4124
4035
4125
4036
4126
4037
4127
4038
4128
4039
4129
4040
4130
4041
4131
4042
4132
4043
4133
4044
4134
4045
4135
4046
4136
4047
4137
4048
4138
4049
4139
4050
4140
4051
4141
4052
4142
4053
4143
4054
4144
4055
4145
4056
4146
4057
4147
4058
4148
4059
4149
4060
4150
4061
4151
4062
4152
4063
4153
4064
4154
4065
4155
4066
4156
4067
4157
4068
4158
4069
4159
4070
4160
4071
4161
4072
4162
4073
4163
4074
4164
4075
4165
4076
4166
4077
4167
4078
4168
4079
4169
4080
4170
4171
4082
4172
5458
4083
4173
4084
4174
4085
4175
4086
4176
4087
4177
4088
4178
4089
4179
4090
4180
4091
4181
4092
4182
4093
4183
4094
4184
4095
4185
4096
4186
4097
4187
4098
4188
4099
4189
4100
4190
4101
4191
4102
4192
4103
4193
4104
4194
4105
4195
4106
4196
4107
4197
4108
4198
4109
4199
4110
4200
4111
4201
4112
4202
4113
4203
4114
4204
4115
4205
4116
4206
4117
4207
4118
4208
4119
4209
4120
4210
4121
4211
4122
4212
4123
4213
4124
4214
4125
4215
4126
4216
4127
4217
4128
4218
4129
4219
4130
4220
4131
4221
4132
4222
4133
4223
4134
4224
4135
4225
4136
4226
4137
4227
4138
4228
4139
4229
4140
4230
4141
4231
4142
4232
4143
4233
4144
4234
4145
4235
4146
4236
4147
4237
4148
4238
4149
4239
4150
4240
4151
4241
4152
4242
4153
4243
4154
4244
4155
4245
4156
4246
4157
4247
4158
4248
4159
4249
4160
4250
4161
4251
4162
4252
4163
4253
4164
4254
4165
4255
4166
4256
4167
4257
4168
4258
4169
4259
4170
4260
4171
4261
4262
4173
4263
5471
4174
4264
4175
4265
4176
4266
4177
4267
4178
4268
4179
4269
4180
4270
4181
4271
4182
4272
4183
4273
4184
4274
4185
4275
4186
4276
4187
4277
4188
4278
4189
4279
4190
4280
4191
4281
4192
4282
4193
4283
4194
4284
4195
4285
4196
4286
4197
4287
4198
4288
4199
4289
4200
4290
4201
4291
4202
4292
4203
4293
4204
4294
4205
4295
4206
4296
4207
4297
4208
4298
4209
4299
4210
4300
4211
4301
4212
4302
4213
4303
4214
4304
4215
4305
4216
4306
4217
4307
4218
4308
4219
4309
4220
4310
4221
4311
4222
4312
4223
4313
4224
4314
4225
4315
4226
4316
4227
4317
4228
4318
4229
4319
4230
4320
4231
4321
4232
4322
4233
4323
4234
4324
4235
4325
4236
4326
4237
4327
4238
4328
4239
4329
4240
4330
4241
4331
4242
4332
4243
4333
4244
4334
4245
4335
4246
4336
4247
4337
4248
4338
4249
4339
4250
4340
4251
4341
4252
4342
4253
4343
4254
4344
4255
4345
4256
4346
4257
4347
4258
4348
4259
4349
4260
4350
4261
4351
4262
4352
4353
4264
4354
5484
4265
4355
4266
4356
4267
4357
4268
4358
4269
4359
4270
4360
4271
4361
4272
4362
4273
4363
4274
4364
4275
4365
4276
4366
4277
4367
4278
4368
4279
4369
4280
4370
4281
4371
4282
4372
4283
4373
4284
4374
4285
4375
4286
4376
4287
4377
4288
4378
4289
4379
4290
4380
4291
4381
4292
4382
4293
4383
4294
4384
4295
4385
4296
4386
4297
4387
4298
4388
4299
4389
4300
4390
4301
4391
4302
4392
4303
4393
4304
4394
4305
4395
4306
4396
4307
4397
4308
4398
4309
4399
4310
4400
4311
4401
4312
4402
4313
4403
4314
4404
4315
4405
4316
4406
4317
4407
4318
4408
4319
4409
4320
4410
4321
4411
4322
4412
4323
4413
4324
4414
4325
4415
4326
4416
4327
4417
4328
4418
4329
4419
4330
4420
4331
4421
4332
4422
4333
4423
4334
4424
4335
4425
4336
4426
4337
4427
4338
4428
4339
4429
4340
4430
4341
4431
4342
4432
4343
4433
4344
4434
4345
4435
4346
4436
4347
4437
4348
4438
4349
4439
4350
4440
4351
4441
4352
4442
4353
4443
4444
4355
4445
5497
4356
4446
4357
4447
4358
4448
4359
4449
4360
4450
4361
4451
4362
4452
4363
4453
4364
4454
4365
4455
4366
4456
4367
4457
4368
4458
4369
4459
4370
4460
4371
4461
4372
4462
4373
4463
4374
4464
4375
4465
4376
4466
4377
4467
4378
4468
4379
4469
4380
4470
4381
4471
4382
4472
4383
4473
4384
4474
4385
4475
4386
4476
4387
4477
4388
4478
4389
4479
4390
4480
4391
4481
4392
4482
4393
4483
4394
4484
4395
4485
4396
4486
4397
4487
4398
4488
4399
4489
4400
4490
4401
4491
4402
4492
4403
4493
4404
4494
4405
4495
4406
4496
4407
4497
4408
4498
4409
4499
4410
4500
4411
4501
4412
4502
4413
4503
4414
4504
4415
4505
4416
4506
4417
4507
4418
4508
4419
4509
4420
4510
4421
4511
4422
4512
4423
4513
4424
4514
4425
4515
4426
4516
4427
4517
4428
4518
4429
4519
4430
4520
4431
4521
4432
4522
4433
4523
4434
4524
4435
4525
4436
4526
4437
4527
4438
4528
4439
4529
4440
4530
4441
4531
4442
4532
4443
4533
4444
4534
4535
4446
4536
5510
4447
4537
4448
4538
4449
4539
4450
4540
4451
4541
4452
4542
4453
4543
4454
4544
4455
4545
4456
4546
4457
4547
4458
4548
4459
4549
4460
4550
4461
4551
4462
4552
4463
4553
4464
4554
4465
4555
4466
4556
4467
4557
4468
4558
4469
4559
4470
4560
4471
4561
4472
4562
4473
4563
4474
4564
4475
4565
4476
4566
4477
4567
4478
4568
4479
4569
4480
4570
4481
4571
4482
4572
4483
4573
4484
4574
4485
4575
4486
4576
4487
4577
4488
4578
4489
4579
4490
4580
4491
4581
4492
4582
4493
4583
4494
4584
4495
4585
4496
4586
4497
4587
4498
4588
4499
4589
4500
4590
4501
4591
4502
4592
4503
4593
4504
4594
4505
4595
4506
4596
4507
4597
4508
4598
4509
4599
4510
4600
4511
4601
4512
4602
4513
4603
4514
4604
4515
4605
4516
4606
4517
4607
4518
4608
4519
4609
4520
4610
4521
4611
4522
4612
4523
4613
4524
4614
4525
4615
4526
4616
4527
4617
4528
4618
4529
4619
4530
4620
4531
4621
4532
4622
4533
4623
4534
4624
4535
4625
4626
4537
4627
5523
4538
4628
4539
4629
4540
4630
4541
4631
4542
4632
4543
4633
4544
4634
4545
4635
4546
4636
4547
4637
4548
4638
4549
4639
4550
4640
4551
4641
4552
4642
4553
4643
4554
4644
4555
4645
4556
4646
4557
4647
4558
4648
4559
4649
4560
4650
4561
4651
4562
4652
4563
4653
4564
4654
4565
4655
4566
4656
4567
4657
4568
4658
4569
4659
4570
4660
4571
4661
4572
4662
4573
4663
4574
4664
4575
4665
4576
4666
4577
4667
4578
4668
4579
4669
4580
4670
4581
4671
4582
4672
4583
4673
4584
4674
4585
4675
4586
4676
4587
4677
4588
4678
4589
4679
4590
4680
4591
4681
4592
4682
4593
4683
4594
4684
4595
4685
4596
4686
4597
4687
4598
4688
4599
4689
4600
4690
4601
4691
4602
4692
4603
4693
4604
4694
4605
4695
4606
4696
4607
4697
4608
4698
4609
4699
4610
4700
4611
4701
4612
4702
4613
4703
4614
4704
4615
4705
4616
4706
4617
4707
4618
4708
4619
4709
4620
4710
4621
4711
4622
4712
4623
4713
4624
4714
4625
4715
4626
4716
4717
4628
4718
5536
4629
4719
4630
4720
4631
4721
4632
4722
4633
4723
4634
4724
4635
4725
4636
4726
4637
4727
4638
4728
4639
4729
4640
4730
4641
4731
4642
4732
4643
4733
4644
4734
4645
4735
4646
4736
4647
4737
4648
4738
4649
4739
4650
4740
4651
4741
4652
4742
4653
4743
4654
4744
4655
4745
4656
4746
4657
4747
4658
4748
4659
4749
4660
4750
4661
4751
4662
4752
4663
4753
4664
4754
4665
4755
4666
4756
4667
4757
4668
4758
4669
4759
4670
4760
4671
4761
4672
4762
4673
4763
4674
4764
4675
4765
4676
4766
4677
4767
4678
4768
4679
4769
4680
4770
4681
4771
4682
4772
4683
4773
4684
4774
4685
4775
4686
4776
4687
4777
4688
4778
4689
4779
4690
4780
4691
4781
4692
4782
4693
4783
4694
4784
4695
4785
4696
4786
4697
4787
4698
4788
4699
4789
4700
4790
4701
4791
4702
4792
4703
4793
4704
4794
4705
4795
4706
4796
4707
4797
4708
4798
4709
4799
4710
4800
4711
4801
4712
4802
4713
4803
4714
4804
4715
4805
4716
4806
4717
4807
4808
4719
4809
5549
4720
4810
4721
4811
4722
4812
4723
4813
4724
4814
4725
4815
4726
4816
4727
4817
4728
4818
4729
4819
4730
4820
4731
4821
4732
4822
4733
4823
4734
4824
4735
4825
4736
4826
4737
4827
4738
4828
4739
4829
4740
4830
4741
4831
4742
4832
4743
4833
4744
4834
4745
4835
4746
4836
4747
4837
4748
4838
4749
4839
4750
4840
4751
4841
4752
4842
4753
4843
4754
4844
4755
4845
4756
4846
4757
4847
4758
4848
4759
4849
4760
4850
4761
4851
4762
4852
4763
4853
4764
4854
4765
4855
4766
4856
4767
4857
4768
4858
4769
4859
4770
4860
4771
4861
4772
4862
4773
4863
4774
4864
4775
4865
4776
4866
4777
4867
4778
4868
4779
4869
4780
4870
4781
4871
4782
4872
4783
4873
4784
4874
4785
4875
4786
4876
4787
4877
4788
4878
4789
4879
4790
4880
4791
4881
4792
4882
4793
4883
4794
4884
4795
4885
4796
4886
4797
4887
4798
4888
4799
4889
4800
4890
4801
4891
4802
4892
4803
4893
4804
4894
4805
4895
4806
4896
4807
4897
4808
4898
4899
4810
4900
5562
4811
4901
4812
4902
4813
4903
4814
4904
4815
4905
4816
4906
4817
4907
4818
4908
4819
4909
4820
4910
4821
4911
4822
4912
4823
4913
4824
4914
4825
4915
4826
4916
4827
4917
4828
4918
4829
4919
4830
4920
4831
4921
4832
4922
4833
4923
4834
4924
4835
4925
4836
4926
4837
4927
4838
4928
4839
4929
4840
4930
4841
4931
4842
4932
4843
4933
4844
4934
4845
4935
4846
4936
4847
4937
4848
4938
4849
4939
4850
4940
4851
4941
4852
4942
4853
4943
4854
4944
4855
4945
4856
4946
4857
4947
4858
4948
4859
4949
4860
4950
4861
4951
4862
4952
4863
4953
4864
4954
4865
4955
4866
4956
4867
4957
4868
4958
4869
4959
4870
4960
4871
4961
4872
4962
4873
4963
4874
4964
4875
4965
4876
4966
4877
4967
4878
4968
4879
4969
4880
4970
4881
4971
4882
4972
4883
4973
4884
4974
4885
4975
4886
4976
4887
4977
4888
4978
4889
4979
4890
4980
4891
4981
4892
4982
4893
4983
4894
4984
4895
4985
4896
4986
4897
4987
4898
4988
4899
4989
4990
4901
4991
5575
4902
4992
4903
4993
4904
4994
4905
4995
4906
4996
4907
4997
4908
4998
4909
4999
4910
5000
4911
5001
4912
5002
4913
5003
4914
5004
4915
5005
4916
5006
4917
5007
4918
5008
4919
5009
4920
5010
4921
5011
4922
5012
4923
5013
4924
5014
4925
5015
4926
5016
4927
5017
4928
5018
4929
5019
4930
5020
4931
5021
4932
5022
4933
5023
4934
5024
4935
5025
4936
5026
4937
5027
4938
5028
4939
5029
4940
5030
4941
5031
4942
5032
4943
5033
4944
5034
4945
5035
4946
5036
4947
5037
4948
5038
4949
5039
4950
5040
4951
5041
4952
5042
4953
5043
4954
5044
4955
5045
4956
5046
4957
5047
4958
5048
4959
5049
4960
5050
4961
5051
4962
5052
4963
5053
4964
5054
4965
5055
4966
5056
4967
5057
4968
5058
4969
5059
4970
5060
4971
5061
4972
5062
4973
5063
4974
5064
4975
5065
4976
5066
4977
5067
4978
5068
4979
5069
4980
5070
4981
5071
4982
5072
4983
5073
4984
5074
4985
5075
4986
5076
4987
5077
4988
5078
4989
5079
4990
5080
5081
4992
5082
5588
4993
5083
4994
5084
4995
5085
4996
5086
4997
5087
4998
5088
4999
5089
5000
5090
5001
5091
5002
5092
5003
5093
5004
5094
5005
5095
5006
5096
5007
5097
5008
5098
5009
5099
5010
5100
5011
5101
5012
5102
5013
5103
5014
5104
5015
5105
5016
5106
5017
5107
5018
5108
5019
5109
5020
5110
5021
5111
5022
5112
5023
5113
5024
5114
5025
5115
5026
5116
5027
5117
5028
5118
5029
5119
5030
5120
5031
5121
5032
5122
5033
5123
5034
5124
5035
5125
5036
5126
5037
5127
5038
5128
5039
5129
5040
5130
5041
5131
5042
5132
5043
5133
5044
5134
5045
5135
5046
5136
5047
5137
5048
5138
5049
5139
5050
5140
5051
5141
5052
5142
5053
5143
5054
5144
5055
5145
5056
5146
5057
5147
5058
5148
5059
5149
5060
5150
5061
5151
5062
5152
5063
5153
5064
5154
5065
5155
5066
5156
5067
5157
5068
5158
5069
5159
5070
5160
5071
5161
5072
5162
5073
5163
5074
5164
5075
5165
5076
5166
5077
5167
5078
5168
5079
5169
5080
5170
5081
5171
5172
5083
5173
5601
5084
5174
5085
5175
5086
5176
5087
5177
5088
5178
5089
5179
5090
5180
5091
5181
5092
5182
5093
5183
5094
5184
5095
5185
5096
5186
5097
5187
5098
5188
5099
5189
5100
5190
5101
5191
5102
5192
5103
5193
5104
5194
5105
5195
5106
5196
5107
5197
5108
5198
5109
5199
5110
5200
5111
5201
5112
5202
5113
5203
5114
5204
5115
5205
5116
5206
5117
5207
5118
5208
5119
5209
5120
5210
5121
5211
5122
5212
5123
5213
5124
5214
5125
5215
5126
5216
5127
5217
5128
5218
5129
5219
5130
5220
5131
5221
5132
5222
5133
5223
5134
5224
5135
5225
5136
5226
5137
5227
5138
5228
5139
5229
5140
5230
5141
5231
5142
5232
5143
5233
5144
5234
5145
5235
5146
5236
5147
5237
5148
5238
5149
5239
5150
5240
5151
5241
5152
5242
5153
5243
5154
5244
5155
5245
5156
5246
5157
5247
5158
5248
5159
5249
5160
5250
5161
5251
5162
5252
5163
5253
5164
5254
5165
5255
5166
5256
5167
5257
5168
5258
5169
5259
5170
5260
5171
5261
5172
5262
5263
5174
5264
5614
5175
5265
5176
5266
5177
5267
5178
5268
5179
5269
5180
5270
5181
5271
5182
5272
5183
5273
5184
5274
5185
5275
5186
5276
5187
5277
5188
5278
5189
5279
5190
5280
5191
5281
5192
5282
5193
5283
5194
5284
5195
5285
5196
5286
5197
5287
5198
5288
5199
5289
5200
5290
5201
5291
5202
5292
5203
5293
5204
5294
5205
5295
5206
5296
5207
5297
5208
5298
5209
5299
5210
5300
5211
5301
5212
5302
5213
5303
5214
5304
5215
5305
5216
5306
5217
5307
5218
5308
5219
5309
5220
5310
5221
5311
5222
5312
5223
5313
5224
5314
5225
5315
5226
5316
5227
5317
5228
5318
5229
5319
5230
5320
5231
5321
5232
5322
5233
5323
5234
5324
5235
5325
5236
5326
5237
5327
5238
5328
5239
5329
5240
5330
5241
5331
5242
5332
5243
5333
5244
5334
5245
5335
5246
5336
5247
5337
5248
5338
5249
5339
5250
5340
5251
5341
5252
5342
5253
5343
5254
5344
5255
5345
5256
5346
5257
5347
5258
5348
5259
5349
5260
5350
5261
5351
5262
5352
5263
5353
5354
5265
5627
5266
5267
5268
5269
5270
5271
5272
5273
5274
5275
5276
5277
5278
5279
5280
5281
5282
5283
5284
5285
5286
5287
5288
5289
5290
5291
5292
5293
5294
5295
5296
5297
5298
5299
5300
5301
5302
5303
5304
5305
5306
5307
5308
5309
5310
5311
5312
5313
5314
5315
5316
5317
5318
5319
5320
5321
5322
5323
5324
5325
5326
5327
5328
5329
5330
5331
5332
5333
5334
5335
5336
5337
5338
5339
5340
5341
5342
5343
5344
5345
5346
5347
5348
5349
5350
5351
5352
5353
5354
5356
5368
5648
6861
5357
5369
6862
5358
5370
6863
5359
5371
6864
5360
5372
6865
5361
5373
6866
5362
5374
6867
5363
5375
6868
5364
5376
6869
5365
5377
6870
5366
5378
6871
5367
5379
6872
5380
6873
5369
5381
5669
5370
5382
5371
5383
5372
5384
5373
5385
5374
5386
5375
5387
5376
5388
5377
5389
5378
5390
5379
5391
5380
5392
5393
5382
5394
5690
5383
5395
5384
5396
5385
5397
5386
5398
5387
5399
5388
5400
5389
5401
5390
5402
5391
5403
5392
5404
5393
5405
5406
5395
5407
5711
5396
5408
5397
5409
5398
5410
5399
5411
5400
5412
5401
5413
5402
5414
5403
5415
5404
5416
5405
5417
5406
5418
5419
5408
5420
5732
5409
5421
5410
5422
5411
5423
5412
5424
5413
5425
5414
5426
5415
5427
5416
5428
5417
5429
5418
5430
5419
5431
5432
5421
5433
5753
5422
5434
5423
5435
5424
5436
5425
5437
5426
5438
5427
5439
5428
5440
5429
5441
5430
5442
5431
5443
5432
5444
5445
5434
5446
5774
5435
5447
5436
5448
5437
5449
5438
5450
5439
5451
5440
5452
5441
5453
5442
5454
5443
5455
5444
5456
5445
5457
5458
5447
5459
5795
5448
5460
5449
5461
5450
5462
5451
5463
5452
5464
5453
5465
5454
5466
5455
5467
5456
5468
5457
5469
5458
5470
5471
5460
5472
5816
5461
5473
5462
5474
5463
5475
5464
5476
5465
5477
5466
5478
5467
5479
5468
5480
5469
5481
5470
5482
5471
5483
5484
5473
5485
5837
5474
5486
5475
5487
5476
5488
5477
5489
5478
5490
5479
5491
5480
5492
5481
5493
5482
5494
5483
5495
5484
5496
5497
5486
5498
5858
5487
5499
5488
5500
5489
5501
5490
5502
5491
5503
5492
5504
5493
5505
5494
5506
5495
5507
5496
5508
5497
5509
5510
5499
5511
5879
5500
5512
5501
5513
5502
5514
5503
5515
5504
5516
5505
5517
5506
5518
5507
5519
5508
5520
5509
5521
5510
5522
5523
5512
5524
5900
5513
5525
5514
5526
5515
5527
5516
5528
5517
5529
5518
5530
5519
5531
5520
5532
5521
5533
5522
5534
5523
5535
5536
5525
5537
5921
5526
5538
5527
5539
5528
5540
5529
5541
5530
5542
5531
5543
5532
5544
5533
5545
5534
5546
5535
5547
5536
5548
5549
5538
5550
5942
5539
5551
5540
5552
5541
5553
5542
5554
5543
5555
5544
5556
5545
5557
5546
5558
5547
5559
5548
5560
5549
5561
5562
5551
5563
5963
5552
5564
5553
5565
5554
5566
5555
5567
5556
5568
5557
5569
5558
5570
5559
5571
5560
5572
5561
5573
5562
5574
5575
5564
5576
5984
5565
5577
5566
5578
5567
5579
5568
5580
5569
5581
5570
5582
5571
5583
5572
5584
5573
5585
5574
5586
5575
5587
5588
5577
5589
6005
5578
5590
5579
5591
5580
5592
5581
5593
5582
5594
5583
5595
5584
5596
5585
5597
5586
5598
5587
5599
5588
5600
5601
5590
5602
6026
5591
5603
5592
5604
5593
5605
5594
5606
5595
5607
5596
5608
5597
5609
5598
5610
5599
5611
5600
5612
5601
5613
5614
5603
5615
6047
5604
5616
5605
5617
5606
5618
5607
5619
5608
5620
5609
5621
5610
5622
5611
5623
5612
5624
5613
5625
5614
5626
5627
5616
6068
5617
5618
5619
5620
5621
5622
5623
5624
5625
5626
5627
5629
5649
6237
5630
5650
6238
5631
5651
6239
5632
5652
6240
5633
5653
6241
5634
5654
6242
5635
5655
6243
5636
5656
6244
5637
5657
6245
5638
5658
6246
5639
5659
6247
5640
5660
6248
5641
5661
6249
5642
5662
6250
5643
5663
6251
5644
5664
6252
5645
5665
6253
5646
5666
6254
5647
5667
6255
5648
5668
6256
5669
6257
5650
5670
5651
5671
5652
5672
5653
5673
5654
5674
5655
5675
5656
5676
5657
5677
5658
5678
5659
5679
5660
5680
5661
5681
5662
5682
5663
5683
5664
5684
5665
5685
5666
5686
5667
5687
5668
5688
5669
5689
5690
5671
5691
5672
5692
5673
5693
5674
5694
5675
5695
5676
5696
5677
5697
5678
5698
5679
5699
5680
5700
5681
5701
5682
5702
5683
5703
5684
5704
5685
5705
5686
5706
5687
5707
5688
5708
5689
5709
5690
5710
5711
5692
5712
5693
5713
5694
5714
5695
5715
5696
5716
5697
5717
5698
5718
5699
5719
5700
5720
5701
5721
5702
5722
5703
5723
5704
5724
5705
5725
5706
5726
5707
5727
5708
5728
5709
5729
5710
5730
5711
5731
5732
5713
5733
5714
5734
5715
5735
5716
5736
5717
5737
5718
5738
5719
5739
5720
5740
5721
5741
5722
5742
5723
5743
5724
5744
5725
5745
5726
5746
5727
5747
5728
5748
5729
5749
5730
5750
5731
5751
5732
5752
5753
5734
5754
5735
5755
5736
5756
5737
5757
5738
5758
5739
5759
5740
5760
5741
5761
5742
5762
5743
5763
5744
5764
5745
5765
5746
5766
5747
5767
5748
5768
5749
5769
5750
5770
5751
5771
5752
5772
5753
5773
5774
5755
5775
5756
5776
5757
5777
5758
5778
5759
5779
5760
5780
5761
5781
5762
5782
5763
5783
5764
5784
5765
5785
5766
5786
5767
5787
5768
5788
5769
5789
5770
5790
5771
5791
5772
5792
5773
5793
5774
5794
5795
5776
5796
5777
5797
5778
5798
5779
5799
5780
5800
5781
5801
5782
5802
5783
5803
5784
5804
5785
5805
5786
5806
5787
5807
5788
5808
5789
5809
5790
5810
5791
5811
5792
5812
5793
5813
5794
5814
5795
5815
5816
5797
5817
5798
5818
5799
5819
5800
5820
5801
5821
5802
5822
5803
5823
5804
5824
5805
5825
5806
5826
5807
5827
5808
5828
5809
5829
5810
5830
5811
5831
5812
5832
5813
5833
5814
5834
5815
5835
5816
5836
5837
5818
5838
5819
5839
5820
5840
5821
5841
5822
5842
5823
5843
5824
5844
5825
5845
5826
5846
5827
5847
5828
5848
5829
5849
5830
5850
5831
5851
5832
5852
5833
5853
5834
5854
5835
5855
5836
5856
5837
5857
5858
5839
5859
5840
5860
5841
5861
5842
5862
5843
5863
5844
5864
5845
5865
5846
5866
5847
5867
5848
5868
5849
5869
5850
5870
5851
5871
5852
5872
5853
5873
5854
5874
5855
5875
5856
5876
5857
5877
5858
5878
5879
5860
5880
5861
5881
5862
5882
5863
5883
5864
5884
5865
5885
5866
5886
5867
5887
5868
5888
5869
5889
5870
5890
5871
5891
5872
5892
5873
5893
5874
5894
5875
5895
5876
5896
5877
5897
5878
5898
5879
5899
5900
5881
5901
5882
5902
5883
5903
5884
5904
5885
5905
5886
5906
5887
5907
5888
5908
5889
5909
5890
5910
5891
5911
5892
5912
5893
5913
5894
5914
5895
5915
5896
5916
5897
5917
5898
5918
5899
5919
5900
5920
5921
5902
5922
5903
5923
5904
5924
5905
5925
5906
5926
5907
5927
5908
5928
5909
5929
5910
5930
5911
5931
5912
5932
5913
5933
5914
5934
5915
5935
5916
5936
5917
5937
5918
5938
5919
5939
5920
5940
5921
5941
5942
5923
5943
5924
5944
5925
5945
5926
5946
5927
5947
5928
5948
5929
5949
5930
5950
5931
5951
5932
5952
5933
5953
5934
5954
5935
5955
5936
5956
5937
5957
5938
5958
5939
5959
5940
5960
5941
5961
5942
5962
5963
5944
5964
5945
5965
5946
5966
5947
5967
5948
5968
5949
5969
5950
5970
5951
5971
5952
5972
5953
5973
5954
5974
5955
5975
5956
5976
5957
5977
5958
5978
5959
5979
5960
5980
5961
5981
5962
5982
5963
5983
5984
5965
5985
5966
5986
5967
5987
5968
5988
5969
5989
5970
5990
5971
5991
5972
5992
5973
5993
5974
5994
5975
5995
5976
5996
5977
5997
5978
5998
5979
5999
5980
6000
5981
6001
5982
6002
5983
6003
5984
6004
6005
5986
6006
5987
6007
5988
6008
5989
6009
5990
6010
5991
6011
5992
6012
5993
6013
5994
6014
5995
6015
5996
6016
5997
6017
5998
6018
5999
6019
6000
6020
6001
6021
6002
6022
6003
6023
6004
6024
6005
6025
6026
6007
6027
6008
6028
6009
6029
6010
6030
6011
6031
6012
6032
6013
6033
6014
6034
6015
6035
6016
6036
6017
6037
6018
6038
6019
6039
6020
6040
6021
6041
6022
6042
6023
6043
6024
6044
6025
6045
6026
6046
6047
6028
6048
6029
6049
6030
6050
6031
6051
6032
6052
6033
6053
6034
6054
6035
6055
6036
6056
6037
6057
6038
6058
6039
6059
6040
6060
6041
6061
6042
6062
6043
6063
6044
6064
6045
6065
6046
6066
6047
6067
6068
6049
6050
6051
6052
6053
6054
6055
6056
6057
6058
6059
6060
6061
6062
6063
6064
6065
6066
6067
6068
6070
6090
6071
6091
6072
6092
6073
6093
6074
6094
6075
6095
6076
6096
6077
6097
6078
6098
6079
6099
6080
6100
6081
6101
6082
6102
6083
6103
6084
6104
6085
6105
6086
6106
6087
6107
6088
6108
6089
6109
6110
6258
6091
6111
6092
6112
6093
6113
6094
6114
6095
6115
6096
6116
6097
6117
6098
6118
6099
6119
6100
6120
6101
6121
6102
6122
6103
6123
6104
6124
6105
6125
6106
6126
6107
6127
6108
6128
6109
6129
6110
6130
6131
6272
6112
6132
6113
6133
6114
6134
6115
6135
6116
6136
6117
6137
6118
6138
6119
6139
6120
6140
6121
6141
6122
6142
6123
6143
6124
6144
6125
6145
6126
6146
6127
6147
6128
6148
6129
6149
6130
6150
6131
6151
6152
6286
6133
6153
6134
6154
6135
6155
6136
6156
6137
6157
6138
6158
6139
6159
6140
6160
6141
6161
6142
6162
6143
6163
6144
6164
6145
6165
6146
6166
6147
6167
6148
6168
6149
6169
6150
6170
6151
6171
6152
6172
6173
6300
6154
6174
6155
6175
6156
6176
6157
6177
6158
6178
6159
6179
6160
6180
6161
6181
6162
6182
6163
6183
6164
6184
6165
6185
6166
6186
6167
6187
6168
6188
6169
6189
6170
6190
6171
6191
6172
6192
6173
6193
6194
6314
6175
6195
6176
6196
6177
6197
6178
6198
6179
6199
6180
6200
6181
6201
6182
6202
6183
6203
6184
6204
6185
6205
6186
6206
6187
6207
6188
6208
6189
6209
6190
6210
6191
6211
6192
6212
6193
6213
6194
6214
6215
6328
6196
6216
6197
6217
6198
6218
6199
6219
6200
6220
6201
6221
6202
6222
6203
6223
6204
6224
6205
6225
6206
6226
6207
6227
6208
6228
6209
6229
6210
6230
6211
6231
6212
6232
6213
6233
6214
6234
6215
6235
6236
6342
6217
6237
6218
6238
6219
6239
6220
6240
6221
6241
6222
6242
6223
6243
6224
6244
6225
6245
6226
6246
6227
6247
6228
6248
6229
6249
6230
6250
6231
6251
6232
6252
6233
6253
6234
6254
6235
6255
6236
6256
6257
6356
6238
6239
6240
6241
6242
6243
6244
6245
6246
6247
6248
6249
6250
6251
6252
6253
6254
6255
6256
6257
6370
6259
6272
6384
6260
6273
6397
6261
6274
6410
6262
6275
6423
6263
6276
6436
6264
6277
6449
6265
6278
6462
6266
6279
6475
6267
6280
6488
6268
6281
6501
6269
6282
6514
6270
6283
6527
6271
6284
6540
6285
6553
6273
6286
6274
6287
6275
6288
6276
6289
6277
6290
6278
6291
6279
6292
6280
6293
6281
6294
6282
6295
6283
6296
6284
6297
6285
6298
6299
6287
6300
6288
6301
6289
6302
6290
6303
6291
6304
6292
6305
6293
6306
6294
6307
6295
6308
6296
6309
6297
6310
6298
6311
6299
6312
6313
6301
6314
6302
6315
6303
6316
6304
6317
6305
6318
6306
6319
6307
6320
6308
6321
6309
6322
6310
6323
6311
6324
6312
6325
6313
6326
6327
6315
6328
6316
6329
6317
6330
6318
6331
6319
6332
6320
6333
6321
6334
6322
6335
6323
6336
6324
6337
6325
6338
6326
6339
6327
6340
6341
6329
6342
6330
6343
6331
6344
6332
6345
6333
6346
6334
6347
6335
6348
6336
6349
6337
6350
6338
6351
6339
6352
6340
6353
6341
6354
6355
6343
6356
6344
6357
6345
6358
6346
6359
6347
6360
6348
6361
6349
6362
6350
6363
6351
6364
6352
6365
6353
6366
6354
6367
6355
6368
6369
6357
6370
6358
6371
6359
6372
6360
6373
6361
6374
6362
6375
6363
6376
6364
6377
6365
6378
6366
6379
6367
6380
6368
6381
6369
6382
6383
6371
6861
6372
6848
6373
6835
6374
6822
6375
6809
6376
6796
6377
6783
6378
6770
6379
6757
6380
6744
6381
6731
6382
6718
6383
6705
6692
6385
6397
6386
6398
6387
6399
6388
6400
6389
6401
6390
6402
6391
6403
6392
6404
6393
6405
6394
6406
6395
6407
6396
6408
6409
6579
6398
6410
6399
6411
6400
6412
6401
6413
6402
6414
6403
6415
6404
6416
6405
6417
6406
6418
6407
6419
6408
6420
6409
6421
6422
6578
6411
6423
6412
6424
6413
6425
6414
6426
6415
6427
6416
6428
6417
6429
6418
6430
6419
6431
6420
6432
6421
6433
6422
6434
6435
6577
6424
6436
6425
6437
6426
6438
6427
6439
6428
6440
6429
6441
6430
6442
6431
6443
6432
6444
6433
6445
6434
6446
6435
6447
6448
6576
6437
6449
6438
6450
6439
6451
6440
6452
6441
6453
6442
6454
6443
6455
6444
6456
6445
6457
6446
6458
6447
6459
6448
6460
6461
6575
6450
6462
6451
6463
6452
6464
6453
6465
6454
6466
6455
6467
6456
6468
6457
6469
6458
6470
6459
6471
6460
6472
6461
6473
6474
6574
6463
6475
6464
6476
6465
6477
6466
6478
6467
6479
6468
6480
6469
6481
6470
6482
6471
6483
6472
6484
6473
6485
6474
6486
6487
6573
6476
6488
6477
6489
6478
6490
6479
6491
6480
6492
6481
6493
6482
6494
6483
6495
6484
6496
6485
6497
6486
6498
6487
6499
6500
6572
6489
6501
6490
6502
6491
6503
6492
6504
6493
6505
6494
6506
6495
6507
6496
6508
6497
6509
6498
6510
6499
6511
6500
6512
6513
6571
6502
6514
6503
6515
6504
6516
6505
6517
6506
6518
6507
6519
6508
6520
6509
6521
6510
6522
6511
6523
6512
6524
6513
6525
6526
6570
6515
6527
6516
6528
6517
6529
6518
6530
6519
6531
6520
6532
6521
6533
6522
6534
6523
6535
6524
6536
6525
6537
6526
6538
6539
6569
6528
6540
6529
6541
6530
6542
6531
6543
6532
6544
6533
6545
6534
6546
6535
6547
6536
6548
6537
6549
6538
6550
6539
6551
6552
6568
6541
6553
6542
6554
6543
6555
6544
6556
6545
6557
6546
6558
6547
6559
6548
6560
6549
6561
6550
6562
6551
6563
6552
6564
6565
6567
6554
6555
6556
6557
6558
6559
6560
6561
6562
6563
6564
6565
6566
6567
6580
6568
6581
6569
6582
6570
6583
6571
6584
6572
6585
6573
6586
6574
6587
6575
6588
6576
6589
6577
6590
6578
6591
6579
6592
6593
6581
6594
6582
6595
6583
6596
6584
6597
6585
6598
6586
6599
6587
6600
6588
6601
6589
6602
6590
6603
6591
6604
6592
6605
6593
6606
6607
6595
6608
6596
6609
6597
6610
6598
6611
6599
6612
6600
6613
6601
6614
6602
6615
6603
6616
6604
6617
6605
6618
6606
6619
6607
6620
6621
6609
6622
6610
6623
6611
6624
6612
6625
6613
6626
6614
6627
6615
6628
6616
6629
6617
6630
6618
6631
6619
6632
6620
6633
6621
6634
6635
6623
6636
6624
6637
6625
6638
6626
6639
6627
6640
6628
6641
6629
6642
6630
6643
6631
6644
6632
6645
6633
6646
6634
6647
6635
6648
6649
6637
6650
6638
6651
6639
6652
6640
6653
6641
6654
6642
6655
6643
6656
6644
6657
6645
6658
6646
6659
6647
6660
6648
6661
6649
6662
6663
6651
6664
6652
6665
6653
6666
6654
6667
6655
6668
6656
6669
6657
6670
6658
6671
6659
6672
6660
6673
6661
6674
6662
6675
6663
6676
6677
6665
6678
6666
6679
6667
6680
6668
6681
6669
6682
6670
6683
6671
6684
6672
6685
6673
6686
6674
6687
6675
6688
6676
6689
6677
6690
6691
6679
6704
6680
6717
6681
6730
6682
6743
6683
6756
6684
6769
6685
6782
6686
6795
6687
6808
6688
6821
6689
6834
6690
6847
6691
6860
6873
6693
6705
6694
6706
6695
6707
6696
6708
6697
6709
6698
6710
6699
6711
6700
6712
6701
6713
6702
6714
6703
6715
6704
6716
6717
6706
6718
6707
6719
6708
6720
6709
6721
6710
6722
6711
6723
6712
6724
6713
6725
6714
6726
6715
6727
6716
6728
6717
6729
6730
6719
6731
6720
6732
6721
6733
6722
6734
6723
6735
6724
6736
6725
6737
6726
6738
6727
6739
6728
6740
6729
6741
6730
6742
6743
6732
6744
6733
6745
6734
6746
6735
6747
6736
6748
6737
6749
6738
6750
6739
6751
6740
6752
6741
6753
6742
6754
6743
6755
6756
6745
6757
6746
6758
6747
6759
6748
6760
6749
6761
6750
6762
6751
6763
6752
6764
6753
6765
6754
6766
6755
6767
6756
6768
6769
6758
6770
6759
6771
6760
6772
6761
6773
6762
6774
6763
6775
6764
6776
6765
6777
6766
6778
6767
6779
6768
6780
6769
6781
6782
6771
6783
6772
6784
6773
6785
6774
6786
6775
6787
6776
6788
6777
6789
6778
6790
6779
6791
6780
6792
6781
6793
6782
6794
6795
6784
6796
6785
6797
6786
6798
6787
6799
6788
6800
6789
6801
6790
6802
6791
6803
6792
6804
6793
6805
6794
6806
6795
6807
6808
6797
6809
6798
6810
6799
6811
6800
6812
6801
6813
6802
6814
6803
6815
6804
6816
6805
6817
6806
6818
6807
6819
6808
6820
6821
6810
6822
6811
6823
6812
6824
6813
6825
6814
6826
6815
6827
6816
6828
6817
6829
6818
6830
6819
6831
6820
6832
6821
6833
6834
6823
6835
6824
6836
6825
6837
6826
6838
6827
6839
6828
6840
6829
6841
6830
6842
6831
6843
6832
6844
6833
6845
6834
6846
6847
6836
6848
6837
6849
6838
6850
6839
6851
6840
6852
6841
6853
6842
6854
6843
6855
6844
6856
6845
6857
6846
6858
6847
6859
6860
6849
6861
6850
6862
6851
6863
6852
6864
6853
6865
6854
6866
6855
6867
6856
6868
6857
6869
6858
6870
6859
6871
6860
6872
6873
6862
6863
6864
6865
6866
6867
6868
6869
6870
6871
6872
6873
)


// ************************************************************************* //
