/*--------------------------------*- C++ -*----------------------------------*\
| =========                 |                                                 |
| \\      /  F ield         | OpenFOAM: The Open Source CFD Toolbox           |
|  \\    /   O peration     | Version:  5.x                                   |
|   \\  /    A nd           | Web:      www.OpenFOAM.org                      |
|    \\/     M anipulation  |                                                 |
\*---------------------------------------------------------------------------*/
FoamFile
{
    version     2.0;
    format      ascii;
    class       volScalarField;
    location    "213";
    object      k;
}
// * * * * * * * * * * * * * * * * * * * * * * * * * * * * * * * * * * * * * //

dimensions      [0 2 -2 0 0 0 0];

internalField   nonuniform List<scalar> 
5760
(
0.366562
0.35436
0.343436
0.332188
0.321461
0.311391
0.302402
0.295
0.288411
0.283284
0.27906
0.275914
0.273588
0.271993
0.271042
0.270703
0.270795
0.273902
0.404296
0.420645
0.415692
0.404579
0.396218
0.390474
0.390282
0.391539
0.394366
0.399643
0.405543
0.412264
0.41961
0.42655
0.434653
0.441205
0.449117
0.457881
0.378451
0.392218
0.394868
0.39304
0.388951
0.384008
0.379814
0.376703
0.374035
0.372565
0.371458
0.371449
0.371716
0.372362
0.373491
0.375112
0.376484
0.379329
0.374336
0.375673
0.377402
0.377278
0.376509
0.374814
0.372492
0.370214
0.36787
0.365786
0.363802
0.362125
0.360627
0.359405
0.358269
0.357526
0.356676
0.356393
0.373763
0.372141
0.371348
0.370515
0.369575
0.368442
0.367021
0.36548
0.363821
0.362162
0.360495
0.358896
0.35734
0.355903
0.354495
0.353252
0.352006
0.350964
0.373809
0.371574
0.369713
0.368097
0.366616
0.365219
0.363825
0.362431
0.36102
0.359612
0.358206
0.356827
0.355465
0.354155
0.352866
0.351651
0.350451
0.349347
0.373827
0.371547
0.369426
0.367472
0.365663
0.363982
0.362401
0.3609
0.359459
0.358072
0.356728
0.355429
0.354166
0.35295
0.351764
0.350633
0.349522
0.34848
0.373827
0.371553
0.369399
0.367366
0.365448
0.363642
0.361939
0.360331
0.358807
0.35736
0.355981
0.354666
0.353406
0.352204
0.351047
0.349946
0.348877
0.34787
0.373826
0.371553
0.369398
0.367353
0.365414
0.363576
0.361833
0.360181
0.358613
0.357125
0.35571
0.354365
0.353083
0.351863
0.350697
0.349589
0.348524
0.347517
0.373826
0.371552
0.369396
0.367349
0.365407
0.363562
0.361809
0.360144
0.35856
0.357054
0.355622
0.354258
0.35296
0.351724
0.350545
0.349423
0.34835
0.347331
0.373826
0.371551
0.369394
0.367346
0.365402
0.363556
0.361801
0.360132
0.358545
0.357035
0.355597
0.354228
0.352924
0.351681
0.350497
0.349367
0.34829
0.347262
0.373825
0.371551
0.369392
0.367344
0.365399
0.363551
0.361795
0.360125
0.358536
0.357025
0.355586
0.354215
0.352909
0.351665
0.350478
0.349347
0.348268
0.347238
0.373825
0.37155
0.369392
0.367343
0.365397
0.363548
0.361792
0.360121
0.358532
0.35702
0.35558
0.354208
0.352901
0.351656
0.350468
0.349336
0.348255
0.347224
0.373825
0.37155
0.369392
0.367343
0.365397
0.363549
0.361792
0.360122
0.358533
0.357021
0.355583
0.354212
0.352907
0.351662
0.350476
0.349345
0.348266
0.347236
0.373825
0.37155
0.369392
0.367346
0.365404
0.36356
0.36181
0.360147
0.358566
0.357062
0.355631
0.354269
0.35297
0.351733
0.350553
0.349427
0.348354
0.347327
0.373822
0.371554
0.369416
0.36741
0.365531
0.363763
0.362087
0.360494
0.358972
0.357516
0.35612
0.354783
0.3535
0.352269
0.351088
0.349954
0.348869
0.347823
0.373789
0.371697
0.369988
0.368454
0.36697
0.36546
0.363918
0.362362
0.360808
0.359271
0.35776
0.356286
0.354853
0.353467
0.35213
0.350846
0.349613
0.348434
0.374239
0.374987
0.375426
0.374893
0.373532
0.37128
0.368808
0.366305
0.363877
0.361572
0.359418
0.357415
0.355571
0.353874
0.352322
0.350903
0.349611
0.348421
0.381348
0.38754
0.385889
0.381691
0.376038
0.370982
0.366809
0.363511
0.361002
0.359126
0.357798
0.356855
0.356294
0.355933
0.355875
0.355951
0.356113
0.356496
0.370067
0.362336
0.355538
0.349311
0.343302
0.337551
0.332103
0.327005
0.322266
0.3179
0.313885
0.310217
0.306859
0.303808
0.301014
0.298491
0.296176
0.294085
0.00215464
0.00585131
0.0102031
0.0151758
0.0217094
0.030215
0.0402784
0.0511846
0.0623203
0.0732673
0.0837048
0.0933424
0.101797
0.108633
0.11348
0.115532
0.113503
0.10537
0.114414
0.123663
0.14388
0.139592
0.134274
0.15189
0.164144
0.179067
0.193571
0.208991
0.224683
0.240949
0.257643
0.274834
0.292484
0.310602
0.329169
0.348173
0.36759
0.387396
0.407557
0.428038
0.448795
0.469783
0.49095
0.512241
0.533596
0.554951
0.576236
0.597379
0.618296
0.638901
0.659088
0.678747
0.697755
0.716028
0.733662
0.750653
0.766874
0.782291
0.796845
0.810475
0.823126
0.834745
0.845284
0.854699
0.862954
0.870015
0.875859
0.880469
0.883843
0.885982
0.886893
0.886528
0.884534
0.881552
0.877843
0.872735
0.866461
0.859131
0.850796
0.841524
0.831382
0.820443
0.808779
0.796467
0.783583
0.770205
0.75641
0.742272
0.727869
0.713282
0.698635
0.685169
0.677992
0.671706
0.665527
0.659223
0.653274
0.646173
0.640411
0.611582
0.00788061
0.017918
0.0254181
0.0322344
0.0402
0.0498471
0.0608828
0.0727314
0.0848842
0.0969866
0.108783
0.120042
0.130502
0.139863
0.147799
0.154182
0.15981
0.167579
0.185188
0.203608
0.224614
0.242933
0.262299
0.284592
0.307122
0.331336
0.356335
0.382404
0.409421
0.437438
0.46644
0.496443
0.527447
0.559456
0.592464
0.62646
0.661426
0.697333
0.734144
0.771813
0.810283
0.849489
0.889356
0.929798
0.970723
1.01203
1.0536
1.09531
1.13704
1.17863
1.21993
1.26074
1.30086
1.34
1.37782
1.41448
1.45013
1.48459
1.51775
1.54949
1.57968
1.60819
1.63493
1.65977
1.68263
1.70342
1.72207
1.7385
1.75269
1.76461
1.77424
1.78157
1.78574
1.78773
1.78839
1.78644
1.78206
1.77549
1.76683
1.75617
1.74363
1.72932
1.71338
1.69594
1.67714
1.65711
1.63601
1.61398
1.59116
1.56768
1.54373
1.51967
1.49669
1.47383
1.45098
1.42814
1.4055
1.38258
1.36078
1.31364
0.0148675
0.0292861
0.0389454
0.0478937
0.0576859
0.0688183
0.0811432
0.0942436
0.107728
0.121334
0.134912
0.14838
0.161689
0.174817
0.187883
0.201377
0.216405
0.234799
0.257835
0.281915
0.307304
0.333194
0.360149
0.389121
0.41903
0.45042
0.48299
0.516788
0.551774
0.587959
0.625341
0.663924
0.703709
0.744691
0.786861
0.830198
0.874677
0.920259
0.966897
1.01453
1.06309
1.1125
1.16266
1.21347
1.26481
1.31657
1.3686
1.42075
1.47288
1.52481
1.57636
1.62735
1.67759
1.72691
1.77515
1.82222
1.86796
1.9122
1.95477
1.9955
2.03422
2.07079
2.10506
2.13689
2.16616
2.19276
2.21657
2.23754
2.2556
2.2707
2.28285
2.29197
2.29737
2.2998
2.30027
2.29746
2.2916
2.28292
2.27153
2.25758
2.2412
2.22255
2.2018
2.17911
2.15467
2.12866
2.10125
2.07264
2.04301
2.01254
1.98142
1.95
1.91903
1.8881
1.85718
1.82637
1.79579
1.76563
1.73642
1.68853
0.0220829
0.039984
0.0516461
0.0621525
0.0732529
0.0855226
0.0989212
0.113138
0.127865
0.142914
0.158227
0.173834
0.189813
0.206304
0.223585
0.242173
0.262843
0.286327
0.31258
0.340419
0.369791
0.400555
0.432745
0.466516
0.501539
0.538007
0.575843
0.615055
0.655634
0.697591
0.740931
0.785662
0.831786
0.879302
0.928199
0.978461
1.03006
1.08295
1.13708
1.1924
1.24881
1.30623
1.36455
1.42365
1.4834
1.54366
1.60427
1.66505
1.72583
1.78642
1.84663
1.90626
1.96511
2.02298
2.0797
2.13505
2.18884
2.24084
2.29085
2.33867
2.38412
2.42699
2.46713
2.50437
2.53855
2.56956
2.59727
2.62158
2.64243
2.65977
2.6736
2.68382
2.68984
2.69232
2.69227
2.68839
2.68098
2.67023
2.65631
2.63935
2.61955
2.59707
2.57212
2.54489
2.51561
2.48447
2.45171
2.41753
2.38215
2.34578
2.30866
2.27111
2.23367
2.19622
2.15879
2.1216
2.08476
2.04889
2.01419
1.96607
0.0289886
0.0500758
0.0635981
0.0754471
0.0875779
0.100697
0.114889
0.129954
0.14566
0.16188
0.178616
0.195974
0.214124
0.233288
0.253756
0.275908
0.300176
0.326817
0.35572
0.386484
0.419004
0.45322
0.489066
0.526493
0.565379
0.605801
0.647757
0.691262
0.736327
0.782965
0.831194
0.881025
0.932468
0.985526
1.04019
1.09645
1.15428
1.21363
1.27445
1.33668
1.40021
1.46496
1.5308
1.59759
1.66519
1.73343
1.80212
1.87108
1.94009
2.00895
2.07743
2.1453
2.21233
2.27829
2.34294
2.40602
2.46729
2.52651
2.58344
2.63783
2.68948
2.73817
2.7837
2.82588
2.86455
2.89955
2.93076
2.95805
2.98136
3.00063
3.01586
3.02695
3.03336
3.03583
3.03506
3.03003
3.02102
3.0082
2.99176
2.97188
2.94875
2.92258
2.8936
2.86204
2.82814
2.79215
2.75431
2.71487
2.67407
2.63215
2.58938
2.54606
2.50264
2.45916
2.41574
2.37265
2.3301
2.28898
2.24941
2.20006
0.0354709
0.0593189
0.0745289
0.0875575
0.100525
0.11427
0.129004
0.144641
0.161033
0.178114
0.195937
0.214658
0.234494
0.255684
0.278475
0.303116
0.329836
0.358741
0.389778
0.422797
0.457717
0.494487
0.533043
0.573318
0.61526
0.658904
0.704271
0.751385
0.80027
0.850952
0.903455
0.957803
1.01401
1.07209
1.13204
1.19385
1.2575
1.32294
1.39011
1.45895
1.52935
1.6012
1.67437
1.74871
1.82403
1.90014
1.97685
2.05393
2.13113
2.20822
2.28493
2.361
2.43614
2.51009
2.58255
2.65323
2.72186
2.78816
2.85185
2.91267
2.97037
3.02471
3.07546
3.12242
3.16539
3.20422
3.23875
3.26886
3.29446
3.3155
3.33196
3.34377
3.35046
3.35281
3.35122
3.34496
3.33426
3.31932
3.30032
3.27748
3.25102
3.22117
3.18818
3.15232
3.11386
3.07307
3.03023
2.98561
2.93949
2.89213
2.84382
2.79486
2.74564
2.69633
2.64711
2.59832
2.55028
2.50403
2.45977
2.40822
0.0413742
0.0674957
0.084171
0.0982097
0.111851
0.126044
0.141117
0.157097
0.173927
0.191601
0.210215
0.22995
0.251031
0.273683
0.298107
0.324468
0.352896
0.383449
0.416111
0.450828
0.487557
0.526265
0.566912
0.609456
0.65388
0.700207
0.748468
0.798701
0.850941
0.905228
0.961598
1.02008
1.08071
1.1435
1.20846
1.27558
1.34484
1.4162
1.48959
1.56494
1.64214
1.72106
1.80155
1.88343
1.9665
2.05054
2.13532
2.22057
2.30603
2.39141
2.4764
2.56069
2.64397
2.7259
2.80617
2.88443
2.96039
3.03371
3.10411
3.17127
3.23493
3.29482
3.35068
3.40229
3.44945
3.49197
3.52969
3.56248
3.59023
3.6129
3.63046
3.64286
3.64971
3.65181
3.64932
3.64173
3.62926
3.61211
3.59051
3.56466
3.53483
3.50128
3.46428
3.42412
3.3811
3.33553
3.28772
3.23796
3.18656
3.1338
3.07999
3.02545
2.97054
2.91551
2.8606
2.80623
2.75279
2.70146
2.65248
2.59801
0.0465616
0.0744438
0.0923238
0.107188
0.121353
0.135852
0.151112
0.167266
0.184343
0.202396
0.221549
0.241991
0.263934
0.287578
0.313089
0.340588
0.370164
0.401861
0.435689
0.471642
0.509709
0.549883
0.592156
0.636519
0.682979
0.731567
0.782325
0.835303
0.890553
0.948128
1.00808
1.07045
1.13527
1.20258
1.27239
1.3447
1.41948
1.4967
1.57628
1.65814
1.74216
1.82818
1.91604
2.00553
2.09642
2.18846
2.28138
2.37489
2.46866
2.56236
2.65566
2.7482
2.8396
2.9295
3.01752
3.10331
3.1865
3.26676
3.34374
3.41713
3.4866
3.55188
3.6127
3.6688
3.71996
3.76599
3.80672
3.84201
3.87175
3.89588
3.91436
3.92718
3.93408
3.93577
3.93232
3.9233
3.90897
3.88955
3.86527
3.83639
3.80317
3.7659
3.72489
3.68045
3.6329
3.5826
3.52986
3.47501
3.41838
3.36029
3.30106
3.24102
3.18052
3.11988
3.05938
2.99954
2.94077
2.88438
2.8306
2.77271
0.0509482
0.0800851
0.0988854
0.114379
0.128927
0.143614
0.15895
0.175153
0.192331
0.210586
0.230061
0.25094
0.273416
0.297665
0.323827
0.352009
0.382287
0.414709
0.449309
0.48611
0.525134
0.566403
0.609939
0.655764
0.703913
0.754435
0.807387
0.862836
0.920849
0.981496
1.04484
1.11094
1.17984
1.25157
1.32617
1.40363
1.48393
1.56702
1.65283
1.74126
1.83215
1.92535
2.02064
2.11781
2.21658
2.31667
2.41776
2.51952
2.62159
2.72359
2.82513
2.92581
3.02522
3.12294
3.21856
3.31168
3.40191
3.48888
3.57221
3.65155
3.72657
3.79697
3.86245
3.92276
3.97765
4.02692
4.07039
4.10793
4.1394
4.16476
4.18396
4.197
4.20377
4.20489
4.20039
4.18983
4.17355
4.1518
4.12483
4.0929
4.05631
4.01536
3.97038
3.92172
3.86973
3.81477
3.7572
3.69738
3.63565
3.57234
3.50781
3.4424
3.37647
3.31037
3.24445
3.17926
3.11527
3.05387
2.99526
2.93365
0.0544906
0.0844147
0.10385
0.119777
0.134568
0.149342
0.164661
0.180816
0.197978
0.216292
0.23591
0.257001
0.279736
0.304273
0.330742
0.359246
0.389867
0.42267
0.457712
0.495046
0.534722
0.576794
0.621314
0.668336
0.717928
0.770159
0.825106
0.882855
0.943494
1.00711
1.07377
1.14355
1.21652
1.2927
1.37212
1.4548
1.54069
1.62974
1.72187
1.81694
1.91479
2.01523
2.11802
2.22288
2.32953
2.43763
2.54683
2.65673
2.76695
2.87706
2.98662
3.09518
3.20229
3.30751
3.41037
3.51044
3.60731
3.70056
3.7898
3.87466
3.95478
4.02985
4.09956
4.16363
4.22183
4.27394
4.31978
4.3592
4.39208
4.41836
4.438
4.451
4.45744
4.45777
4.45217
4.43994
4.42164
4.39753
4.36786
4.33292
4.29301
4.24846
4.19963
4.14689
4.0906
4.03116
3.96894
3.90433
3.83769
3.76938
3.69977
3.6292
3.55806
3.48673
3.4156
3.34526
3.27621
3.20993
3.1465
3.08105
0.0571912
0.0874895
0.10729
0.123457
0.138358
0.153119
0.168344
0.18438
0.201443
0.219696
0.239292
0.260391
0.28315
0.307714
0.334213
0.362757
0.393445
0.426364
0.461601
0.499239
0.539362
0.582052
0.62739
0.675458
0.726362
0.7802
0.837074
0.897092
0.960362
1.02698
1.09704
1.17062
1.24777
1.32854
1.41295
1.501
1.59265
1.68783
1.78641
1.88825
1.99314
2.10086
2.21113
2.32364
2.43804
2.55398
2.67104
2.7888
2.90681
3.02462
3.14173
3.25767
3.37195
3.48407
3.59356
3.69994
3.80279
3.90165
3.99612
4.08582
4.17038
4.24946
4.32275
4.38998
4.4509
4.50529
4.55297
4.59379
4.62765
4.65447
4.6742
4.68689
4.69266
4.69205
4.68522
4.67121
4.65084
4.62436
4.59204
4.55417
4.51107
4.46309
4.4106
4.35398
4.29364
4.22997
4.16338
4.09428
4.02303
3.95003
3.87563
3.80023
3.7242
3.64796
3.57192
3.49671
3.42284
3.35187
3.28372
3.21451
0.0590755
0.0894077
0.10933
0.125555
0.140432
0.155095
0.170172
0.186028
0.202897
0.220966
0.240393
0.261329
0.283921
0.308312
0.334638
0.363025
0.393596
0.426467
0.46176
0.499594
0.540089
0.583359
0.629511
0.678624
0.73087
0.786384
0.845303
0.907758
0.973869
1.04375
1.11748
1.19515
1.2768
1.36248
1.4522
1.54593
1.64361
1.74513
1.85034
1.95905
2.07102
2.18598
2.3036
2.42353
2.54539
2.66877
2.79321
2.91825
3.04341
3.1682
3.29209
3.41457
3.53512
3.65323
3.7684
3.88014
3.98798
4.09148
4.19022
4.2838
4.37185
4.45404
4.53006
4.59962
4.66248
4.71843
4.76729
4.80892
4.84321
4.87008
4.8895
4.90152
4.9063
4.90462
4.89637
4.88049
4.85804
4.82924
4.79437
4.75372
4.70763
4.65645
4.60058
4.54041
4.47636
4.40884
4.33827
4.26507
4.18963
4.11236
4.03362
3.95381
3.87332
3.79259
3.71204
3.63234
3.55398
3.47861
3.40594
3.33318
0.0602128
0.0902827
0.110103
0.126224
0.140969
0.155459
0.170324
0.185969
0.202646
0.220517
0.239737
0.260455
0.282816
0.306967
0.333054
0.361226
0.391628
0.424405
0.459717
0.497727
0.5386
0.582486
0.629533
0.679883
0.733746
0.791277
0.852641
0.917995
0.987465
1.06116
1.13915
1.22149
1.30822
1.39936
1.49488
1.59472
1.69879
1.80692
1.91891
2.03453
2.15348
2.27545
2.40006
2.52692
2.6556
2.78566
2.91661
3.04797
3.17922
3.30983
3.43928
3.56703
3.69255
3.81531
3.9348
4.05052
4.16201
4.26882
4.37052
4.46671
4.55705
4.64118
4.71881
4.78966
4.85351
4.91013
4.95936
5.00106
5.03514
5.06152
5.08017
5.09113
5.09457
5.09171
5.08181
5.06405
5.03954
5.00853
4.97127
4.92808
4.87929
4.82527
4.76641
4.70312
4.63582
4.56495
4.49092
4.41416
4.33509
4.25409
4.17156
4.0879
4.00351
3.91882
3.83428
3.75058
3.66817
3.58879
3.51193
3.43595
0.0605879
0.0902506
0.10992
0.125897
0.14048
0.15478
0.169428
0.184807
0.201168
0.218691
0.23755
0.257897
0.279886
0.303678
0.329446
0.357375
0.387664
0.420529
0.456153
0.494725
0.536466
0.581561
0.630134
0.682399
0.738591
0.798923
0.863583
0.932765
1.00658
1.0851
1.16835
1.25633
1.34903
1.44643
1.54844
1.65494
1.76575
1.88067
1.99944
2.12175
2.24726
2.37561
2.5064
2.63919
2.77354
2.90897
3.04499
3.1811
3.31677
3.45149
3.58471
3.7159
3.84453
3.97008
4.09204
4.20993
4.32329
4.43167
4.53465
4.63186
4.72295
4.80759
4.8855
4.95639
5.02007
5.07632
5.12498
5.16594
5.19909
5.22437
5.24177
5.25124
5.25307
5.24892
5.23719
5.21756
5.19111
5.15808
5.11872
5.07333
5.02225
4.96586
4.90453
4.83868
4.76875
4.69515
4.61832
4.53869
4.45666
4.37265
4.28703
4.20022
4.1126
4.02462
3.93673
3.84964
3.76375
3.68088
3.60023
3.52151
0.0604927
0.0897716
0.109099
0.124733
0.138965
0.1529
0.167162
0.182135
0.198086
0.215229
0.233724
0.253742
0.275462
0.299089
0.324835
0.352919
0.383594
0.417173
0.453856
0.493863
0.537332
0.584505
0.635788
0.691499
0.751792
0.816862
0.88685
0.961833
1.04189
1.12711
1.21741
1.31266
1.41276
1.5176
1.62701
1.74076
1.85862
1.98028
2.10544
2.23374
2.36482
2.49829
2.63372
2.77069
2.90875
3.04743
3.18627
3.32476
3.46241
3.59872
3.73317
3.86525
3.99446
4.1203
4.24228
4.35995
4.47286
4.58059
4.68274
4.77896
4.86892
4.95229
5.02882
5.09824
5.16037
5.215
5.26198
5.30121
5.33259
5.35609
5.37164
5.37912
5.37911
5.37345
5.35967
5.33823
5.30998
5.27515
5.23398
5.18679
5.13389
5.07564
5.01243
4.94467
4.87278
4.79717
4.71828
4.63652
4.55231
4.46604
4.37811
4.2889
4.19881
4.10828
4.01775
3.92792
3.83915
3.75337
3.66941
3.58849
0.060098
0.0886762
0.107462
0.122627
0.13643
0.149959
0.163836
0.178455
0.194097
0.21099
0.229336
0.249346
0.271248
0.295326
0.32189
0.351191
0.383492
0.4189
0.457925
0.50095
0.548358
0.6005
0.65766
0.72007
0.78784
0.861085
0.93979
1.02389
1.11329
1.20784
1.30717
1.41114
1.51957
1.63222
1.74881
1.86905
1.99265
2.11929
2.24863
2.38034
2.51407
2.64947
2.78615
2.92374
3.06183
3.20002
3.33788
3.47497
3.61084
3.74504
3.8771
4.00654
4.13292
4.25578
4.37465
4.48914
4.59882
4.70328
4.80214
4.89511
4.98186
5.06208
5.13553
5.20195
5.26119
5.31303
5.35734
5.39389
5.42274
5.44387
5.45711
5.46223
5.46065
5.45326
5.43764
5.41481
5.38527
5.34927
5.30704
5.25887
5.20507
5.14597
5.08195
5.01338
4.94067
4.86424
4.78449
4.70182
4.61664
4.52933
4.44027
4.34984
4.2584
4.16639
4.07423
3.98265
3.89193
3.80409
3.71759
3.63526
0.059409
0.0873057
0.105549
0.120224
0.133604
0.146779
0.160373
0.174795
0.19037
0.207378
0.226115
0.246936
0.270094
0.295843
0.32444
0.356484
0.392432
0.432886
0.478254
0.528904
0.585151
0.647287
0.71545
0.789561
0.869437
0.955047
1.04598
1.14197
1.2426
1.34709
1.45531
1.56708
1.68213
1.80018
1.92095
2.04418
2.16961
2.29699
2.42607
2.55659
2.6883
2.82093
2.9542
3.0878
3.22142
3.35473
3.48738
3.61898
3.74916
3.87753
4.00364
4.12709
4.24749
4.36441
4.47739
4.58614
4.69019
4.7892
4.88278
4.97048
5.05209
5.12739
5.19619
5.25821
5.31334
5.36138
5.40222
5.43586
5.46212
5.48094
5.49201
5.49508
5.49236
5.48358
5.46676
5.44315
5.41304
5.37664
5.3342
5.28596
5.23222
5.17328
5.1095
5.04124
4.96886
4.89277
4.81335
4.73099
4.64606
4.55893
4.46997
4.37953
4.288
4.19577
4.10322
4.01103
3.91943
3.83055
3.74239
3.65955
0.0585918
0.0858401
0.103515
0.11773
0.130765
0.143707
0.157229
0.171815
0.187947
0.206034
0.226438
0.249372
0.275622
0.305937
0.34116
0.381857
0.428512
0.481867
0.542271
0.609587
0.683443
0.763707
0.850073
0.941714
1.03788
1.13861
1.24277
1.34956
1.45852
1.56952
1.68243
1.79707
1.91325
2.03084
2.14969
2.26969
2.39074
2.51272
2.63553
2.75904
2.88312
3.00762
3.13235
3.25709
3.38163
3.50572
3.62907
3.75132
3.8722
3.99135
4.10836
4.22286
4.33455
4.443
4.54772
4.64822
4.74428
4.83561
4.92194
5.00324
5.07888
5.1486
5.21224
5.26948
5.32024
5.36428
5.40151
5.43181
5.45515
5.47143
5.4802
5.48131
5.47762
5.46758
5.45001
5.42607
5.39594
5.35981
5.31788
5.27038
5.21757
5.15974
5.09719
5.03026
4.95929
4.88464
4.80668
4.72575
4.64221
4.55642
4.46869
4.37938
4.2888
4.19734
4.10537
4.01354
3.92198
3.83294
3.74396
3.66131
0.0577348
0.0843181
0.101414
0.11524
0.128115
0.141156
0.155267
0.17119
0.189252
0.210315
0.235804
0.266997
0.304975
0.351135
0.406836
0.471961
0.54557
0.627756
0.717882
0.813984
0.9142
1.01801
1.12479
1.23293
1.34169
1.44992
1.55819
1.66656
1.77495
1.88327
1.99154
2.09982
2.2082
2.31673
2.4255
2.53458
2.64402
2.75386
2.8641
2.97476
3.0858
3.19716
3.30872
3.4203
3.5318
3.64301
3.75367
3.86343
3.97213
4.0794
4.18484
4.28792
4.38841
4.48599
4.58063
4.67182
4.75909
4.84212
4.9206
4.99429
5.0628
5.12589
5.18342
5.23504
5.28069
5.32015
5.35331
5.38004
5.40035
5.41406
5.42047
5.42004
5.41544
5.40443
5.38658
5.36279
5.3332
5.29795
5.25721
5.21119
5.16011
5.10422
5.0438
4.97913
4.91053
4.83832
4.76283
4.68438
4.60329
4.51988
4.43446
4.34733
4.25878
4.16915
4.07877
3.98825
3.89766
3.80929
3.72027
3.63841
0.0568906
0.0826969
0.0992479
0.112932
0.126381
0.140884
0.157169
0.177682
0.20434
0.239905
0.288793
0.352806
0.431587
0.524605
0.631231
0.746433
0.864957
0.986426
1.10934
1.23019
1.34761
1.46034
1.56869
1.67386
1.77669
1.87715
1.97551
2.07206
2.16712
2.26092
2.35375
2.44587
2.53753
2.62897
2.7204
2.81201
2.90395
2.99632
3.0892
3.18268
3.27678
3.37145
3.46662
3.56213
3.65795
3.75386
3.84963
3.94485
4.0392
4.13245
4.22442
4.31503
4.40371
4.49004
4.57374
4.6544
4.73168
4.8053
4.87492
4.94036
5.00117
5.05713
5.10812
5.15379
5.19407
5.22875
5.25771
5.28083
5.29812
5.30931
5.31338
5.31187
5.30641
5.29473
5.27704
5.25386
5.2253
5.19147
5.15252
5.10863
5.05998
5.00679
4.94929
4.88773
4.82237
4.75351
4.68141
4.60638
4.5287
4.44864
4.3665
4.28251
4.19695
4.1101
4.02224
3.93392
3.84516
3.75823
3.66997
3.58938
0.0558871
0.0808467
0.0974431
0.112323
0.128748
0.149631
0.179636
0.23107
0.306567
0.408491
0.54259
0.69643
0.858107
1.02075
1.18262
1.33508
1.47504
1.60235
1.71773
1.82463
1.92523
2.01964
2.1088
2.19344
2.27449
2.3526
2.42829
2.50205
2.57429
2.6454
2.71573
2.78561
2.85534
2.9252
2.99544
3.06625
3.13781
3.21021
3.28358
3.35802
3.43353
3.51008
3.5876
3.66586
3.74473
3.82407
3.90365
3.9836
4.06346
4.14284
4.2214
4.29884
4.37487
4.44912
4.52134
4.5911
4.65806
4.72197
4.7825
4.83945
4.89241
4.94112
4.98547
5.02514
5.05999
5.08986
5.11462
5.13417
5.14855
5.15728
5.15919
5.15692
5.15084
5.13887
5.12172
5.09957
5.0725
5.04061
5.00402
4.96286
4.91729
4.86749
4.81364
4.75594
4.69461
4.6299
4.56205
4.4913
4.41789
4.34208
4.2641
4.18416
4.10248
4.01927
3.9348
3.84951
3.76341
3.67863
3.59194
3.51291
0.0547712
0.0802339
0.0994869
0.120982
0.164628
0.246265
0.370455
0.576492
0.808992
1.04655
1.29141
1.51181
1.70342
1.86112
1.99265
2.10651
2.20758
2.29757
2.37756
2.4496
2.5156
2.5762
2.63307
2.68671
2.73792
2.78732
2.8354
2.88254
2.92909
2.97536
3.02168
3.06832
3.11554
3.16357
3.21261
3.26283
3.31436
3.36724
3.42156
3.47734
3.5346
3.5933
3.65334
3.71503
3.77795
3.84186
3.90653
3.97172
4.03718
4.10264
4.16778
4.23232
4.29598
4.35841
4.41937
4.47846
4.53533
4.58975
4.64133
4.6899
4.73512
4.77669
4.8145
4.84827
4.87783
4.90307
4.9238
4.93998
4.95166
4.95802
4.95825
4.9554
4.94894
4.93717
4.92091
4.9002
4.87508
4.84562
4.81189
4.77402
4.73212
4.68634
4.6368
4.58367
4.5271
4.46729
4.40444
4.33876
4.27043
4.19968
4.12669
4.05161
3.97464
3.89589
3.81562
3.73412
3.65148
3.56947
3.4852
3.40788
0.0569165
0.0868436
0.147706
0.256787
0.536386
0.905561
1.26566
1.67549
1.98743
2.2231
2.39277
2.51813
2.62156
2.70097
2.76589
2.81922
2.86368
2.90188
2.93526
2.96484
2.99194
3.01688
3.04072
3.06366
3.08627
3.10884
3.13157
3.15467
3.1783
3.20265
3.22792
3.25429
3.28193
3.311
3.34164
3.37394
3.40801
3.4441
3.48213
3.52205
3.56384
3.60744
3.65277
3.69971
3.74815
3.7979
3.84875
3.90046
3.95278
4.00548
4.05827
4.11089
4.16303
4.2144
4.26478
4.3138
4.36112
4.40652
4.44964
4.49028
4.52814
4.56295
4.59456
4.62276
4.64733
4.66823
4.68521
4.69832
4.70759
4.71162
4.711
4.70756
4.70108
4.68996
4.67499
4.65613
4.63339
4.60681
4.57644
4.54237
4.5047
4.46353
4.41892
4.37099
4.31984
4.26562
4.20848
4.14858
4.08608
4.02113
3.95389
3.88444
3.81293
3.7394
3.6641
3.5871
3.50868
3.43001
3.34906
3.27341
0.0779268
0.221744
0.744469
1.26855
2.06553
2.59563
2.90277
3.10438
3.19949
3.25254
3.28166
3.29301
3.29727
3.29575
3.29271
3.28778
3.28154
3.2757
3.27074
3.26661
3.26361
3.26156
3.26104
3.26173
3.26397
3.26754
3.2724
3.27858
3.28609
3.29504
3.30553
3.31764
3.33148
3.34714
3.36469
3.38418
3.40565
3.42911
3.45459
3.48209
3.51155
3.54293
3.57613
3.61104
3.64752
3.68542
3.72456
3.76472
3.8057
3.84727
3.8892
3.93126
3.97317
4.01467
4.05551
4.09542
4.13407
4.17123
4.20658
4.23993
4.27102
4.29961
4.32551
4.34858
4.36859
4.38556
4.39916
4.40961
4.41676
4.41886
4.41793
4.41401
4.4079
4.39787
4.38459
4.36799
4.34805
4.32479
4.29824
4.26848
4.23554
4.19952
4.16041
4.11828
4.07315
4.02516
3.97437
3.92092
3.86491
3.80646
3.74565
3.68253
3.6172
3.54956
3.47996
3.4081
3.33468
3.25981
3.18315
3.10897
0.218632
1.10139
2.70344
3.31046
3.74149
3.81603
3.80145
3.77108
3.71582
3.65239
3.59462
3.54204
3.4966
3.45534
3.41912
3.38745
3.35956
3.33532
3.31469
3.2971
3.28215
3.26974
3.2599
3.25205
3.24612
3.24188
3.23914
3.23785
3.23797
3.23963
3.24286
3.24771
3.25426
3.26255
3.27263
3.28454
3.29829
3.31387
3.33129
3.35055
3.37159
3.39439
3.41887
3.44492
3.47241
3.5012
3.53116
3.56211
3.59389
3.62631
3.6592
3.69235
3.72555
3.75854
3.79111
3.82304
3.85404
3.88389
3.91233
3.93917
3.96418
3.98718
4.00797
4.02647
4.04243
4.05595
4.0666
4.07487
4.08013
4.08088
4.07999
4.07593
4.07064
4.06211
4.0509
4.03696
4.0202
4.00069
3.97839
3.95338
3.92566
3.89529
3.86221
3.82642
3.78787
3.74668
3.70282
3.65641
3.6075
3.55617
3.50243
3.44626
3.38775
3.32665
3.2634
3.19728
3.12958
3.05893
2.9876
2.91451
0.600673
1.38467
2.07871
2.5035
2.79201
2.96523
3.05723
3.0934
3.10379
3.0995
3.09128
3.07963
3.06561
3.04846
3.03288
3.0196
3.00863
2.9999
2.9934
2.9885
2.98418
2.98247
2.98173
2.98163
2.98219
2.98314
2.98444
2.98613
2.98838
2.99129
2.99505
2.99972
3.00543
3.01222
3.02015
3.02926
3.03958
3.05111
3.06387
3.07787
3.09307
3.10949
3.12707
3.14572
3.16533
3.18583
3.20711
3.22909
3.25164
3.27468
3.29806
3.32166
3.34531
3.36885
3.39209
3.41486
3.43695
3.4582
3.47839
3.49738
3.515
3.53111
3.54555
3.55831
3.56911
3.57821
3.585
3.59046
3.59265
3.59204
3.59085
3.58647
3.58213
3.57535
3.56664
3.55593
3.54311
3.52831
3.5114
3.49248
3.47146
3.44846
3.42326
3.39579
3.36592
3.33374
3.29909
3.26209
3.22274
3.181
3.13685
3.09014
3.04098
2.98884
2.93444
2.87626
2.81678
2.75186
2.68873
2.61618
0.468655
0.528294
0.612303
0.719841
0.834428
0.949935
1.06542
1.17383
1.27573
1.37151
1.46064
1.54669
1.63066
1.70926
1.78347
1.85171
1.91501
1.97339
2.02643
2.07478
2.11886
2.15907
2.19598
2.22988
2.25962
2.28574
2.30929
2.33082
2.35096
2.36988
2.38802
2.4054
2.4223
2.43874
2.45486
2.47073
2.48642
2.50198
2.51747
2.53295
2.54845
2.56408
2.57971
2.59531
2.61086
2.62635
2.64179
2.65717
2.67251
2.6878
2.70302
2.71811
2.73303
2.74769
2.762
2.77585
2.78915
2.80181
2.8137
2.82477
2.83489
2.84406
2.85211
2.85918
2.86495
2.86988
2.87315
2.87626
2.87631
2.87538
2.87439
2.87127
2.86871
2.86508
2.86054
2.85468
2.84757
2.83961
2.83022
2.81986
2.80803
2.79526
2.78085
2.76468
2.74651
2.7265
2.70421
2.67998
2.65357
2.62489
2.59381
2.5601
2.52386
2.48422
2.4424
2.39554
2.34826
2.29172
2.24171
2.16933
0.380224
0.385422
0.390935
0.401198
0.414541
0.429915
0.447649
0.467419
0.489279
0.513318
0.539825
0.568635
0.600841
0.635806
0.67402
0.714852
0.758268
0.803949
0.851471
0.900205
0.950051
1.00023
1.05071
1.10073
1.15142
1.20195
1.25193
1.30051
1.3477
1.39284
1.43622
1.47728
1.51649
1.55335
1.5884
1.62135
1.65248
1.6818
1.70948
1.73557
1.76024
1.78348
1.80467
1.82415
1.84212
1.85883
1.87436
1.889
1.90286
1.91603
1.92855
1.94045
1.95173
1.96241
1.97249
1.98196
1.99081
1.99905
2.00666
2.01368
2.02005
2.02588
2.03106
2.03582
2.03987
2.04375
2.04678
2.04998
2.05232
2.05406
2.0555
2.05669
2.05791
2.05929
2.06102
2.06122
2.0615
2.06267
2.06216
2.06241
2.06112
2.06074
2.05858
2.05501
2.0497
2.04304
2.03405
2.02393
2.01163
1.99718
1.98033
1.96092
1.93896
1.9134
1.88588
1.85232
1.81923
1.77381
1.73808
1.66943
0.355636
0.35503
0.354699
0.354949
0.355371
0.356453
0.357608
0.359236
0.361202
0.363443
0.366131
0.369181
0.37286
0.377137
0.382263
0.388238
0.395268
0.403383
0.412799
0.423406
0.435497
0.448883
0.463837
0.480073
0.497892
0.517164
0.538072
0.560231
0.583793
0.608247
0.633748
0.659717
0.686303
0.712948
0.739744
0.766276
0.792497
0.818128
0.843144
0.86731
0.890603
0.91291
0.934858
0.956143
0.976622
0.996195
1.01477
1.0323
1.04865
1.06387
1.07795
1.09096
1.10298
1.11403
1.12421
1.13356
1.14216
1.15009
1.15739
1.16419
1.17049
1.17649
1.1821
1.18766
1.1929
1.19832
1.20354
1.20907
1.21469
1.22046
1.22645
1.2328
1.23949
1.24665
1.25452
1.26274
1.27111
1.27988
1.28879
1.29793
1.30709
1.31646
1.32492
1.33212
1.33786
1.34283
1.34536
1.34914
1.3492
1.34778
1.34411
1.33862
1.33059
1.31966
1.30687
1.28815
1.26957
1.23941
1.21329
1.16178
0.349736
0.348432
0.347161
0.345979
0.344869
0.343857
0.342919
0.342047
0.341258
0.340507
0.339837
0.339198
0.33866
0.338165
0.337827
0.33754
0.337507
0.337662
0.338007
0.338373
0.339475
0.340327
0.341786
0.343363
0.34547
0.34796
0.350914
0.354318
0.358239
0.362647
0.367595
0.373026
0.379005
0.38544
0.392361
0.399652
0.407365
0.415358
0.423657
0.432084
0.440694
0.449262
0.457922
0.466548
0.475192
0.483693
0.492103
0.500216
0.508108
0.515636
0.522863
0.529696
0.536131
0.542153
0.547786
0.553017
0.557858
0.562346
0.566506
0.570426
0.57401
0.577644
0.580772
0.584579
0.587314
0.591333
0.594146
0.598323
0.601676
0.606063
0.610417
0.615408
0.620704
0.626533
0.632936
0.639874
0.647254
0.655103
0.663411
0.672188
0.681396
0.690842
0.700648
0.711172
0.721658
0.732466
0.742266
0.752321
0.761381
0.769576
0.77595
0.781628
0.784159
0.786493
0.785496
0.780656
0.773825
0.759394
0.743807
0.711339
0.348096
0.346739
0.345383
0.344034
0.342697
0.341373
0.340067
0.338774
0.337502
0.336239
0.334997
0.333759
0.332541
0.331325
0.330134
0.328949
0.327791
0.326664
0.325576
0.324509
0.323508
0.322543
0.321642
0.320788
0.320007
0.319308
0.318691
0.31818
0.317754
0.317467
0.317253
0.317229
0.317333
0.317557
0.317887
0.3182
0.319019
0.319538
0.320487
0.321229
0.322233
0.323215
0.324325
0.325472
0.326667
0.32789
0.329146
0.330392
0.331659
0.332889
0.334219
0.335288
0.336753
0.337564
0.339041
0.339625
0.340785
0.341244
0.342146
0.3426
0.343033
0.343454
0.343872
0.344297
0.344744
0.345228
0.345768
0.34638
0.347089
0.347917
0.348867
0.349916
0.351455
0.352853
0.355153
0.357069
0.359619
0.362305
0.365363
0.368734
0.372348
0.37624
0.380315
0.384777
0.389445
0.394493
0.399518
0.404714
0.40998
0.41518
0.419867
0.424522
0.427793
0.430512
0.432482
0.432135
0.430135
0.424812
0.417088
0.400143
0.34731
0.346028
0.344733
0.343429
0.342114
0.340793
0.339467
0.338137
0.336806
0.33547
0.334136
0.332797
0.331458
0.330116
0.328773
0.327429
0.326084
0.32474
0.323399
0.32206
0.320726
0.319398
0.318077
0.316767
0.315465
0.314179
0.312904
0.311652
0.310415
0.309209
0.30802
0.306863
0.305738
0.304645
0.303584
0.302541
0.301547
0.300573
0.299639
0.298722
0.297834
0.296962
0.296112
0.295281
0.294463
0.29366
0.292867
0.292083
0.291307
0.290535
0.289771
0.289002
0.288245
0.287473
0.286713
0.285929
0.285142
0.284327
0.283508
0.282665
0.281808
0.280929
0.280053
0.279165
0.278293
0.277417
0.276566
0.275721
0.274913
0.274122
0.273379
0.272662
0.272003
0.271414
0.270919
0.270485
0.270137
0.269867
0.26969
0.269644
0.269627
0.269735
0.269944
0.270261
0.270679
0.271211
0.271653
0.272824
0.273292
0.274564
0.275009
0.276149
0.276406
0.27678
0.276759
0.276036
0.275115
0.272637
0.269617
0.262097
0.346755
0.345532
0.344297
0.343049
0.341789
0.340517
0.339233
0.337939
0.336634
0.335321
0.333998
0.332667
0.33133
0.329985
0.328634
0.327276
0.325912
0.324542
0.323165
0.321784
0.320397
0.319007
0.317613
0.316218
0.314819
0.313421
0.31202
0.310621
0.309221
0.307822
0.306423
0.305027
0.303635
0.302248
0.300866
0.299488
0.298117
0.296752
0.295395
0.294045
0.292702
0.291364
0.290032
0.288705
0.287382
0.286062
0.284747
0.283434
0.282125
0.280818
0.279515
0.278213
0.276916
0.275617
0.274325
0.273029
0.271739
0.270444
0.269154
0.267856
0.266565
0.265262
0.263969
0.26266
0.261364
0.260052
0.258757
0.257445
0.256152
0.254843
0.253556
0.252254
0.250971
0.249683
0.248419
0.247157
0.245917
0.24468
0.243468
0.24226
0.241082
0.2399
0.238752
0.237605
0.236506
0.235412
0.234355
0.233321
0.23232
0.231351
0.230381
0.229449
0.228485
0.227513
0.226534
0.225497
0.224679
0.223412
0.222963
0.221352
0.346417
0.345215
0.344002
0.342778
0.341544
0.3403
0.339045
0.337779
0.336503
0.335216
0.33392
0.332613
0.331297
0.329972
0.328639
0.327296
0.325945
0.324586
0.32322
0.321846
0.320466
0.319078
0.317684
0.316282
0.314874
0.31346
0.31204
0.310614
0.309183
0.307748
0.306309
0.304866
0.30342
0.301971
0.30052
0.299067
0.297613
0.296159
0.294703
0.293245
0.291785
0.290324
0.288862
0.287398
0.285935
0.284471
0.283009
0.281546
0.280086
0.278624
0.277166
0.275706
0.274251
0.272794
0.271343
0.269889
0.268442
0.26699
0.265547
0.264098
0.262659
0.261207
0.259768
0.258312
0.256872
0.255413
0.253972
0.252508
0.251063
0.249592
0.248139
0.246662
0.245201
0.243721
0.242248
0.240765
0.239281
0.237789
0.236297
0.234792
0.233298
0.231782
0.230286
0.228784
0.227312
0.225833
0.224388
0.222945
0.221549
0.220179
0.218871
0.217642
0.216498
0.215496
0.214663
0.214111
0.21361
0.213452
0.214507
0.216288
0.346233
0.345033
0.343825
0.342607
0.34138
0.340144
0.338898
0.337643
0.336379
0.335105
0.333822
0.33253
0.331229
0.32992
0.328601
0.327275
0.325939
0.324595
0.323243
0.321882
0.320512
0.319135
0.31775
0.316357
0.314957
0.31355
0.312137
0.310716
0.309288
0.307854
0.306414
0.304968
0.303515
0.302057
0.300593
0.299123
0.297649
0.296168
0.294684
0.293195
0.291703
0.290207
0.288709
0.287207
0.285704
0.284197
0.28269
0.281179
0.279669
0.278156
0.276645
0.275131
0.27362
0.272105
0.270596
0.269083
0.267577
0.266065
0.264563
0.263052
0.261551
0.260037
0.25854
0.257027
0.255534
0.254021
0.252532
0.251018
0.249529
0.248012
0.246518
0.245
0.243501
0.241983
0.24047
0.23895
0.237419
0.235897
0.234356
0.232831
0.231297
0.229773
0.228275
0.226761
0.225267
0.223777
0.222324
0.220908
0.219556
0.218271
0.217106
0.21609
0.215228
0.214657
0.214411
0.214592
0.215875
0.217474
0.221752
0.230244
0.34616
0.344957
0.343745
0.342525
0.341297
0.34006
0.338814
0.33756
0.336296
0.335025
0.333745
0.332456
0.331159
0.329853
0.32854
0.327218
0.325888
0.32455
0.323204
0.32185
0.320488
0.319119
0.317742
0.316358
0.314966
0.313566
0.312159
0.310744
0.309322
0.307893
0.306457
0.305014
0.303564
0.302107
0.300644
0.299174
0.297698
0.296216
0.294729
0.293235
0.291737
0.290233
0.288725
0.287212
0.285696
0.284174
0.282651
0.281123
0.279594
0.27806
0.276527
0.274989
0.273453
0.271912
0.270377
0.268835
0.267302
0.265762
0.264231
0.262689
0.261163
0.259627
0.258115
0.256587
0.255085
0.253563
0.252071
0.250553
0.249069
0.247557
0.246077
0.244569
0.243078
0.241569
0.240065
0.238564
0.237049
0.235564
0.23405
0.232593
0.231105
0.229694
0.228272
0.226942
0.225664
0.224487
0.22342
0.222536
0.221769
0.221306
0.221122
0.221385
0.221841
0.223484
0.225134
0.228858
0.232713
0.240127
0.248453
0.269716
0.346134
0.344929
0.343716
0.342494
0.341263
0.340024
0.338777
0.337521
0.336257
0.334984
0.333703
0.332414
0.331117
0.329811
0.328497
0.327176
0.325846
0.324508
0.323163
0.321809
0.320448
0.31908
0.317704
0.31632
0.314929
0.31353
0.312124
0.31071
0.30929
0.307862
0.306426
0.304984
0.303535
0.302078
0.300615
0.299145
0.297669
0.296185
0.294695
0.293199
0.291697
0.290189
0.288676
0.287156
0.285633
0.284104
0.282571
0.281035
0.279494
0.277944
0.276396
0.274843
0.273294
0.271741
0.270194
0.268642
0.267101
0.265554
0.264025
0.262488
0.260976
0.25945
0.257948
0.256429
0.254941
0.253431
0.251959
0.250461
0.249006
0.247525
0.246088
0.244636
0.243222
0.241818
0.240436
0.239101
0.23777
0.236534
0.235286
0.234195
0.233079
0.232215
0.231305
0.230748
0.230194
0.230042
0.230097
0.230583
0.231187
0.232983
0.234399
0.238033
0.240684
0.247007
0.251607
0.261873
0.269829
0.286166
0.300577
0.337273
0.34612
0.344914
0.343699
0.342477
0.341245
0.340006
0.338758
0.337501
0.336236
0.334963
0.333682
0.332392
0.331095
0.329789
0.328475
0.327153
0.325823
0.324485
0.323139
0.321785
0.320422
0.319052
0.317674
0.316289
0.314895
0.313493
0.312084
0.310667
0.309242
0.307809
0.306368
0.30492
0.303464
0.302
0.300529
0.299051
0.297563
0.296068
0.294566
0.293057
0.291542
0.290021
0.288494
0.286961
0.285425
0.283883
0.28234
0.280793
0.279247
0.277702
0.27616
0.274615
0.273076
0.271535
0.270005
0.268474
0.266959
0.265442
0.263949
0.262453
0.26099
0.259522
0.2581
0.256671
0.2553
0.253921
0.252614
0.251297
0.25007
0.248833
0.247704
0.246579
0.245566
0.244601
0.243731
0.242987
0.242312
0.24186
0.241469
0.241398
0.241432
0.241935
0.242382
0.243783
0.244786
0.247431
0.249185
0.253487
0.256315
0.262773
0.267103
0.276374
0.28268
0.295665
0.304556
0.322478
0.334937
0.359834
0.378775
0.425387
0.346133
0.344929
0.343716
0.342495
0.341265
0.340027
0.33878
0.337525
0.33626
0.334988
0.333707
0.332417
0.331118
0.329811
0.328494
0.327168
0.325834
0.32449
0.323138
0.321776
0.320405
0.319025
0.317636
0.316238
0.314829
0.313411
0.311985
0.310549
0.309105
0.307651
0.306191
0.304721
0.303245
0.301761
0.300272
0.298774
0.297275
0.295772
0.294264
0.292753
0.291239
0.289724
0.288209
0.286695
0.285184
0.283678
0.282177
0.280684
0.279202
0.277732
0.276278
0.274842
0.27343
0.272039
0.270682
0.269348
0.268061
0.266801
0.2656
0.26443
0.263335
0.262275
0.261309
0.260383
0.259574
0.258811
0.258194
0.257629
0.257249
0.256929
0.256841
0.256837
0.257099
0.257511
0.258172
0.259148
0.260297
0.262003
0.263763
0.266392
0.268922
0.2727
0.276189
0.28138
0.286038
0.292938
0.298978
0.307911
0.315508
0.326815
0.336085
0.350104
0.361066
0.378152
0.390772
0.411467
0.425984
0.451742
0.470392
0.51497
0.346229
0.34503
0.34382
0.342602
0.341373
0.340134
0.338885
0.337624
0.336351
0.335068
0.333772
0.332466
0.331148
0.329818
0.328477
0.327125
0.325762
0.324388
0.323004
0.321611
0.320208
0.318797
0.317378
0.315952
0.314522
0.313086
0.311646
0.310202
0.308756
0.307308
0.305861
0.304415
0.302972
0.301533
0.300102
0.298678
0.297264
0.295862
0.294476
0.293108
0.291759
0.290434
0.289134
0.287864
0.286624
0.285421
0.284254
0.283133
0.282056
0.281033
0.280064
0.279157
0.278316
0.277547
0.276858
0.276251
0.275745
0.275327
0.275036
0.274844
0.274808
0.274883
0.275148
0.275539
0.276166
0.276931
0.277991
0.2792
0.280775
0.282519
0.284698
0.287093
0.289965
0.293157
0.296816
0.300965
0.30551
0.310776
0.316319
0.322846
0.329488
0.337382
0.345186
0.354511
0.363474
0.374242
0.384268
0.396431
0.407327
0.420808
0.432296
0.447006
0.458757
0.47472
0.486497
0.50413
0.516124
0.536934
0.551491
0.587835
0.346704
0.345472
0.344225
0.34296
0.341679
0.340383
0.339072
0.337746
0.336408
0.335059
0.333699
0.332329
0.330954
0.329572
0.328186
0.326798
0.32541
0.324025
0.322643
0.321269
0.319903
0.318549
0.317209
0.315885
0.31458
0.313297
0.31204
0.31081
0.309611
0.308444
0.307314
0.306222
0.305173
0.304168
0.303211
0.302305
0.301453
0.300658
0.299924
0.299256
0.298653
0.298126
0.297672
0.297304
0.297017
0.296826
0.296727
0.296737
0.29685
0.297087
0.297441
0.297936
0.298566
0.299353
0.3003
0.301421
0.302732
0.304234
0.305963
0.307904
0.31011
0.312552
0.315304
0.318316
0.321688
0.32534
0.329412
0.333776
0.338623
0.34377
0.349451
0.355449
0.361994
0.368898
0.376301
0.384139
0.39235
0.401101
0.410026
0.419585
0.429083
0.43929
0.449178
0.459831
0.469886
0.480772
0.490743
0.501706
0.511387
0.522334
0.531493
0.542371
0.550861
0.561815
0.569693
0.581216
0.588751
0.602548
0.61153
0.642453
0.347168
0.345787
0.3444
0.343008
0.341617
0.340228
0.338851
0.337485
0.336139
0.334814
0.33352
0.332259
0.331035
0.329855
0.328724
0.327646
0.326626
0.325668
0.324776
0.323953
0.323203
0.322528
0.321933
0.321419
0.320991
0.320648
0.320396
0.320235
0.320171
0.320201
0.320335
0.320568
0.32091
0.321355
0.321913
0.322582
0.323366
0.324272
0.325294
0.326449
0.327723
0.329143
0.330687
0.33239
0.334227
0.336234
0.338388
0.340725
0.343226
0.345925
0.348806
0.351901
0.355199
0.358729
0.362484
0.366487
0.370741
0.375257
0.38005
0.385115
0.39048
0.396125
0.402085
0.408326
0.41489
0.421721
0.428878
0.436268
0.443976
0.451863
0.460045
0.468339
0.476873
0.485454
0.494173
0.502919
0.511651
0.520402
0.528895
0.537435
0.54552
0.5537
0.56125
0.568933
0.57585
0.582913
0.589163
0.595699
0.601266
0.607202
0.611938
0.617362
0.62133
0.626514
0.629939
0.635068
0.638333
0.644906
0.64847
0.670913
0.347229
0.345998
0.344845
0.343776
0.342814
0.341959
0.34124
0.340644
0.340211
0.339903
0.339787
0.33981
0.339988
0.340341
0.340862
0.34155
0.342401
0.343416
0.344591
0.345925
0.347415
0.349059
0.350855
0.352799
0.35489
0.357123
0.3595
0.362013
0.364668
0.367453
0.370374
0.37342
0.376599
0.379898
0.383325
0.386874
0.390543
0.394341
0.398252
0.402301
0.406459
0.410764
0.415178
0.419748
0.424431
0.429275
0.434243
0.439376
0.444642
0.450077
0.455654
0.461403
0.467298
0.473365
0.479581
0.485961
0.492488
0.499164
0.505978
0.512917
0.519974
0.527125
0.534359
0.541649
0.548976
0.556307
0.563622
0.570878
0.578057
0.585109
0.592016
0.598726
0.605229
0.611457
0.617438
0.623149
0.628484
0.63344
0.637908
0.64214
0.64579
0.649307
0.65213
0.654925
0.656939
0.659028
0.660271
0.661483
0.662019
0.662508
0.662434
0.6625
0.662001
0.661923
0.661096
0.661189
0.660871
0.661648
0.662505
0.674518
0.356938
0.357755
0.358931
0.360468
0.362368
0.364618
0.367191
0.370061
0.373196
0.376575
0.380167
0.383959
0.387919
0.392039
0.396296
0.400676
0.405176
0.40978
0.414488
0.419281
0.424163
0.429112
0.434136
0.439213
0.444349
0.449528
0.454748
0.459992
0.465265
0.470551
0.475859
0.481174
0.486508
0.491851
0.49721
0.502586
0.507976
0.513396
0.518827
0.524302
0.529787
0.53533
0.540884
0.546505
0.552142
0.557846
0.563573
0.569363
0.575178
0.581048
0.586938
0.592872
0.598814
0.60478
0.610735
0.616687
0.622604
0.62848
0.634289
0.640014
0.64563
0.651117
0.656443
0.661593
0.666526
0.671236
0.675669
0.679837
0.683666
0.6872
0.690327
0.693155
0.695487
0.697634
0.699173
0.700716
0.701239
0.701411
0.701254
0.700848
0.69991
0.698854
0.69716
0.695463
0.693127
0.690859
0.688008
0.685217
0.681902
0.678711
0.674976
0.671595
0.667594
0.66425
0.660131
0.656853
0.652969
0.650138
0.648414
0.655697
0.29194
0.289721
0.287623
0.285661
0.283848
0.282202
0.280732
0.279452
0.278366
0.277487
0.276814
0.276356
0.27611
0.276081
0.276265
0.27666
0.277269
0.278085
0.27911
0.280335
0.281762
0.283381
0.285192
0.287184
0.289356
0.291694
0.294201
0.296854
0.299661
0.302595
0.305665
0.308844
0.312141
0.315536
0.319026
0.322606
0.326259
0.330001
0.333792
0.337673
0.341586
0.345588
0.349612
0.353718
0.357847
0.362048
0.366274
0.370565
0.374882
0.379256
0.383655
0.388105
0.392574
0.397084
0.401605
0.406149
0.410692
0.415234
0.419755
0.424244
0.428679
0.433049
0.43732
0.441487
0.445497
0.44936
0.453
0.45645
0.4596
0.462524
0.465064
0.467349
0.469172
0.47071
0.471749
0.472605
0.472725
0.472331
0.47152
0.470525
0.46882
0.467162
0.464517
0.461948
0.458584
0.455191
0.451168
0.447167
0.442514
0.43801
0.432752
0.427879
0.422166
0.417094
0.411169
0.405858
0.400098
0.394105
0.39037
0.370187
0.643518
0.661452
0.67458
0.684764
0.693373
0.701758
0.709669
0.717316
0.724877
0.732488
0.740241
0.748209
0.756965
0.765835
0.776106
0.789701
0.797234
0.829241
0.83059
0.895821
1.34857
1.37155
1.38248
1.38886
1.39193
1.39296
1.39142
1.38779
1.38224
1.37476
1.36547
1.35395
1.34174
1.32532
1.31171
1.29117
1.27409
1.25916
1.23228
1.22645
1.71245
1.73495
1.74554
1.75083
1.75218
1.75075
1.7458
1.73817
1.72805
1.71533
1.70023
1.68212
1.66295
1.63821
1.61728
1.58507
1.56324
1.52909
1.50408
1.46841
1.98055
1.99933
2.00799
2.01124
2.01051
2.00617
1.99799
1.98685
1.97282
1.95583
1.93611
1.91297
1.8885
1.85787
1.8315
1.79147
1.76644
1.71937
1.69557
1.64047
2.20657
2.22004
2.22577
2.22623
2.22282
2.21497
2.20346
2.1887
2.17078
2.14965
2.12554
2.09774
2.0684
2.0326
2.00121
1.95482
1.92636
1.86951
1.84434
1.77516
2.40739
2.41513
2.41708
2.41432
2.40715
2.39574
2.38063
2.36208
2.34019
2.31492
2.28647
2.25419
2.22016
2.17953
2.14332
2.0913
2.05914
1.99431
1.96655
1.88556
2.58981
2.59228
2.58978
2.58279
2.57156
2.55629
2.53731
2.51481
2.48886
2.45943
2.42671
2.39004
2.35148
2.30623
2.26542
2.20818
2.1722
2.10051
2.06963
1.97819
2.75748
2.75455
2.74695
2.73528
2.71973
2.70032
2.67725
2.65066
2.62059
2.58699
2.55004
2.50909
2.46615
2.41648
2.37127
2.30919
2.2694
2.19164
2.15741
2.05661
2.91172
2.90304
2.89003
2.87346
2.85331
2.82953
2.80221
2.77144
2.73723
2.69949
2.65839
2.61328
2.56614
2.51226
2.46289
2.39633
2.35282
2.26967
2.23207
2.12285
3.05266
3.03802
3.01949
2.9978
2.97287
2.94456
2.91291
2.87793
2.83959
2.79779
2.75267
2.70357
2.65246
2.59461
2.54135
2.47068
2.42364
2.3357
2.29486
2.17817
3.17985
3.15919
3.13508
3.10816
3.07835
3.04545
3.00943
2.97027
2.9279
2.88217
2.83322
2.78034
2.72553
2.66401
2.60718
2.53279
2.48248
2.39035
2.3465
2.22336
3.29247
3.26584
3.23618
3.20404
3.16933
3.13185
3.09153
3.04829
3.00202
2.95255
2.90001
2.84364
2.78545
2.72059
2.66058
2.58292
2.52967
2.43396
2.38741
2.25886
3.38947
3.35701
3.32193
3.28465
3.24514
3.20318
3.15869
3.11154
3.06159
3.00864
2.9528
2.89327
2.83209
2.7643
2.70154
2.62109
2.56531
2.46668
2.4178
2.28496
3.4696
3.43158
3.39128
3.34908
3.30495
3.25872
3.21027
3.15945
3.10611
3.05
2.99122
2.92893
2.86518
2.79494
2.72991
2.64723
2.58937
2.4885
2.43772
2.30174
3.53154
3.4883
3.44311
3.39629
3.34785
3.29764
3.24552
3.19127
3.13481
3.07587
3.01455
2.94991
2.8841
2.81192
2.74519
2.6609
2.60149
2.49917
2.44701
2.30919
3.57379
3.52563
3.47585
3.42472
3.37225
3.31836
3.26291
3.20584
3.1469
3.08576
3.02252
2.95618
2.88894
2.81546
2.74768
2.66245
2.60209
2.49912
2.44608
2.30763
3.59405
3.54189
3.4884
3.43379
3.37811
3.32128
3.26321
3.20372
3.14267
3.07974
3.01503
2.94749
2.87936
2.80517
2.73694
2.65149
2.59076
2.48799
2.43462
2.29685
3.59291
3.53726
3.48052
3.42289
3.36442
3.30509
3.24483
3.18349
3.12092
3.05681
2.99126
2.92315
2.85481
2.78063
2.71265
2.62775
2.56732
2.46567
2.41255
2.27682
3.56785
3.50956
3.45034
3.39045
3.32992
3.2688
3.20703
3.14451
3.08109
3.01646
2.95076
2.8828
2.81499
2.74156
2.67459
2.59109
2.53166
2.4321
2.37983
2.24753
3.51755
3.45757
3.39678
3.33549
3.27375
3.21164
3.14914
3.08619
3.02268
2.95829
2.89319
2.82615
2.75963
2.68778
2.62259
2.54138
2.48367
2.38724
2.33645
2.20897
3.44083
3.38023
3.31888
3.25718
3.19516
3.13296
3.07061
3.00808
2.9453
2.88195
2.81828
2.75297
2.68858
2.61917
2.55658
2.4786
2.42335
2.33112
2.28242
2.16117
3.33669
3.27664
3.21586
3.15482
3.09357
3.03228
2.97102
2.90983
2.84868
2.78727
2.72588
2.66319
2.60178
2.53571
2.47656
2.40278
2.35073
2.26382
2.21782
2.10421
3.20436
3.14616
3.08716
3.02796
2.96859
2.90928
2.85016
2.79131
2.73274
2.6742
2.61602
2.55686
2.49932
2.43753
2.38264
2.31407
2.26596
2.1855
2.14281
2.03822
3.04347
2.98849
2.93257
2.87643
2.82014
2.76396
2.70806
2.65259
2.59762
2.54293
2.4889
2.43422
2.38145
2.32489
2.2751
2.21275
2.16929
2.09643
2.05762
1.96341
2.85411
2.80378
2.75229
2.7005
2.64853
2.59665
2.5451
2.49411
2.44376
2.39393
2.34501
2.29577
2.24865
2.19827
2.15438
2.09926
2.06111
1.99701
1.9626
1.88006
2.56476
2.52254
2.47878
2.4345
2.38994
2.34541
2.30118
2.25764
2.21485
2.17282
2.13197
2.09122
2.05278
2.01185
1.97682
1.93259
1.90239
1.85133
1.82353
1.75796
2.13339
2.10475
2.07425
2.04284
2.0109
1.9788
1.94683
1.91561
1.885
1.85539
1.82706
1.79931
1.7738
1.74688
1.72469
1.6962
1.67748
1.64481
1.62668
1.58461
1.65226
1.63927
1.62445
1.60835
1.59144
1.57416
1.55668
1.54002
1.52342
1.50819
1.49402
1.48095
1.4697
1.45829
1.44995
1.43855
1.43229
1.41918
1.41166
1.39468
1.16065
1.16179
1.1628
1.16205
1.16037
1.15796
1.15519
1.15341
1.15042
1.15021
1.15016
1.152
1.15487
1.15905
1.16425
1.16995
1.17607
1.18237
1.18608
1.19379
0.718694
0.73203
0.743989
0.754698
0.764209
0.773492
0.782016
0.791631
0.800484
0.81158
0.822883
0.837034
0.851064
0.868485
0.884701
0.90538
0.921997
0.945704
0.959962
0.990201
0.409069
0.422678
0.434837
0.447252
0.459222
0.472194
0.484836
0.499458
0.51367
0.530799
0.547514
0.568181
0.587348
0.612358
0.634194
0.664761
0.687769
0.724316
0.746828
0.794803
0.266515
0.272907
0.278924
0.285877
0.292506
0.300748
0.308557
0.319025
0.328825
0.342594
0.355094
0.373621
0.390317
0.415623
0.436524
0.470005
0.493967
0.536198
0.563134
0.620702
0.222611
0.224398
0.225934
0.228418
0.230495
0.234092
0.236975
0.242287
0.246472
0.254458
0.260655
0.272607
0.281867
0.300086
0.313635
0.340801
0.359233
0.397287
0.423656
0.481186
0.216684
0.217335
0.217672
0.218622
0.219263
0.221018
0.222208
0.225252
0.227277
0.23229
0.235575
0.243481
0.248643
0.260861
0.268901
0.287543
0.300069
0.326867
0.347542
0.392027
0.231509
0.233016
0.233966
0.23565
0.236905
0.239514
0.241453
0.245206
0.247952
0.25328
0.256985
0.264214
0.268963
0.278499
0.28431
0.296826
0.30448
0.320855
0.334222
0.362537
0.272236
0.275387
0.27811
0.281497
0.284976
0.289688
0.294238
0.300049
0.305512
0.312491
0.318582
0.326389
0.332753
0.340894
0.346923
0.355243
0.36088
0.369337
0.376157
0.389161
0.342249
0.347704
0.352318
0.357264
0.362679
0.368913
0.375089
0.381746
0.388175
0.394955
0.400989
0.407283
0.412545
0.417679
0.421765
0.42588
0.42893
0.432127
0.434949
0.439
0.432734
0.44005
0.444968
0.449743
0.454977
0.460405
0.465421
0.470107
0.474249
0.477974
0.480931
0.483436
0.485313
0.486426
0.487351
0.487802
0.488262
0.48852
0.489597
0.488604
0.524993
0.533281
0.53649
0.539243
0.542177
0.544641
0.546096
0.546544
0.546404
0.545829
0.544688
0.543255
0.54188
0.539988
0.5387
0.537026
0.536433
0.535653
0.536614
0.535234
0.603016
0.611536
0.611851
0.611722
0.611138
0.609295
0.605788
0.601839
0.597242
0.593039
0.588944
0.585351
0.582509
0.579876
0.578277
0.577032
0.577324
0.577529
0.579953
0.582469
0.660224
0.667385
0.666156
0.662283
0.656436
0.649475
0.641223
0.63386
0.626865
0.621529
0.616825
0.613714
0.611715
0.610615
0.6109
0.611992
0.615322
0.618155
0.624627
0.635766
0.696712
0.701523
0.697455
0.686937
0.67554
0.664315
0.653532
0.64558
0.639266
0.635684
0.63324
0.63307
0.633903
0.636029
0.640364
0.644877
0.654221
0.661966
0.673939
0.698316
0.714077
0.712951
0.699211
0.680755
0.666126
0.653762
0.644576
0.639828
0.637898
0.638394
0.640077
0.643997
0.649686
0.656707
0.666211
0.676226
0.692298
0.707214
0.726983
0.767339
0.700649
0.683114
0.652375
0.630586
0.617635
0.60866
0.606466
0.608693
0.61246
0.618188
0.625631
0.634992
0.645615
0.657887
0.672677
0.688901
0.711418
0.734123
0.764184
0.817735
0.430037
0.42561
0.411919
0.390029
0.372006
0.357145
0.347541
0.342511
0.339394
0.337431
0.33699
0.337392
0.338556
0.340069
0.342989
0.345318
0.351669
0.356499
0.363792
0.385324
)
;

boundaryField
{
    inlet
    {
        type            fixedValue;
        value           uniform 0.375;
    }
    outlet
    {
        type            zeroGradient;
    }
    upperWall
    {
        type            kqRWallFunction;
        value           nonuniform List<scalar> 
138
(
0.370067
0.362336
0.355538
0.349311
0.343302
0.337551
0.332103
0.327005
0.322266
0.3179
0.313885
0.310217
0.306859
0.303808
0.301014
0.298491
0.296176
0.294085
0.29194
0.289721
0.287623
0.285661
0.283848
0.282202
0.280732
0.279452
0.278366
0.277487
0.276814
0.276356
0.27611
0.276081
0.276265
0.27666
0.277269
0.278085
0.27911
0.280335
0.281762
0.283381
0.285192
0.287184
0.289356
0.291694
0.294201
0.296854
0.299661
0.302595
0.305665
0.308844
0.312141
0.315536
0.319026
0.322606
0.326259
0.330001
0.333792
0.337673
0.341586
0.345588
0.349612
0.353718
0.357847
0.362048
0.366274
0.370565
0.374882
0.379256
0.383655
0.388105
0.392574
0.397084
0.401605
0.406149
0.410692
0.415234
0.419755
0.424244
0.428679
0.433049
0.43732
0.441487
0.445497
0.44936
0.453
0.45645
0.4596
0.462524
0.465064
0.467349
0.469172
0.47071
0.471749
0.472605
0.472725
0.472331
0.47152
0.470525
0.46882
0.467162
0.464517
0.461948
0.458584
0.455191
0.451168
0.447167
0.442514
0.43801
0.432752
0.427879
0.422166
0.417094
0.411169
0.405858
0.400098
0.394105
0.39037
0.370187
0.430037
0.42561
0.411919
0.390029
0.372006
0.357145
0.347541
0.342511
0.339394
0.337431
0.33699
0.337392
0.338556
0.340069
0.342989
0.345318
0.351669
0.356499
0.363792
0.385324
)
;
    }
    lowerWall
    {
        type            kqRWallFunction;
        value           nonuniform List<scalar> 
163
(
0.366562
0.35436
0.343436
0.332188
0.321461
0.311391
0.302402
0.295
0.288411
0.283284
0.27906
0.275914
0.273588
0.271993
0.271042
0.270703
0.270795
0.273902
0.00215464
0.00788061
0.0148675
0.0220829
0.0289886
0.0354709
0.0413742
0.0465616
0.0509482
0.0544906
0.0571912
0.0590755
0.0602128
0.0605879
0.0604927
0.060098
0.059409
0.0585918
0.0577348
0.0568906
0.0558871
0.0547712
0.0569165
0.0779268
0.218632
0.00215464
0.00585131
0.0102031
0.0151758
0.0217094
0.030215
0.0402784
0.0511846
0.0623203
0.0732673
0.0837048
0.0933424
0.101797
0.108633
0.11348
0.115532
0.113503
0.10537
0.114414
0.123663
0.14388
0.139592
0.134274
0.15189
0.164144
0.179067
0.193571
0.208991
0.224683
0.240949
0.257643
0.274834
0.292484
0.310602
0.329169
0.348173
0.36759
0.387396
0.407557
0.428038
0.448795
0.469783
0.49095
0.512241
0.533596
0.554951
0.576236
0.597379
0.618296
0.638901
0.659088
0.678747
0.697755
0.716028
0.733662
0.750653
0.766874
0.782291
0.796845
0.810475
0.823126
0.834745
0.845284
0.854699
0.862954
0.870015
0.875859
0.880469
0.883843
0.885982
0.886893
0.886528
0.884534
0.881552
0.877843
0.872735
0.866461
0.859131
0.850796
0.841524
0.831382
0.820443
0.808779
0.796467
0.783583
0.770205
0.75641
0.742272
0.727869
0.713282
0.698635
0.685169
0.677992
0.671706
0.665527
0.659223
0.653274
0.646173
0.640411
0.611582
0.643518
0.661452
0.67458
0.684764
0.693373
0.701758
0.709669
0.717316
0.724877
0.732488
0.740241
0.748209
0.756965
0.765835
0.776106
0.789701
0.797234
0.829241
0.83059
0.895821
)
;
    }
    frontAndBack
    {
        type            empty;
    }
}


// ************************************************************************* //
