/*--------------------------------*- C++ -*----------------------------------*\
| =========                 |                                                 |
| \\      /  F ield         | OpenFOAM: The Open Source CFD Toolbox           |
|  \\    /   O peration     | Version:  5.x                                   |
|   \\  /    A nd           | Web:      www.OpenFOAM.org                      |
|    \\/     M anipulation  |                                                 |
\*---------------------------------------------------------------------------*/
FoamFile
{
    version     2.0;
    format      ascii;
    class       volScalarField;
    location    "213";
    object      p;
}
// * * * * * * * * * * * * * * * * * * * * * * * * * * * * * * * * * * * * * //

dimensions      [0 2 -2 0 0 0 0];

internalField   nonuniform List<scalar> 
5760
(
-2.6922
-4.33425
-5.29783
-5.59995
-5.74907
-5.88709
-5.99597
-6.07216
-6.13157
-6.18366
-6.2306
-6.27279
-6.31118
-6.3462
-6.37919
-6.40461
-6.4403
-6.41634
-5.5723
-6.10693
-6.19321
-6.08278
-6.0302
-6.05171
-6.09247
-6.1301
-6.16624
-6.20329
-6.24022
-6.2756
-6.30924
-6.34103
-6.37171
-6.3996
-6.43028
-6.45801
-5.84505
-5.67721
-5.69406
-5.7574
-5.83239
-5.91926
-5.99994
-6.06568
-6.12046
-6.16956
-6.21465
-6.25598
-6.2941
-6.32957
-6.36334
-6.39522
-6.42871
-6.45971
-5.72881
-5.57692
-5.69378
-5.82945
-5.90855
-5.97402
-6.03769
-6.09326
-6.14092
-6.18447
-6.22544
-6.26388
-6.29997
-6.33411
-6.36696
-6.39868
-6.43097
-6.46271
-5.71205
-5.66885
-5.7705
-5.87265
-5.92962
-5.98105
-6.03797
-6.09143
-6.13856
-6.18178
-6.22258
-6.26106
-6.29733
-6.33177
-6.36491
-6.39708
-6.42912
-6.4609
-5.74707
-5.74476
-5.80587
-5.88071
-5.93649
-5.9885
-6.04337
-6.09529
-6.1417
-6.18425
-6.22437
-6.26233
-6.29826
-6.33247
-6.3654
-6.39735
-6.42875
-6.45955
-5.78606
-5.79212
-5.83318
-5.89539
-5.95144
-6.00186
-6.0521
-6.10049
-6.14509
-6.18646
-6.2256
-6.26281
-6.29821
-6.33203
-6.36458
-6.39608
-6.42678
-6.45659
-5.82303
-5.83185
-5.86504
-5.91699
-5.96825
-6.01489
-6.06077
-6.10593
-6.14872
-6.18889
-6.22701
-6.26339
-6.29814
-6.3314
-6.36339
-6.39425
-6.42414
-6.45295
-5.85755
-5.8675
-5.89583
-5.93879
-5.9841
-6.02729
-6.06995
-6.11228
-6.15306
-6.1918
-6.22873
-6.26412
-6.29804
-6.33057
-6.36185
-6.39196
-6.421
-6.44883
-5.89415
-5.90391
-5.92774
-5.96291
-6.00224
-6.04169
-6.08103
-6.12023
-6.15855
-6.19547
-6.23092
-6.26502
-6.29781
-6.32931
-6.35958
-6.38865
-6.4166
-6.44333
-5.93536
-5.94385
-5.96331
-5.99177
-6.02491
-6.05968
-6.09503
-6.13064
-6.16601
-6.20065
-6.23431
-6.26691
-6.2984
-6.32874
-6.35791
-6.38587
-6.41264
-6.43811
-5.97558
-5.98248
-5.99821
-6.02134
-6.04906
-6.07916
-6.11042
-6.14215
-6.17384
-6.2051
-6.23569
-6.26547
-6.29439
-6.32238
-6.34943
-6.3755
-6.40061
-6.42471
-6.00317
-6.00879
-6.0219
-6.0416
-6.06591
-6.09329
-6.12283
-6.15371
-6.1851
-6.21625
-6.24666
-6.2761
-6.30443
-6.33159
-6.35753
-6.38224
-6.40573
-6.42802
-5.99685
-6.00164
-6.01373
-6.03468
-6.06072
-6.08701
-6.11229
-6.13771
-6.16406
-6.19115
-6.21853
-6.24582
-6.2728
-6.2993
-6.32517
-6.35031
-6.37467
-6.39822
-5.97536
-5.97918
-5.98597
-6.00635
-6.03975
-6.07873
-6.11792
-6.15494
-6.18906
-6.22053
-6.24988
-6.27752
-6.30367
-6.32848
-6.35204
-6.37444
-6.39569
-6.41581
-5.9468
-5.94325
-5.96402
-5.9928
-6.01095
-6.02796
-6.0547
-6.08926
-6.12563
-6.16093
-6.19488
-6.22753
-6.25866
-6.28813
-6.31599
-6.34238
-6.36746
-6.39139
-5.94744
-5.83346
-5.8793
-5.9989
-6.07892
-6.11787
-6.1458
-6.17366
-6.20063
-6.22605
-6.25072
-6.27509
-6.29906
-6.32247
-6.34524
-6.36731
-6.3885
-6.40868
-6.08918
-5.80292
-5.68647
-5.72664
-5.81482
-5.90254
-5.9788
-6.0427
-6.09657
-6.14327
-6.18464
-6.22166
-6.2551
-6.28568
-6.31401
-6.34067
-6.36601
-6.39038
-6.01802
-6.37219
-6.39527
-6.25931
-6.16981
-6.15345
-6.16596
-6.18243
-6.20097
-6.22316
-6.24767
-6.2726
-6.29704
-6.3208
-6.34387
-6.36656
-6.38938
-6.41623
-3.49903
-4.62736
-5.43196
-5.70589
-5.81481
-5.91992
-6.01211
-6.07748
-6.12577
-6.16725
-6.2049
-6.23881
-6.26941
-6.29731
-6.3228
-6.34548
-6.36459
-6.3769
-7.09912
-7.09994
-7.10154
-7.10361
-7.10617
-7.10945
-7.11377
-7.11938
-7.12657
-7.13565
-7.14692
-7.16074
-7.1775
-7.19763
-7.22141
-7.24842
-7.27826
-7.31282
-7.35371
-7.39739
-7.43887
-7.48256
-7.52625
-7.57255
-7.62516
-7.67927
-7.73493
-7.79118
-7.84749
-7.90325
-7.95792
-8.01092
-8.06164
-8.10944
-8.15362
-8.19342
-8.22803
-8.25658
-8.27813
-8.2917
-8.29627
-8.29077
-8.27409
-8.24514
-8.2028
-8.14597
-8.07356
-7.98455
-7.87794
-7.75282
-7.60835
-7.44388
-7.25904
-7.05351
-6.82639
-6.57687
-6.30508
-6.01133
-5.69584
-5.35897
-5.0012
-4.62319
-4.22576
-3.80987
-3.37665
-2.92735
-2.46337
-1.98623
-1.49759
-0.99915
-0.492642
0.0201959
0.537366
1.05697
1.57746
2.09715
2.61423
3.12703
3.63402
4.1338
4.62508
5.10674
5.57775
6.03728
6.48459
6.91911
7.34039
7.74808
8.14195
8.52183
8.88768
9.23965
9.57746
9.90044
10.2089
10.5019
10.7822
11.0429
11.3087
11.5392
-7.09848
-7.09968
-7.10095
-7.10208
-7.10346
-7.10569
-7.10909
-7.11383
-7.12011
-7.12817
-7.13827
-7.15071
-7.16574
-7.18348
-7.20386
-7.22712
-7.25488
-7.28685
-7.31982
-7.35382
-7.3957
-7.44277
-7.49598
-7.55251
-7.60624
-7.66099
-7.71653
-7.77246
-7.82833
-7.88365
-7.9379
-7.99054
-8.04099
-8.08862
-8.13275
-8.17263
-8.20745
-8.23636
-8.25842
-8.27266
-8.27805
-8.27353
-8.25801
-8.23039
-8.18955
-8.1344
-8.06386
-7.9769
-7.87254
-7.74986
-7.60803
-7.4463
-7.26396
-7.06028
-6.83491
-6.58787
-6.31906
-6.02838
-5.716
-5.38222
-5.02752
-4.65254
-4.25806
-3.84503
-3.41455
-2.96786
-2.50633
-2.03146
-1.54487
-1.04829
-0.543411
-0.031962
0.484066
1.00273
1.5225
2.04171
2.55854
3.07132
3.5785
4.07867
4.57053
5.05292
5.52482
5.98536
6.4338
6.86954
7.29211
7.70116
8.09641
8.47774
8.8451
9.19829
9.53682
9.86027
10.1694
10.4628
10.7444
11.0058
11.276
11.5055
-7.09563
-7.09779
-7.09948
-7.10027
-7.10105
-7.10267
-7.10551
-7.10976
-7.11559
-7.12322
-7.13288
-7.14484
-7.15937
-7.17668
-7.19691
-7.22045
-7.24813
-7.27977
-7.31381
-7.3502
-7.3916
-7.43717
-7.48668
-7.53962
-7.59253
-7.6464
-7.70089
-7.75568
-7.8104
-7.86462
-7.91785
-7.9696
-8.01928
-8.06629
-8.10995
-8.14953
-8.18423
-8.21318
-8.23548
-8.25015
-8.25618
-8.25249
-8.23802
-8.21167
-8.17231
-8.11887
-8.05026
-7.96545
-7.86345
-7.74333
-7.60426
-7.44549
-7.26629
-7.06591
-6.84396
-6.60044
-6.33525
-6.04831
-5.73973
-5.40979
-5.05894
-4.68779
-4.2971
-3.8878
-3.46095
-3.01776
-2.55959
-2.08791
-1.60431
-1.11049
-0.608148
-0.0989886
0.415006
0.931905
1.45016
1.96811
2.48394
2.99599
3.5027
4.00264
4.49449
4.97709
5.44938
5.91049
6.35964
6.79622
7.21972
7.62978
8.02608
8.40842
8.77669
9.13083
9.47073
9.79579
10.1067
10.4017
10.6858
10.9483
11.2252
11.4476
-7.0901
-7.0936
-7.09682
-7.0984
-7.09951
-7.10121
-7.10402
-7.1082
-7.11398
-7.12157
-7.13124
-7.14325
-7.15791
-7.17547
-7.19613
-7.22018
-7.24801
-7.27958
-7.31435
-7.35231
-7.39391
-7.43879
-7.48644
-7.53649
-7.58786
-7.64041
-7.69368
-7.74733
-7.80099
-7.85423
-7.9066
-7.95761
-8.00669
-8.05323
-8.09657
-8.13598
-8.17065
-8.19974
-8.22232
-8.23742
-8.24404
-8.2411
-8.22754
-8.20225
-8.16411
-8.11204
-8.04496
-7.96182
-7.86163
-7.74345
-7.60642
-7.44977
-7.2728
-7.07486
-6.85555
-6.61473
-6.35229
-6.06814
-5.76241
-5.43534
-5.08737
-4.71909
-4.33124
-3.92473
-3.50061
-3.06006
-2.60443
-2.13515
-1.65381
-1.16209
-0.661665
-0.154255
0.358143
0.873683
1.39081
1.90779
2.42284
2.93431
3.44064
3.94038
4.43221
4.91495
5.38753
5.84905
6.29873
6.73594
7.16013
7.57091
7.96799
8.35115
8.72024
9.07515
9.41593
9.74201
10.0541
10.35
10.636
10.8984
11.1788
11.3896
-7.08313
-7.08826
-7.09359
-7.09645
-7.09835
-7.10062
-7.10385
-7.10841
-7.11456
-7.12257
-7.1327
-7.14526
-7.16053
-7.17878
-7.20019
-7.22499
-7.25334
-7.28513
-7.32013
-7.35835
-7.39984
-7.44428
-7.49119
-7.54006
-7.59033
-7.64176
-7.694
-7.7467
-7.79949
-7.85197
-7.90368
-7.95414
-8.00278
-8.04902
-8.09217
-8.13151
-8.16623
-8.19548
-8.21834
-8.23383
-8.24094
-8.23861
-8.22575
-8.20125
-8.16401
-8.11293
-8.04693
-7.96495
-7.86599
-7.74912
-7.61347
-7.45826
-7.2828
-7.08648
-6.86891
-6.62987
-6.3692
-6.08686
-5.78294
-5.45769
-5.11155
-4.74508
-4.35902
-3.95427
-3.53186
-3.09297
-2.63891
-2.17113
-1.69119
-1.20076
-0.701497
-0.195177
0.316199
0.830913
1.34738
1.86378
2.37837
2.88952
3.39564
3.89529
4.38715
4.87002
5.34283
5.80467
6.25475
6.6924
7.11709
7.52844
7.92611
8.30987
8.67954
9.03493
9.3761
9.70257
10.0152
10.3114
10.5982
10.8597
11.141
11.339
-7.07632
-7.08321
-7.09066
-7.09491
-7.09781
-7.10091
-7.1049
-7.11019
-7.11709
-7.12591
-7.13692
-7.15043
-7.1667
-7.18595
-7.20836
-7.23405
-7.26305
-7.29525
-7.33049
-7.3687
-7.40981
-7.45359
-7.49968
-7.54763
-7.59702
-7.64758
-7.699
-7.75095
-7.80306
-7.85496
-7.90619
-7.95627
-8.00465
-8.05073
-8.09382
-8.13319
-8.16804
-8.19751
-8.22066
-8.23652
-8.24407
-8.24224
-8.22993
-8.20605
-8.16948
-8.11911
-8.05386
-7.97268
-7.87456
-7.75856
-7.62381
-7.46954
-7.29506
-7.09979
-6.88332
-6.64539
-6.38583
-6.1046
-5.80179
-5.47766
-5.13263
-4.76727
-4.38231
-3.97864
-3.55727
-3.1194
-2.66632
-2.19946
-1.72037
-1.23073
-0.732161
-0.226553
0.284143
0.798337
1.31438
1.83041
2.34469
2.85559
3.36154
3.8611
4.35293
4.83584
5.30876
5.77076
6.22104
6.65894
7.08394
7.49561
7.89362
8.27771
8.64771
9.00337
9.34473
9.67136
9.98421
10.2805
10.5677
10.8279
11.109
11.2944
-7.07094
-7.07956
-7.08883
-7.09443
-7.09842
-7.10249
-7.10741
-7.11363
-7.12151
-7.13134
-7.14342
-7.15802
-7.17538
-7.19568
-7.21903
-7.24549
-7.27504
-7.30758
-7.34297
-7.3811
-7.42188
-7.46507
-7.51043
-7.55762
-7.6063
-7.65619
-7.707
-7.7584
-7.81005
-7.86157
-7.91252
-7.9624
-8.01068
-8.05673
-8.09989
-8.1394
-8.17446
-8.20419
-8.22765
-8.24387
-8.2518
-8.25038
-8.23851
-8.21508
-8.17898
-8.12908
-8.06432
-7.98363
-7.88601
-7.77052
-7.6363
-7.48256
-7.30864
-7.11396
-6.8981
-6.66078
-6.40183
-6.12121
-5.81902
-5.49551
-5.15111
-4.78637
-4.40203
-3.99897
-3.57822
-3.14094
-2.68844
-2.22213
-1.74356
-1.25437
-0.75623
-0.251105
0.259125
0.772964
1.28871
1.80445
2.31847
2.82915
3.33491
3.83432
4.32604
4.80888
5.28176
5.74376
6.19408
6.63205
7.05714
7.46892
7.86706
8.25129
8.62142
8.97719
9.31865
9.64536
9.95833
10.2546
10.5418
10.8005
11.081
11.2546
-7.06801
-7.07799
-7.08868
-7.09547
-7.10052
-7.10559
-7.11148
-7.11868
-7.12756
-7.13843
-7.15156
-7.1672
-7.18555
-7.20674
-7.23086
-7.25791
-7.28785
-7.32059
-7.35603
-7.39407
-7.43457
-7.47735
-7.52219
-7.56884
-7.61701
-7.66645
-7.71685
-7.76792
-7.81933
-7.87067
-7.92152
-7.97138
-8.01971
-8.06589
-8.10922
-8.14897
-8.18429
-8.21431
-8.23809
-8.25462
-8.26287
-8.26176
-8.25019
-8.22705
-8.19122
-8.14158
-8.07705
-7.99658
-7.89917
-7.78387
-7.64984
-7.49629
-7.32256
-7.12809
-6.91245
-6.67535
-6.41663
-6.13623
-5.83427
-5.51101
-5.16686
-4.80239
-4.41834
-4.01556
-3.59511
-3.15813
-2.70592
-2.23991
-1.76163
-1.27267
-0.77479
-0.269995
0.239924
0.753506
1.26902
1.78453
2.29831
2.80875
3.3143
3.8135
4.30504
4.78772
5.26046
5.72233
6.17255
6.61045
7.03547
7.44721
7.84531
8.22953
8.59966
8.95544
9.29691
9.62361
9.9366
10.2326
10.5198
10.7768
11.0565
11.219
-7.06796
-7.07887
-7.0905
-7.09824
-7.10423
-7.1102
-7.11698
-7.12508
-7.13487
-7.14667
-7.16071
-7.17721
-7.19635
-7.21822
-7.24288
-7.27033
-7.30051
-7.33337
-7.36881
-7.40673
-7.44702
-7.48951
-7.53403
-7.58035
-7.62823
-7.67742
-7.72765
-7.7786
-7.82995
-7.88131
-7.93223
-7.98223
-8.03075
-8.07716
-8.12075
-8.16078
-8.19639
-8.2267
-8.25074
-8.26752
-8.27599
-8.27507
-8.26365
-8.24062
-8.20485
-8.15524
-8.09071
-8.0102
-7.91273
-7.79735
-7.66321
-7.50956
-7.33572
-7.14116
-6.92543
-6.68824
-6.42943
-6.14897
-5.84696
-5.52367
-5.17952
-4.81506
-4.43104
-4.02834
-3.60796
-3.17109
-2.71901
-2.25313
-1.77498
-1.28615
-0.788428
-0.283863
0.22583
0.739191
1.25449
1.76978
2.2833
2.79347
3.29875
3.79769
4.28897
4.7714
5.24389
5.70554
6.15554
6.59323
7.01807
7.42965
7.82761
8.2117
8.58173
8.93743
9.27885
9.60548
9.91839
10.2142
10.501
10.7563
11.0348
11.1875
-7.07085
-7.08225
-7.09435
-7.10274
-7.10947
-7.11618
-7.12369
-7.13252
-7.14304
-7.15555
-7.17026
-7.18737
-7.20702
-7.22931
-7.25429
-7.28194
-7.31225
-7.34514
-7.38055
-7.41839
-7.45854
-7.50088
-7.54523
-7.59142
-7.63922
-7.68837
-7.73861
-7.78963
-7.84111
-7.89264
-7.94378
-7.99404
-8.04283
-8.08952
-8.13341
-8.17372
-8.20959
-8.24012
-8.26434
-8.28125
-8.28979
-8.28889
-8.27743
-8.2543
-8.21839
-8.16859
-8.10381
-8.02303
-7.92524
-7.80953
-7.67505
-7.52104
-7.34686
-7.15196
-6.9359
-6.69841
-6.43931
-6.15857
-5.85632
-5.53282
-5.18848
-4.82389
-4.43976
-4.03699
-3.61658
-3.17971
-2.72766
-2.26185
-1.78378
-1.29503
-0.79746
-0.293083
0.216389
0.729514
1.24457
1.75959
2.27279
2.78264
3.28758
3.78618
4.27711
4.75918
5.23133
5.69263
6.14231
6.57969
7.00424
7.41555
7.81328
8.19716
8.56701
8.92257
9.26387
9.59038
9.90315
10.1986
10.4849
10.7385
11.0157
11.1598
-7.07644
-7.08792
-7.10005
-7.10879
-7.11601
-7.12324
-7.13126
-7.14059
-7.15157
-7.16449
-7.17957
-7.19699
-7.21688
-7.23935
-7.26444
-7.29215
-7.32247
-7.35535
-7.39073
-7.42852
-7.46864
-7.51095
-7.5553
-7.60151
-7.64937
-7.69864
-7.74907
-7.80033
-7.85207
-7.90389
-7.95532
-8.00587
-8.05496
-8.10193
-8.14607
-8.18658
-8.2226
-8.25321
-8.27745
-8.29431
-8.30273
-8.30163
-8.28991
-8.26646
-8.23017
-8.17994
-8.1147
-8.03341
-7.9351
-7.81885
-7.68382
-7.52928
-7.35457
-7.15916
-6.94262
-6.70467
-6.44514
-6.16402
-5.86142
-5.53761
-5.19302
-4.82821
-4.44393
-4.04104
-3.62057
-3.18369
-2.73167
-2.26593
-1.78797
-1.29937
-0.802
-0.297836
0.211372
0.724207
1.23895
1.75358
2.26638
2.77579
3.28028
3.77842
4.26888
4.75048
5.22216
5.68302
6.13225
6.56922
6.99339
7.40434
7.80175
8.18536
8.55497
8.91034
9.25149
9.57785
9.89043
10.1855
10.4712
10.7232
10.9987
11.1354
-7.08432
-7.09554
-7.10731
-7.11609
-7.12352
-7.131
-7.13926
-7.14877
-7.15989
-7.17292
-7.18807
-7.20552
-7.22542
-7.24786
-7.27289
-7.30053
-7.33079
-7.36362
-7.39897
-7.43677
-7.47692
-7.51931
-7.56376
-7.61011
-7.65815
-7.70767
-7.7584
-7.80999
-7.86206
-7.91419
-7.9659
-8.0167
-8.06599
-8.11313
-8.15736
-8.19789
-8.23385
-8.26432
-8.28834
-8.3049
-8.31294
-8.31139
-8.29917
-8.27515
-8.23826
-8.18738
-8.12147
-8.03949
-7.94048
-7.82353
-7.68783
-7.53263
-7.35729
-7.16127
-6.94417
-6.7057
-6.4457
-6.16416
-5.8612
-5.5371
-5.19226
-4.82728
-4.44287
-4.03992
-3.61946
-3.18262
-2.73071
-2.26512
-1.78735
-1.29902
-0.801964
-0.298107
0.210735
0.723177
1.23748
1.75155
2.2638
2.77265
3.27655
3.77409
4.26394
4.74494
5.21603
5.67631
6.12499
6.56144
6.98513
7.39564
7.79266
8.17592
8.54525
8.90039
9.24137
9.56756
9.87992
10.1747
10.4597
10.7102
10.9837
11.1143
-7.09401
-7.10471
-7.1158
-7.12429
-7.13162
-7.13901
-7.14715
-7.15652
-7.16749
-7.18033
-7.19529
-7.21254
-7.23222
-7.25445
-7.27929
-7.30677
-7.33691
-7.36967
-7.40501
-7.44283
-7.48305
-7.52554
-7.57015
-7.61672
-7.66503
-7.71486
-7.76588
-7.81776
-7.87007
-7.92239
-7.97422
-8.02507
-8.07435
-8.1214
-8.16545
-8.20571
-8.2413
-8.27133
-8.29481
-8.31077
-8.31815
-8.31589
-8.30291
-8.27811
-8.24041
-8.18872
-8.122
-8.03921
-7.93941
-7.82169
-7.68526
-7.52937
-7.35338
-7.15677
-6.93914
-6.70019
-6.43977
-6.15788
-5.85464
-5.53033
-5.18534
-4.82028
-4.43587
-4.03298
-3.61265
-3.176
-2.72434
-2.25906
-1.78166
-1.29379
-0.797207
-0.293819
0.214483
0.726384
1.24004
1.75336
2.26489
2.77299
3.27614
3.77291
4.262
4.74224
5.2126
5.67218
6.1202
6.55603
6.97914
7.38914
7.7857
8.16858
8.53758
8.89248
9.23327
9.55929
9.87142
10.1658
10.45
10.6992
10.9704
11.0964
-7.10503
-7.11499
-7.12514
-7.13302
-7.13987
-7.14681
-7.1545
-7.16342
-7.17394
-7.18635
-7.20087
-7.2177
-7.23699
-7.25886
-7.28339
-7.31061
-7.34054
-7.37316
-7.40843
-7.44623
-7.48648
-7.52907
-7.57386
-7.62063
-7.66913
-7.71909
-7.77019
-7.82208
-7.87435
-7.92654
-7.97816
-8.02872
-8.07764
-8.12423
-8.16773
-8.20735
-8.24223
-8.27147
-8.29412
-8.3092
-8.31568
-8.3125
-8.29859
-8.27286
-8.23424
-8.18166
-8.11405
-8.03042
-7.92982
-7.81136
-7.67424
-7.51772
-7.34116
-7.14406
-6.926
-6.6867
-6.426
-6.14392
-5.84058
-5.51623
-5.17128
-4.80635
-4.42214
-4.01953
-3.59955
-3.16331
-2.71213
-2.24739
-1.77064
-1.28348
-0.787547
-0.284892
0.222647
0.733814
1.24656
1.75891
2.2695
2.77666
3.27886
3.77468
4.26284
4.74217
5.21165
5.67039
6.11763
6.55273
6.97518
7.38459
7.78065
8.1631
8.53176
8.88641
9.22701
9.55288
9.86479
10.1589
10.4423
10.6903
10.9589
11.0816
-7.11758
-7.12662
-7.13557
-7.14244
-7.14838
-7.15444
-7.16131
-7.16945
-7.17921
-7.19088
-7.2047
-7.22086
-7.23952
-7.2608
-7.2848
-7.31155
-7.34106
-7.37333
-7.40831
-7.44591
-7.48602
-7.52851
-7.57319
-7.6198
-7.66808
-7.71775
-7.76846
-7.81987
-7.87157
-7.92314
-7.97412
-8.024
-8.07213
-8.11782
-8.16035
-8.19893
-8.23273
-8.26087
-8.28242
-8.2964
-8.30179
-8.29755
-8.28261
-8.2559
-8.21635
-8.16288
-8.09445
-8.01006
-7.9088
-7.78974
-7.65208
-7.4951
-7.31818
-7.12079
-6.90254
-6.66313
-6.40243
-6.12043
-5.81727
-5.49319
-5.14858
-4.78409
-4.40041
-3.9984
-3.57909
-3.1436
-2.69323
-2.22941
-1.75367
-1.26748
-0.772505
-0.270981
0.235513
0.745655
1.25716
1.76826
2.27765
2.78361
3.28461
3.77925
4.26627
4.74449
5.21293
5.67068
6.117
6.55127
6.97298
7.38174
7.77724
8.15924
8.52756
8.88197
9.2224
9.54816
9.85988
10.1537
10.4363
10.6834
10.9491
11.0697
-7.13074
-7.13906
-7.14649
-7.15185
-7.15638
-7.16112
-7.16674
-7.17371
-7.18235
-7.19297
-7.20578
-7.22096
-7.23865
-7.25899
-7.28208
-7.30796
-7.33667
-7.36822
-7.40253
-7.43946
-7.47892
-7.52075
-7.56471
-7.61052
-7.65795
-7.70671
-7.75642
-7.80675
-7.85732
-7.90775
-7.95765
-8.00642
-8.05333
-8.09774
-8.13896
-8.17624
-8.20876
-8.23566
-8.25601
-8.26885
-8.27317
-8.26793
-8.25206
-8.2245
-8.18417
-8.13001
-8.06098
-7.97609
-7.8744
-7.75501
-7.61711
-7.45999
-7.28303
-7.08571
-6.86761
-6.62845
-6.36811
-6.08657
-5.78398
-5.46053
-5.11664
-4.75298
-4.3702
-3.96917
-3.55092
-3.11655
-2.66744
-2.20495
-1.73053
-1.24559
-0.751976
-0.251952
0.25322
0.761992
1.27192
1.78153
2.28944
2.79394
3.29351
3.78676
4.27242
4.74936
5.21658
5.6732
6.11848
6.55181
6.97269
7.38073
7.77563
8.15717
8.52514
8.87932
9.21962
9.54531
9.85689
10.1505
10.4323
10.6787
10.9413
11.0612
-7.14357
-7.15117
-7.15683
-7.16032
-7.16307
-7.1661
-7.17019
-7.17573
-7.18294
-7.19215
-7.20356
-7.21725
-7.2334
-7.25221
-7.27379
-7.29816
-7.32546
-7.35574
-7.38882
-7.42451
-7.46271
-7.50333
-7.54606
-7.59057
-7.63664
-7.68404
-7.73238
-7.78132
-7.83056
-7.87978
-7.92842
-7.97582
-8.02136
-8.06443
-8.10435
-8.14038
-8.17173
-8.19753
-8.21687
-8.22878
-8.23225
-8.22625
-8.2097
-8.18155
-8.14072
-8.08615
-8.0168
-7.93169
-7.82985
-7.71042
-7.57258
-7.41562
-7.23892
-7.04198
-6.82435
-6.58573
-6.32606
-6.04531
-5.74362
-5.42114
-5.07827
-4.71576
-4.33416
-3.93438
-3.51746
-3.08454
-2.63694
-2.17597
-1.70305
-1.21964
-0.727736
-0.229414
0.274248
0.781363
1.28952
1.79747
2.30373
2.80661
3.30459
3.7963
4.28047
4.75601
5.22191
5.67731
6.12148
6.55382
6.97383
7.38113
7.77544
8.15652
8.52418
8.87818
9.21841
9.54411
9.85565
10.1492
10.4303
10.6763
10.9355
11.0562
-7.15675
-7.16338
-7.16681
-7.16801
-7.16867
-7.16962
-7.17187
-7.1756
-7.18079
-7.18789
-7.19708
-7.20839
-7.22214
-7.23877
-7.25834
-7.28079
-7.30635
-7.33515
-7.36683
-7.40104
-7.43767
-7.4767
-7.51788
-7.56081
-7.60521
-7.65094
-7.69782
-7.74548
-7.79351
-7.84144
-7.88871
-7.93472
-7.97894
-8.02077
-8.05954
-8.09451
-8.12487
-8.14975
-8.16826
-8.17941
-8.18221
-8.17561
-8.15855
-8.12998
-8.08882
-8.03401
-7.96451
-7.87933
-7.77753
-7.65825
-7.52067
-7.36407
-7.18783
-6.9915
-6.7746
-6.53679
-6.27802
-5.99827
-5.69766
-5.37635
-5.03475
-4.67359
-4.29342
-3.89514
-3.47983
-3.04857
-2.60263
-2.14335
-1.67216
-1.19053
-0.70059
-0.20412
0.297865
0.803072
1.3093
1.81544
2.3199
2.82102
3.31728
3.80733
4.28992
4.76396
5.22846
5.68259
6.1256
6.55691
6.97604
7.38261
7.77633
8.15699
8.5244
8.87831
9.21857
9.5444
9.85602
10.1497
10.4301
10.6761
10.9317
11.055
-7.17112
-7.17596
-7.17644
-7.1749
-7.17321
-7.17152
-7.17134
-7.17244
-7.17446
-7.17849
-7.18481
-7.1934
-7.20476
-7.21952
-7.23753
-7.25832
-7.28211
-7.30916
-7.33909
-7.37148
-7.40612
-7.44302
-7.48224
-7.5236
-7.56669
-7.6111
-7.65668
-7.70313
-7.74993
-7.79657
-7.84255
-7.88736
-7.93047
-7.97124
-8.00901
-8.04303
-8.07249
-8.09654
-8.11427
-8.12471
-8.12686
-8.11968
-8.10213
-8.07314
-8.03165
-7.97659
-7.90696
-7.82175
-7.72003
-7.60094
-7.46372
-7.30761
-7.13194
-6.93628
-6.72017
-6.48328
-6.22554
-5.94691
-5.64747
-5.32746
-4.98729
-4.62761
-4.24908
-3.85247
-3.4389
-3.00947
-2.56535
-2.10798
-1.6387
-1.15904
-0.671243
-0.176715
0.32342
0.826534
1.33073
1.83493
2.33747
2.83671
3.33115
3.81944
4.30037
4.77284
5.23589
5.6887
6.13053
6.56081
6.97906
7.38492
7.77811
8.15842
8.52566
8.87958
9.22
9.54612
9.85798
10.152
10.432
10.6782
10.9301
11.0576
-7.18776
-7.18892
-7.18532
-7.18056
-7.17621
-7.17068
-7.1672
-7.16484
-7.16325
-7.16488
-7.16964
-7.17664
-7.18607
-7.19869
-7.21447
-7.23277
-7.25372
-7.27773
-7.30497
-7.33553
-7.36888
-7.40452
-7.44243
-7.48261
-7.52477
-7.56831
-7.61284
-7.65814
-7.70383
-7.74942
-7.79439
-7.83821
-7.88034
-7.92015
-7.95697
-7.99005
-8.01859
-8.04175
-8.05862
-8.06824
-8.06962
-8.06174
-8.04357
-8.01403
-7.97205
-7.91663
-7.84678
-7.76149
-7.6598
-7.54085
-7.40389
-7.24817
-7.07305
-6.87803
-6.66268
-6.42671
-6.17002
-5.89253
-5.59432
-5.27575
-4.93714
-4.579
-4.20218
-3.80735
-3.39556
-2.96803
-2.52589
-2.07057
-1.60333
-1.12583
-0.640315
-0.147836
0.350253
0.851161
1.35326
1.85542
2.35595
2.85323
3.34578
3.83225
4.31145
4.78232
5.2439
5.69537
6.13602
6.56528
6.98269
7.38788
7.7806
8.16065
8.52783
8.8819
9.22263
9.54923
9.86155
10.1561
10.436
10.6829
10.931
11.0642
-7.20811
-7.20158
-7.1922
-7.184
-7.17635
-7.16557
-7.15986
-7.15676
-7.15347
-7.15299
-7.15503
-7.15804
-7.16253
-7.16974
-7.18116
-7.19702
-7.2167
-7.23943
-7.26546
-7.29525
-7.32829
-7.36382
-7.40147
-7.44101
-7.48235
-7.52515
-7.569
-7.61355
-7.65845
-7.70322
-7.74735
-7.79031
-7.83153
-7.8704
-7.90624
-7.93833
-7.96587
-7.98803
-8.00389
-8.01252
-8.01296
-8.00419
-7.98522
-7.95497
-7.91237
-7.85641
-7.78612
-7.70054
-7.59871
-7.47976
-7.34288
-7.18738
-7.01267
-6.81821
-6.60361
-6.36857
-6.11287
-5.83646
-5.53943
-5.22225
-4.88524
-4.52869
-4.15357
-3.76062
-3.35075
-2.9252
-2.48513
-2.03194
-1.56682
-1.09164
-0.608471
-0.118099
0.377761
0.876391
1.37635
1.8764
2.37487
2.87013
3.36073
3.84535
4.32281
4.79205
5.25216
5.70231
6.1418
6.57008
6.98669
7.39128
7.78362
8.16352
8.53078
8.88515
9.22639
9.55368
9.86673
10.1621
10.4421
10.6902
10.9346
11.075
-7.23352
-7.21241
-7.19443
-7.18286
-7.1758
-7.16415
-7.15684
-7.15086
-7.13887
-7.12813
-7.12063
-7.11787
-7.11988
-7.12545
-7.13603
-7.15209
-7.17284
-7.19686
-7.22381
-7.25382
-7.28685
-7.32242
-7.36009
-7.3996
-7.44073
-7.48322
-7.52668
-7.57078
-7.61513
-7.65928
-7.70272
-7.7449
-7.78528
-7.82324
-7.85811
-7.88917
-7.91567
-7.93676
-7.95153
-7.95907
-7.95843
-7.94862
-7.92863
-7.89743
-7.85401
-7.79735
-7.72644
-7.64033
-7.53814
-7.41899
-7.28208
-7.12666
-6.95218
-6.75812
-6.54413
-6.30989
-6.0551
-5.77974
-5.48393
-5.16809
-4.83257
-4.47765
-4.10425
-3.71318
-3.30532
-2.8818
-2.44385
-1.99281
-1.52988
-1.05713
-0.576265
-0.0880075
0.405507
0.901818
1.39959
1.89749
2.39384
2.88704
3.37566
3.8584
4.3341
4.80173
5.26037
5.70922
6.14758
6.57494
6.99081
7.39488
7.78695
8.16684
8.53432
8.88919
9.23115
9.5594
9.87346
10.1701
10.4506
10.7003
10.9413
11.0899
-7.26676
-7.21466
-7.19604
-7.18796
-7.183
-7.15633
-7.12803
-7.10518
-7.08285
-7.06731
-7.05789
-7.05655
-7.06272
-7.073
-7.0867
-7.10447
-7.12633
-7.15169
-7.18
-7.2111
-7.24502
-7.28123
-7.31929
-7.35908
-7.40038
-7.44286
-7.48622
-7.5301
-7.57412
-7.61784
-7.66074
-7.70229
-7.74194
-7.77906
-7.81301
-7.84307
-7.86849
-7.88845
-7.90208
-7.90847
-7.90667
-7.89571
-7.87455
-7.84222
-7.79778
-7.74022
-7.66853
-7.58177
-7.47907
-7.35956
-7.22245
-7.06701
-6.89267
-6.69888
-6.48533
-6.25172
-5.99772
-5.72336
-5.42874
-5.11417
-4.78008
-4.42675
-4.05504
-3.66579
-3.25986
-2.83837
-2.40255
-1.95369
-1.49302
-1.02273
-0.544145
-0.0580685
0.433043
0.927022
1.42258
1.91828
2.41248
2.90359
3.39022
3.87107
4.34502
4.81104
5.26823
5.71582
6.15311
6.5796
6.99482
7.39846
7.79039
8.1704
8.53829
8.89388
9.23681
9.56632
9.88176
10.18
10.4615
10.7133
10.9514
11.1091
-7.31158
-7.22402
-7.20994
-7.15909
-7.11852
-7.06768
-7.02742
-7.00239
-6.99201
-6.98795
-6.988
-6.99285
-7.0033
-7.01771
-7.03463
-7.05526
-7.07951
-7.10674
-7.13663
-7.16907
-7.20407
-7.24119
-7.27994
-7.32021
-7.3618
-7.40447
-7.4479
-7.49174
-7.53559
-7.57902
-7.6215
-7.66251
-7.70149
-7.73784
-7.77092
-7.8
-7.82435
-7.84317
-7.85562
-7.8608
-7.85779
-7.84562
-7.82329
-7.78983
-7.74429
-7.68572
-7.61313
-7.5256
-7.42226
-7.30226
-7.16481
-7.00923
-6.83492
-6.6413
-6.42805
-6.19493
-5.94161
-5.6681
-5.3745
-5.06112
-4.72836
-4.37656
-4.0065
-3.61901
-3.21499
-2.79552
-2.36184
-1.91515
-1.45684
-0.989007
-0.512643
-0.0288297
0.459864
0.951509
1.44481
1.93828
2.43029
2.91931
3.40392
3.88289
4.35509
4.81954
5.27533
5.72171
6.15799
6.58369
6.99834
7.40169
7.79362
8.17395
8.54247
8.899
9.2432
9.57432
9.89154
10.1919
10.4749
10.7294
10.9651
11.1327
-7.41212
-7.10039
-7.03487
-6.96714
-6.91439
-6.90255
-6.89743
-6.89593
-6.90615
-6.91396
-6.92211
-6.93351
-6.94863
-6.96677
-6.98687
-7.01019
-7.03667
-7.06558
-7.09682
-7.13044
-7.16638
-7.20428
-7.24366
-7.28437
-7.32623
-7.36909
-7.41264
-7.45648
-7.5002
-7.54334
-7.5854
-7.62587
-7.66418
-7.69976
-7.73196
-7.76007
-7.78338
-7.80109
-7.81237
-7.81635
-7.81211
-7.79871
-7.77518
-7.74057
-7.69392
-7.6343
-7.56077
-7.47241
-7.36836
-7.24777
-7.10988
-6.95401
-6.77955
-6.58598
-6.37293
-6.14018
-5.88743
-5.61467
-5.322
-5.00972
-4.67822
-4.32788
-3.95943
-3.57369
-3.17156
-2.75409
-2.32254
-1.87807
-1.42219
-0.956784
-0.48262
-0.00113715
0.48514
0.974435
1.46544
1.95665
2.44646
2.93335
3.41598
3.8931
4.36361
4.82653
5.281
5.72625
6.16163
6.58666
7.0009
7.40411
7.79625
8.17713
8.54652
8.90431
9.25011
9.58324
9.90269
10.2057
10.4908
10.7486
10.9827
11.1605
-6.62314
-6.3485
-6.41707
-6.57202
-6.65912
-6.73813
-6.78058
-6.80447
-6.82972
-6.8488
-6.86441
-6.88126
-6.90033
-6.92139
-6.94376
-6.96859
-6.99622
-7.02602
-7.05803
-7.09239
-7.12886
-7.16707
-7.20675
-7.24769
-7.28968
-7.33256
-7.376
-7.41959
-7.46289
-7.50545
-7.54678
-7.58638
-7.6237
-7.65816
-7.68914
-7.71593
-7.73783
-7.75407
-7.76381
-7.76621
-7.76036
-7.74533
-7.72016
-7.68396
-7.63581
-7.57476
-7.4999
-7.41034
-7.30522
-7.1837
-7.04503
-6.88855
-6.71367
-6.5199
-6.30687
-6.07434
-5.82208
-5.55005
-5.25836
-4.94729
-4.61722
-4.26857
-3.90202
-3.51838
-3.11855
-2.70357
-2.27468
-1.83305
-1.38028
-0.917826
-0.446473
0.0319957
0.515213
1.0015
1.48955
1.97784
2.46484
2.94906
3.42919
3.90403
4.37247
4.83357
5.28649
5.73047
6.16488
6.58927
7.00322
7.40656
7.79932
8.18128
8.55225
8.91216
9.26064
9.59706
9.92025
10.2276
10.5166
10.7798
11.0135
11.2041
-6.52583
-6.49802
-6.59561
-6.70775
-6.73871
-6.75228
-6.75946
-6.76593
-6.77767
-6.79083
-6.80476
-6.82179
-6.84256
-6.86619
-6.89155
-6.91908
-6.94904
-6.98118
-7.01529
-7.05124
-7.0888
-7.12774
-7.16794
-7.20938
-7.25184
-7.29483
-7.33789
-7.38075
-7.42309
-7.46449
-7.50453
-7.54273
-7.57853
-7.61138
-7.64065
-7.66563
-7.68567
-7.69998
-7.70773
-7.7081
-7.7002
-7.68311
-7.65593
-7.61779
-7.56777
-7.50495
-7.42842
-7.33731
-7.23076
-7.10798
-6.96824
-6.81089
-6.63539
-6.44127
-6.22817
-5.99584
-5.74411
-5.47293
-5.18242
-4.87284
-4.54455
-4.19801
-3.83386
-3.45289
-3.05599
-2.64421
-2.21868
-1.78076
-1.33192
-0.873139
-0.405483
0.0691127
0.548482
1.03097
1.51525
1.99988
2.48339
2.96435
3.44149
3.91363
4.37968
4.83872
5.28994
5.7326
6.1661
6.59004
7.004
7.40798
7.80207
8.18599
8.55964
8.92305
9.27587
9.61761
9.94696
10.2615
10.5575
10.8292
11.0664
11.2709
-6.50923
-6.54945
-6.59654
-6.65281
-6.68183
-6.70474
-6.72914
-6.75094
-6.77068
-6.78851
-6.80453
-6.82061
-6.83855
-6.85851
-6.88015
-6.90381
-6.92989
-6.95863
-6.98971
-7.02279
-7.05785
-7.09474
-7.13322
-7.17319
-7.21435
-7.25611
-7.29802
-7.33979
-7.38105
-7.42135
-7.46022
-7.49715
-7.53158
-7.56294
-7.59059
-7.61388
-7.63209
-7.64447
-7.65024
-7.64857
-7.63863
-7.61961
-7.59066
-7.5508
-7.49908
-7.43458
-7.35637
-7.26361
-7.15556
-7.03148
-6.89068
-6.73253
-6.55652
-6.3622
-6.14921
-5.91731
-5.66634
-5.39627
-5.10721
-4.79941
-4.47322
-4.12911
-3.76769
-3.38974
-2.99612
-2.58786
-2.16606
-1.73211
-1.28736
-0.832612
-0.369128
0.101232
0.576497
1.05499
1.53535
2.01621
2.49618
2.97392
3.44814
3.91768
4.38148
4.83863
5.28831
5.72985
6.16272
6.58656
7.00103
7.40624
7.80224
8.18881
8.56598
8.93392
9.29238
9.64099
9.97839
10.3021
10.6079
10.8905
11.1351
11.3523
-6.50394
-6.54512
-6.57959
-6.62839
-6.67203
-6.70488
-6.73139
-6.75218
-6.76952
-6.78561
-6.80125
-6.81771
-6.83625
-6.85703
-6.87969
-6.90424
-6.93085
-6.95957
-6.99012
-7.02224
-7.05589
-7.09091
-7.12712
-7.16428
-7.20211
-7.24038
-7.27886
-7.31721
-7.35505
-7.39195
-7.42745
-7.46106
-7.49226
-7.52045
-7.54502
-7.56536
-7.58069
-7.59028
-7.59335
-7.58908
-7.57665
-7.55526
-7.52402
-7.48196
-7.42815
-7.36171
-7.28177
-7.18755
-7.07828
-6.95324
-6.81172
-6.65312
-6.47695
-6.28279
-6.07028
-5.83918
-5.58936
-5.32079
-5.03357
-4.72795
-4.40426
-4.06298
-3.70469
-3.33016
-2.9402
-2.53584
-2.11814
-1.68839
-1.24787
-0.797523
-0.338603
0.127191
0.598058
1.07237
1.54872
2.02577
2.5022
2.97672
3.44807
3.91511
4.37682
4.83225
5.28054
5.72116
6.15374
6.57799
6.9937
7.40079
7.79927
8.18924
8.57095
8.94469
9.31034
9.66755
10.015
10.3503
10.6687
10.9649
11.2212
11.4502
-6.49767
-6.53698
-6.57423
-6.61836
-6.65905
-6.68939
-6.71345
-6.73443
-6.75384
-6.77265
-6.79125
-6.81027
-6.83052
-6.85227
-6.87545
-6.90012
-6.92647
-6.95458
-6.98435
-7.01562
-7.0483
-7.08226
-7.1173
-7.1532
-7.1897
-7.22657
-7.2635
-7.3001
-7.33596
-7.37068
-7.40379
-7.43482
-7.46326
-7.48852
-7.51002
-7.52715
-7.5392
-7.54544
-7.54515
-7.53754
-7.52182
-7.49712
-7.46259
-7.4174
-7.36068
-7.29163
-7.20943
-7.11328
-7.00237
-6.876
-6.73349
-6.57431
-6.39792
-6.20388
-5.99187
-5.76165
-5.51308
-5.24615
-4.96096
-4.65771
-4.33675
-3.99852
-3.64362
-3.27273
-2.8867
-2.48648
-2.07313
-1.64781
-1.21174
-0.765985
-0.311798
0.14927
0.615561
1.08553
1.55777
2.03095
2.50377
2.97501
3.44346
3.90803
4.36772
4.82158
5.26888
5.70913
6.142
6.56719
6.98465
7.39419
7.79577
8.18987
8.57693
8.95729
9.3311
9.69802
10.0571
10.4062
10.7405
11.0534
11.3265
11.566
-6.494
-6.53165
-6.56873
-6.60726
-6.64347
-6.67363
-6.69942
-6.72289
-6.74473
-6.76543
-6.78555
-6.80574
-6.82672
-6.84885
-6.87226
-6.89701
-6.92322
-6.95096
-6.98015
-7.01066
-7.04235
-7.07509
-7.10871
-7.14298
-7.17765
-7.21249
-7.24717
-7.28136
-7.31469
-7.34675
-7.37711
-7.40531
-7.43083
-7.45312
-7.47161
-7.48567
-7.49462
-7.49777
-7.4944
-7.48375
-7.46502
-7.4374
-7.40007
-7.35222
-7.29302
-7.22166
-7.13734
-7.03924
-6.92662
-6.79882
-6.65525
-6.49534
-6.31857
-6.12451
-5.91285
-5.68338
-5.43595
-5.17056
-4.88727
-4.58632
-4.268
-3.93276
-3.58115
-3.21386
-2.83169
-2.43556
-2.02649
-1.60558
-1.17398
-0.732825
-0.283336
0.173044
0.634768
1.10035
1.5684
2.03765
2.50682
2.97474
3.44025
3.90229
4.35987
4.81217
5.25857
5.69856
6.13177
6.55791
6.977
7.389
7.794
8.19258
8.58536
8.97274
9.35525
9.73278
10.1049
10.4697
10.8229
11.1563
11.4516
11.7015
-6.48965
-6.52536
-6.56072
-6.59599
-6.62979
-6.66006
-6.6869
-6.71142
-6.73433
-6.75618
-6.77752
-6.79891
-6.82088
-6.84373
-6.86762
-6.89263
-6.91882
-6.94626
-6.9749
-7.00462
-7.03533
-7.06688
-7.09912
-7.13183
-7.16478
-7.19772
-7.23034
-7.26233
-7.29332
-7.32291
-7.35067
-7.37613
-7.3988
-7.41814
-7.43359
-7.44453
-7.45032
-7.45028
-7.44371
-7.42987
-7.408
-7.37732
-7.33704
-7.28636
-7.22449
-7.15063
-7.06402
-6.9639
-6.84957
-6.72038
-6.57573
-6.41507
-6.23789
-6.0438
-5.83248
-5.60372
-5.35739
-5.09346
-4.81202
-4.51325
-4.19748
-3.8651
-3.51666
-3.15282
-2.77436
-2.38216
-1.97719
-1.56051
-1.13324
-0.696499
-0.251505
0.200381
0.657707
1.11905
1.58307
2.04852
2.51418
2.9789
3.44157
3.90114
4.3567
4.80748
5.25288
5.6924
6.12569
6.55259
6.97312
7.38741
7.79573
8.19875
8.59719
8.99177
9.38333
9.77225
10.1586
10.541
10.9157
11.2729
11.5958
11.8595
-6.48466
-6.51855
-6.55217
-6.58542
-6.6175
-6.64725
-6.67444
-6.69969
-6.72362
-6.74667
-6.76925
-6.79177
-6.81461
-6.83808
-6.86232
-6.88745
-6.91353
-6.94061
-6.96866
-6.99761
-7.02733
-7.05771
-7.08859
-7.11976
-7.15099
-7.18205
-7.21263
-7.24243
-7.27108
-7.29819
-7.32336
-7.34612
-7.36599
-7.38245
-7.39494
-7.40288
-7.40563
-7.40255
-7.39293
-7.37608
-7.35126
-7.31771
-7.27466
-7.22135
-7.15701
-7.08088
-6.99222
-6.8903
-6.77444
-6.64401
-6.49841
-6.33711
-6.15965
-5.96562
-5.75472
-5.52674
-5.28156
-5.01913
-4.73954
-4.44296
-4.1297
-3.80013
-3.4548
-3.09433
-2.71946
-2.33105
-1.93003
-1.5174
-1.09426
-0.661714
-0.220956
0.226713
0.679927
1.13733
1.59762
2.05959
2.52205
2.98386
3.44395
3.90135
4.35516
4.80465
5.24923
5.68846
6.12204
6.54988
6.97204
7.38877
7.8005
8.20798
8.61214
9.01404
9.41484
9.81556
10.2169
10.6182
11.0167
11.4013
11.7577
12.0417
-6.47927
-6.51165
-6.54376
-6.57549
-6.60625
-6.63539
-6.66273
-6.68856
-6.71329
-6.73725
-6.76076
-6.78412
-6.80766
-6.83162
-6.85616
-6.88138
-6.90735
-6.93409
-6.96158
-6.98976
-7.01853
-7.04777
-7.07732
-7.10699
-7.13656
-7.16579
-7.1944
-7.22208
-7.24848
-7.27323
-7.29592
-7.3161
-7.33331
-7.34704
-7.35674
-7.36184
-7.36174
-7.35579
-7.34333
-7.32367
-7.2961
-7.25989
-7.2143
-7.15859
-7.09202
-7.01384
-6.92334
-6.81983
-6.70264
-6.57114
-6.42478
-6.26303
-6.08544
-5.89161
-5.68126
-5.45416
-5.21019
-4.94931
-4.67159
-4.3772
-4.06641
-3.73961
-3.3973
-3.04007
-2.66866
-2.28386
-1.88658
-1.4778
-1.05855
-0.629944
-0.193134
0.25063
0.700054
1.15383
1.61072
2.06951
2.52904
2.98823
3.44603
3.9015
4.3538
4.8022
5.24615
5.68527
6.11928
6.54815
6.972
7.3912
7.80629
8.21821
8.62805
9.03723
9.4473
9.85993
10.2767
10.6978
11.1222
11.538
11.9355
12.2469
-6.47249
-6.50345
-6.53412
-6.56448
-6.59413
-6.62269
-6.65003
-6.67628
-6.70166
-6.7264
-6.75073
-6.77488
-6.79909
-6.82353
-6.84836
-6.87366
-6.89948
-6.92584
-6.95274
-6.98011
-7.00786
-7.03588
-7.06401
-7.09208
-7.11989
-7.14718
-7.1737
-7.19914
-7.22318
-7.24544
-7.26553
-7.28303
-7.29748
-7.30837
-7.3152
-7.3174
-7.31438
-7.30553
-7.29021
-7.26775
-7.23746
-7.19865
-7.15059
-7.09257
-7.02386
-6.94377
-6.85159
-6.74666
-6.62832
-6.49598
-6.34906
-6.18709
-6.0096
-5.81622
-5.60664
-5.38065
-5.13813
-4.87901
-4.60337
-4.31136
-4.00324
-3.67936
-3.3402
-2.98634
-2.61847
-2.23735
-1.84386
-1.43893
-1.02358
-0.598878
-0.16595
0.274007
0.719747
1.17002
1.62362
2.07937
2.53613
2.99283
3.44847
3.90215
4.35304
4.80048
5.2439
5.68298
6.11745
6.54735
6.97282
7.39439
7.81272
8.22889
8.64423
9.06043
9.47957
9.90388
10.3361
10.7775
11.2298
11.6809
12.1285
12.4748
-6.46561
-6.49502
-6.52422
-6.55322
-6.58176
-6.60964
-6.63677
-6.66318
-6.68898
-6.7143
-6.73928
-6.76406
-6.78879
-6.8136
-6.83859
-6.86382
-6.88935
-6.91518
-6.94129
-6.96763
-6.99412
-7.02066
-7.04709
-7.07326
-7.09897
-7.12399
-7.14807
-7.17092
-7.19223
-7.21164
-7.22878
-7.24324
-7.25459
-7.26234
-7.26599
-7.26501
-7.25884
-7.24687
-7.22851
-7.2031
-7.16999
-7.1285
-7.07795
-7.01763
-6.94688
-6.86498
-6.77128
-6.66512
-6.54587
-6.41295
-6.26581
-6.10396
-5.92695
-5.7344
-5.52602
-5.30159
-5.06095
-4.80405
-4.53094
-4.24175
-3.93672
-3.61617
-3.28056
-2.93043
-2.56643
-2.1893
-1.79987
-1.39904
-0.987785
-0.567146
-0.138219
0.29784
0.739836
1.18657
1.63686
2.08956
2.54358
2.99784
3.45138
3.9033
4.35281
4.7993
5.24223
5.68126
6.1162
6.54704
6.97407
7.3978
7.81916
8.23925
8.65974
9.08244
9.51007
9.9453
10.3922
10.8533
11.3338
11.8221
12.3274
12.7159
-6.45081
-6.47868
-6.50644
-6.53422
-6.56186
-6.5892
-6.61616
-6.64275
-6.66898
-6.6949
-6.72056
-6.74603
-6.77138
-6.79667
-6.82196
-6.84729
-6.87266
-6.89807
-6.92349
-6.94887
-6.97414
-6.99919
-7.02388
-7.04808
-7.07159
-7.0942
-7.11568
-7.13576
-7.15414
-7.1705
-7.18447
-7.19568
-7.20371
-7.2081
-7.20839
-7.20406
-7.19457
-7.17937
-7.15787
-7.12945
-7.09349
-7.04933
-6.99634
-6.93383
-6.86114
-6.77762
-6.6826
-6.57547
-6.45561
-6.32244
-6.17544
-6.01409
-5.83797
-5.6467
-5.43998
-5.21755
-4.97927
-4.72506
-4.45494
-4.16902
-3.86752
-3.55073
-3.21906
-2.87304
-2.51326
-2.14043
-1.75534
-1.35884
-0.951897
-0.535496
-0.110706
0.321367
0.759562
1.20271
1.64967
2.09932
2.55061
3.0025
3.45401
3.90424
4.35245
4.79802
5.24052
5.67955
6.11497
6.54672
6.9752
7.40093
7.82501
8.2486
8.67361
9.10202
9.53693
9.98159
10.4411
10.9192
11.4247
11.9478
12.5115
12.9479
-6.4518
-6.47779
-6.50389
-6.53
-6.55607
-6.58204
-6.60788
-6.63357
-6.65908
-6.68442
-6.70958
-6.73459
-6.75945
-6.78419
-6.8088
-6.83331
-6.85767
-6.88189
-6.9059
-6.92965
-6.95306
-6.97604
-6.99844
-7.02013
-7.04094
-7.06067
-7.07909
-7.09597
-7.11101
-7.12392
-7.13437
-7.14199
-7.14638
-7.14714
-7.14379
-7.13588
-7.12289
-7.10429
-7.07952
-7.048
-7.00913
-6.96231
-6.90689
-6.84224
-6.76773
-6.68272
-6.58657
-6.47867
-6.35844
-6.22529
-6.07871
-5.9182
-5.74333
-5.5537
-5.349
-5.12898
-4.89346
-4.64234
-4.37561
-4.09337
-3.79579
-3.48314
-3.1558
-2.81423
-2.459
-2.09078
-1.71031
-1.31841
-0.915997
-0.504024
-0.0835195
0.344443
0.778778
1.21835
1.66199
2.10861
2.5572
3.00674
3.4563
3.90495
4.35198
4.79678
5.239
5.67821
6.11422
6.54697
6.97688
7.40453
7.83105
8.25775
8.68653
9.11969
9.5604
10.0126
10.4818
10.9734
11.499
12.0513
12.6693
13.1576
-6.42368
-6.45085
-6.47784
-6.50485
-6.53185
-6.55874
-6.58545
-6.61198
-6.6383
-6.66441
-6.69028
-6.71591
-6.74128
-6.7664
-6.79124
-6.8158
-6.84004
-6.86393
-6.88742
-6.91045
-6.93293
-6.95477
-6.97585
-6.99603
-7.01516
-7.03303
-7.04946
-7.0642
-7.07699
-7.08754
-7.09555
-7.10066
-7.1025
-7.10068
-7.09476
-7.08429
-7.06878
-7.04773
-7.0206
-6.98683
-6.94585
-6.89707
-6.83988
-6.77367
-6.69781
-6.6117
-6.5147
-6.40624
-6.28572
-6.1526
-6.00633
-5.84645
-5.6725
-5.48411
-5.28095
-5.06274
-4.8293
-4.58052
-4.31638
-4.03694
-3.74235
-3.43286
-3.10881
-2.77064
-2.41888
-2.05416
-1.6772
-1.28879
-0.889795
-0.481148
-0.0638431
0.361064
0.792503
1.22945
1.67078
2.11534
2.56215
3.01016
3.4584
3.90598
4.35217
4.79653
5.23865
5.67819
6.11474
6.54842
6.97941
7.40861
7.83688
8.26588
8.69722
9.13372
9.57835
10.0358
10.5118
11.0131
11.5539
12.1292
12.7966
13.3402
-6.43707
-6.461
-6.48543
-6.5102
-6.53529
-6.5606
-6.58595
-6.61126
-6.63651
-6.66165
-6.68666
-6.7115
-6.73616
-6.7606
-6.78479
-6.80871
-6.8323
-6.85551
-6.87829
-6.90055
-6.92221
-6.94315
-6.96327
-6.98242
-7.00043
-7.01713
-7.0323
-7.04573
-7.05715
-7.06629
-7.07283
-7.07646
-7.07679
-7.07346
-7.06603
-7.05406
-7.03709
-7.01461
-6.98611
-6.95105
-6.90885
-6.85895
-6.80076
-6.73366
-6.65705
-6.57033
-6.47289
-6.36414
-6.2435
-6.11043
-5.96441
-5.80494
-5.6316
-5.44399
-5.24177
-5.02468
-4.79251
-4.54515
-4.28256
-4.00479
-3.71198
-3.40435
-3.08223
-2.74604
-2.3963
-2.0336
-1.65864
-1.27219
-0.875121
-0.46834
-0.0528092
0.370455
0.800307
1.23574
1.67567
2.11907
2.56496
3.01237
3.46014
3.90727
4.35297
4.79703
5.23897
5.67859
6.1153
6.54943
6.98098
7.41109
7.84037
8.27076
8.70361
9.14215
9.58917
10.0499
10.5304
11.0381
11.5895
12.1817
12.8917
13.4919
-6.41703
-6.4437
-6.46979
-6.49603
-6.52251
-6.549
-6.57537
-6.60163
-6.62775
-6.65364
-6.67927
-6.7046
-6.72962
-6.75432
-6.77867
-6.80265
-6.82621
-6.84931
-6.87189
-6.89389
-6.91521
-6.93576
-6.95541
-6.97404
-6.99148
-7.00755
-7.02205
-7.03477
-7.04544
-7.0538
-7.05954
-7.06234
-7.06184
-7.05765
-7.04937
-7.03657
-7.01877
-6.99549
-6.96622
-6.93042
-6.88755
-6.83702
-6.77825
-6.71066
-6.63363
-6.54657
-6.44888
-6.33997
-6.21927
-6.08624
-5.94036
-5.78113
-5.60812
-5.42095
-5.21926
-5.00278
-4.77132
-4.52473
-4.26298
-3.98612
-3.69426
-3.38764
-3.06656
-2.73143
-2.38277
-2.02114
-1.64727
-1.26188
-0.865843
-0.460076
-0.0455669
0.376805
0.805861
1.24049
1.6796
2.1221
2.56697
3.01373
3.46118
3.90819
4.35372
4.79765
5.23937
5.67886
6.11538
6.54963
6.98133
7.41197
7.8418
8.27306
8.70676
9.14654
9.59496
10.0577
10.5409
11.0526
11.6111
12.2148
12.9589
13.6145
-6.42955
-6.45263
-6.47699
-6.50279
-6.52883
-6.55433
-6.57947
-6.60456
-6.62963
-6.6546
-6.67941
-6.70405
-6.72849
-6.75269
-6.7766
-6.80019
-6.82339
-6.84615
-6.8684
-6.89006
-6.91103
-6.93122
-6.9505
-6.96872
-6.98575
-7.00138
-7.01543
-7.02767
-7.03786
-7.04573
-7.05098
-7.05328
-7.05228
-7.04761
-7.03886
-7.02558
-7.00734
-6.98363
-6.95396
-6.91777
-6.87455
-6.8237
-6.76466
-6.69683
-6.6196
-6.53238
-6.43459
-6.32563
-6.20492
-6.07194
-5.92615
-5.76707
-5.59427
-5.40734
-5.20595
-4.98982
-4.75877
-4.51261
-4.25134
-3.97497
-3.68368
-3.37762
-3.05716
-2.72264
-2.37463
-2.01364
-1.64045
-1.25573
-0.860363
-0.455205
-0.0413959
0.380289
0.808763
1.24293
1.68173
2.12412
2.56828
3.01416
3.46084
3.90758
4.35305
4.79716
5.23881
5.67827
6.11449
6.54878
6.98041
7.41141
7.84144
8.27328
8.70737
9.14791
9.59701
10.061
10.5457
11.0596
11.6225
12.2334
13.0028
13.7108
-6.41436
-6.43435
-6.45753
-6.48536
-6.51424
-6.54227
-6.56959
-6.59655
-6.62312
-6.64923
-6.67491
-6.70022
-6.72518
-6.7498
-6.77404
-6.79788
-6.82129
-6.84422
-6.86661
-6.88837
-6.90943
-6.92966
-6.94896
-6.96718
-6.98416
-6.99973
-7.01369
-7.02582
-7.03587
-7.04356
-7.04861
-7.0507
-7.04946
-7.04453
-7.03551
-7.02196
-7.00343
-6.97943
-6.94947
-6.913
-6.8695
-6.81838
-6.7591
-6.69104
-6.61359
-6.52619
-6.42823
-6.31913
-6.19833
-6.06527
-5.91943
-5.76035
-5.58757
-5.40069
-5.19939
-4.98337
-4.75248
-4.5065
-4.24544
-3.96931
-3.67829
-3.37251
-3.05236
-2.71817
-2.37051
-2.00988
-1.63704
-1.25271
-0.857764
-0.452982
-0.0395165
0.381677
0.80969
1.24326
1.68145
2.124
2.5685
3.0141
3.45998
3.90615
4.35146
4.79569
5.23737
5.67678
6.11277
6.54698
6.97852
7.40967
7.83981
8.27191
8.70615
9.14703
9.59643
10.0609
10.5464
11.0614
11.6266
12.2415
13.027
13.7849
-6.44017
-6.45751
-6.47913
-6.50424
-6.52917
-6.55363
-6.57839
-6.60351
-6.62865
-6.65359
-6.67831
-6.70279
-6.72701
-6.75093
-6.77452
-6.79772
-6.8205
-6.84281
-6.86459
-6.88576
-6.90624
-6.92593
-6.9447
-6.96243
-6.97895
-6.99409
-7.00767
-7.01944
-7.02918
-7.0366
-7.04141
-7.04329
-7.04188
-7.03682
-7.02769
-7.01406
-6.99548
-6.97146
-6.94149
-6.90505
-6.86159
-6.81054
-6.75133
-6.68336
-6.60604
-6.51876
-6.42095
-6.31201
-6.19138
-6.05851
-5.91289
-5.75402
-5.58148
-5.39487
-5.19383
-4.97811
-4.74752
-4.50186
-4.24114
-3.96537
-3.67471
-3.36932
-3.04956
-2.71578
-2.36852
-2.00832
-1.63589
-1.25194
-0.857422
-0.453067
-0.0399094
0.381023
0.808749
1.24214
1.67959
2.12128
2.56602
3.01184
3.4573
3.90297
4.34809
4.79233
5.23404
5.6734
6.10924
6.54336
6.97486
7.40605
7.83624
8.26842
8.70269
9.14364
9.59307
10.0577
10.5432
11.0585
11.6242
12.2409
13.0325
13.8333
-6.39046
-6.4157
-6.45307
-6.48951
-6.52047
-6.54832
-6.5754
-6.60219
-6.62854
-6.65443
-6.67995
-6.7052
-6.73016
-6.75481
-6.77914
-6.8031
-6.82665
-6.84971
-6.87221
-6.89406
-6.91517
-6.93543
-6.95473
-6.97293
-6.98987
-7.00535
-7.0192
-7.0312
-7.04111
-7.04867
-7.05357
-7.0555
-7.05412
-7.04905
-7.03989
-7.02621
-7.00755
-6.98345
-6.95339
-6.91685
-6.87329
-6.82214
-6.76284
-6.69479
-6.61739
-6.53004
-6.43218
-6.32319
-6.20253
-6.06963
-5.92399
-5.76512
-5.59257
-5.40594
-5.2049
-4.98916
-4.75853
-4.51285
-4.25207
-3.97622
-3.68546
-3.37995
-3.06004
-2.72608
-2.37861
-2.01817
-1.6455
-1.26125
-0.866406
-0.46176
-0.0482876
0.373068
0.80087
1.23492
1.6731
2.11463
2.55989
3.00637
3.45211
3.89785
4.34325
4.78786
5.22987
5.66946
6.10552
6.53976
6.97144
7.40273
7.83306
8.26528
8.69958
9.14045
9.58978
10.0542
10.5395
11.0544
11.6197
12.2365
13.0281
13.8486
11.885
11.9657
12.0292
12.0989
12.136
12.1345
12.0935
12.0043
11.8569
11.6412
11.3445
10.9561
10.4545
9.83877
9.047
8.15744
6.8817
5.80362
3.31975
3.03574
11.8209
11.8944
11.9631
12.0325
12.0676
12.0649
12.0226
11.932
11.7833
11.5665
11.2687
10.8797
10.3774
9.76149
8.96878
8.08015
6.80169
5.72714
3.23164
2.96416
11.7325
11.7917
11.8664
11.9347
11.9675
11.9638
11.9204
11.8285
11.6788
11.4611
11.1628
10.7736
10.2709
9.65624
8.86198
7.97786
6.69184
5.63306
3.10602
2.89672
11.6594
11.7059
11.7835
11.8487
11.8784
11.873
11.8277
11.734
11.5825
11.3633
11.0636
10.6736
10.1696
9.55547
8.75842
7.87894
6.58264
5.54371
2.97806
2.84548
11.6034
11.6402
11.7192
11.7809
11.8074
11.8
11.7524
11.6564
11.5027
11.2815
10.9798
10.5883
10.0823
9.46785
8.66741
7.79145
6.48479
5.46445
2.86374
2.80809
11.5574
11.5864
11.6663
11.7249
11.7485
11.739
11.6891
11.5908
11.4348
11.2114
10.9075
10.5143
10.0061
9.39082
8.58706
7.71363
6.39774
5.39357
2.76428
2.77958
11.5183
11.5403
11.6209
11.677
11.698
11.6864
11.6343
11.5336
11.3753
11.1497
10.8436
10.4485
9.93811
9.32185
8.51504
7.64351
6.31981
5.3295
2.67792
2.75668
11.4849
11.5006
11.5814
11.6356
11.6542
11.6406
11.5863
11.4833
11.3227
11.0949
10.7866
10.3895
9.87696
9.25956
8.44999
7.57993
6.24985
5.27134
2.60328
2.73727
11.456
11.466
11.5468
11.5994
11.6159
11.6004
11.5439
11.4386
11.2758
11.0458
10.7353
10.3362
9.8216
9.20296
8.39091
7.52189
6.18687
5.21816
2.53921
2.71973
11.4308
11.4357
11.5162
11.5675
11.5821
11.5647
11.5062
11.3987
11.2336
11.0014
10.6887
10.2877
9.77106
9.15113
8.33695
7.46856
6.13002
5.16911
2.48458
2.70278
11.4086
11.4091
11.4888
11.5391
11.5519
11.5327
11.4722
11.3625
11.1952
10.9608
10.646
10.243
9.72452
9.10323
8.28731
7.41915
6.07848
5.1234
2.43833
2.68534
11.3889
11.3857
11.4643
11.5137
11.5247
11.5038
11.4413
11.3295
11.16
10.9233
10.6064
10.2016
9.68128
9.05862
8.24134
7.37304
6.03163
5.08046
2.39962
2.66663
11.3713
11.3651
11.4424
11.491
11.5003
11.4775
11.413
11.2991
11.1273
10.8885
10.5696
10.1628
9.64083
9.01676
8.19851
7.32971
5.98886
5.03971
2.3677
2.64597
11.3556
11.3472
11.4228
11.4707
11.4783
11.4536
11.3871
11.2709
11.097
10.856
10.5349
10.1262
9.60275
8.97725
8.15842
7.28877
5.9498
5.00077
2.342
2.62294
11.3417
11.332
11.4056
11.4526
11.4585
11.4319
11.3633
11.2449
11.0687
10.8254
10.5023
10.0916
9.56671
8.93976
8.1207
7.24987
5.91403
4.96322
2.32193
2.5971
11.3293
11.3194
11.3908
11.4368
11.4409
11.4122
11.3415
11.2207
11.0421
10.7965
10.4713
10.0587
9.53239
8.90397
8.08506
7.21275
5.88126
4.9268
2.30703
2.5682
11.3181
11.3095
11.3785
11.4231
11.4254
11.3945
11.3214
11.1981
11.017
10.7691
10.4417
10.0272
9.4996
8.8697
8.05126
7.17716
5.85119
4.89123
2.29688
2.53601
11.3078
11.3024
11.3686
11.4117
11.412
11.3786
11.303
11.1771
10.9934
10.743
10.4135
9.99696
9.46819
8.83681
8.01916
7.143
5.82366
4.85641
2.29119
2.50044
11.2988
11.2982
11.3615
11.4026
11.4007
11.3648
11.2864
11.1577
10.9713
10.7182
10.3865
9.96797
9.43806
8.80518
7.98861
7.11012
5.79845
4.82217
2.28965
2.46137
11.2912
11.2971
11.3574
11.396
11.3918
11.3529
11.2716
11.1399
10.9505
10.6947
10.3607
9.9401
9.4091
8.77471
7.95953
7.07845
5.77547
4.78847
2.29206
2.41876
11.2855
11.2993
11.3564
11.392
11.3852
11.3431
11.2585
11.1235
10.931
10.6724
10.336
9.91328
9.38125
8.74536
7.93181
7.04793
5.75456
4.75522
2.29819
2.37262
11.282
11.305
11.359
11.3909
11.3811
11.3355
11.2473
11.1088
10.9128
10.6512
10.3123
9.8875
9.35448
8.7171
7.90544
7.01856
5.73563
4.7225
2.30773
2.32314
11.2814
11.3144
11.3652
11.3929
11.3797
11.3302
11.238
11.0956
10.8961
10.6312
10.2898
9.86276
9.32876
8.68992
7.88034
6.99033
5.71852
4.69037
2.3203
2.27064
11.2842
11.3278
11.3755
11.3981
11.3811
11.3273
11.2307
11.0841
10.8806
10.6124
10.2682
9.83895
9.30402
8.66369
7.85644
6.96304
5.70326
4.65828
2.33648
2.21383
11.291
11.3451
11.3898
11.4066
11.3852
11.3266
11.2252
11.0739
10.8663
10.5944
10.2475
9.81582
9.28002
8.63808
7.83368
6.93599
5.6906
4.62382
2.36021
2.14674
11.3087
11.3745
11.4158
11.4238
11.3953
11.3295
11.221
11.0628
10.849
10.5719
10.221
9.7861
9.24923
8.60504
7.80508
6.9007
5.67734
4.57525
2.40197
2.04431
11.3504
11.4244
11.4618
11.4568
11.4168
11.3406
11.2216
11.0535
10.831
10.5468
10.1905
9.75145
9.21289
8.56675
7.77098
6.86182
5.6593
4.52712
2.43976
1.93928
11.4152
11.4916
11.5225
11.5028
11.4487
11.36
11.2287
11.0492
10.8169
10.5249
10.1628
9.71951
9.17907
8.53147
7.7393
6.82735
5.64227
4.48719
2.47107
1.84739
11.5074
11.5789
11.5989
11.5623
11.4914
11.3877
11.2423
11.0497
10.8066
10.5062
10.1379
9.6902
9.14778
8.49902
7.71026
6.79676
5.62735
4.45301
2.50012
1.76307
11.63
11.6883
11.6907
11.6348
11.5449
11.4238
11.262
11.0547
10.7997
10.4902
10.1153
9.66304
9.11859
8.469
7.68355
6.76962
5.61439
4.42404
2.52711
1.68619
11.7842
11.8219
11.7984
11.7198
11.6093
11.4687
11.2882
11.0643
10.7964
10.4771
10.095
9.63794
9.09141
8.44128
7.65903
6.74564
5.60322
4.40002
2.55164
1.61767
11.9697
11.9817
11.9224
11.8155
11.6826
11.5208
11.3193
11.0774
10.7959
10.4666
10.0772
9.6154
9.06691
8.41654
7.63744
6.72547
5.59453
4.38158
2.57426
1.55907
12.1866
12.1696
12.0628
11.9204
11.7639
11.5795
11.3546
11.0934
10.7982
10.4587
10.0619
9.59537
9.04498
8.39461
7.61862
6.70894
5.58838
4.36894
2.59536
1.51229
12.4374
12.3865
12.2184
12.0335
11.853
11.6449
11.3946
11.1134
10.8044
10.4547
10.0502
9.5788
9.02621
8.37566
7.60227
6.69526
5.58356
4.36086
2.61286
1.47821
12.7294
12.6329
12.3849
12.1517
11.9486
11.7156
11.438
11.1369
10.8149
10.4552
10.0433
9.56715
9.01232
8.3613
7.58982
6.68522
5.58037
4.35682
2.62477
1.45646
13.0582
12.8958
12.5465
12.2648
12.0433
11.7846
11.4799
11.1614
10.8282
10.4596
10.0412
9.56101
9.00427
8.35277
7.58276
6.6803
5.58011
4.358
2.63159
1.44807
13.3968
13.1469
12.6825
12.361
12.1269
11.8429
11.5148
11.1832
10.8416
10.466
10.0427
9.55957
9.00169
8.34994
7.58132
6.68079
5.5838
4.36472
2.63758
1.45112
13.7257
13.3689
12.7857
12.4384
12.1958
11.8883
11.542
11.2016
10.8541
10.4733
10.0469
9.56183
9.00357
8.35188
7.58474
6.68596
5.59145
4.37602
2.64596
1.46163
14.0409
13.5561
12.8589
12.5004
12.251
11.9226
11.5634
11.2174
10.8658
10.4813
10.0531
9.56673
9.00874
8.35728
7.59171
6.69444
5.60214
4.39025
2.65753
1.47612
14.3421
13.7061
12.9082
12.5502
12.294
11.9483
11.5806
11.231
10.8767
10.4897
10.0606
9.57351
9.01616
8.36496
7.60102
6.70498
5.61478
4.40594
2.67158
1.49217
14.6267
13.8199
12.9407
12.5903
12.3268
11.9679
11.5951
11.2431
10.887
10.4983
10.069
9.58142
9.0249
8.374
7.61159
6.71652
5.62829
4.42178
2.68681
1.50809
14.8905
13.8998
12.962
12.6221
12.3516
11.9836
11.6076
11.2539
10.8967
10.5068
10.0776
9.58972
9.03416
8.38341
7.6225
6.72796
5.64158
4.43663
2.70186
1.52297
15.1337
13.9528
12.976
12.6462
12.3705
11.9967
11.6187
11.2636
10.9058
10.5151
10.0861
9.59815
9.0433
8.39289
7.6331
6.73915
5.65423
4.45054
2.7164
1.53723
15.3607
14.0021
12.9931
12.6671
12.3875
12.0103
11.63
11.2737
10.9152
10.5242
10.0952
9.60748
9.05318
8.40338
7.64453
6.75139
5.6677
4.46527
2.73188
1.55342
15.5351
14.0651
13.0267
12.6937
12.4088
12.0278
11.6443
11.2856
10.9257
10.5341
10.1047
9.61716
9.06313
8.41395
7.65571
6.76341
5.68045
4.47944
2.74579
1.56936
)
;

boundaryField
{
    inlet
    {
        type            zeroGradient;
    }
    outlet
    {
        type            fixedValue;
        value           uniform 0;
    }
    upperWall
    {
        type            zeroGradient;
    }
    lowerWall
    {
        type            zeroGradient;
    }
    frontAndBack
    {
        type            empty;
    }
}


// ************************************************************************* //
