/*--------------------------------*- C++ -*----------------------------------*\
| =========                 |                                                 |
| \\      /  F ield         | OpenFOAM: The Open Source CFD Toolbox           |
|  \\    /   O peration     | Version:  5.x                                   |
|   \\  /    A nd           | Web:      www.OpenFOAM.org                      |
|    \\/     M anipulation  |                                                 |
\*---------------------------------------------------------------------------*/
FoamFile
{
    version     2.0;
    format      ascii;
    class       volScalarField;
    location    "239";
    object      p;
}
// * * * * * * * * * * * * * * * * * * * * * * * * * * * * * * * * * * * * * //

dimensions      [0 2 -2 0 0 0 0];

internalField   nonuniform List<scalar> 
5760
(
-101.032
-106.829
-110.609
-111.75
-112.282
-112.86
-113.371
-113.769
-114.104
-114.419
-114.721
-115.015
-115.3
-115.584
-115.876
-116.151
-116.521
-116.517
-111.45
-114.361
-115.041
-114.594
-114.3
-114.332
-114.472
-114.613
-114.764
-114.936
-115.128
-115.33
-115.543
-115.765
-116.005
-116.258
-116.565
-116.956
-112.452
-111.831
-111.748
-111.968
-112.329
-112.77
-113.203
-113.581
-113.917
-114.231
-114.535
-114.829
-115.117
-115.401
-115.692
-115.988
-116.328
-116.668
-112.225
-111.63
-112.192
-112.941
-113.393
-113.707
-113.999
-114.267
-114.51
-114.742
-114.975
-115.208
-115.443
-115.681
-115.926
-116.178
-116.445
-116.695
-112.23
-112.07
-112.536
-113.016
-113.25
-113.435
-113.676
-113.942
-114.2
-114.451
-114.702
-114.953
-115.203
-115.453
-115.704
-115.954
-116.204
-116.436
-112.356
-112.354
-112.616
-112.958
-113.225
-113.48
-113.766
-114.054
-114.322
-114.575
-114.82
-115.062
-115.3
-115.535
-115.766
-115.993
-116.211
-116.409
-112.494
-112.53
-112.712
-113.009
-113.294
-113.547
-113.796
-114.044
-114.283
-114.515
-114.744
-114.973
-115.199
-115.422
-115.641
-115.852
-116.054
-116.238
-112.626
-112.676
-112.831
-113.08
-113.336
-113.567
-113.796
-114.033
-114.271
-114.504
-114.734
-114.961
-115.183
-115.4
-115.609
-115.809
-115.997
-116.169
-112.745
-112.798
-112.934
-113.141
-113.368
-113.587
-113.807
-114.034
-114.262
-114.485
-114.703
-114.917
-115.127
-115.33
-115.527
-115.715
-115.892
-116.056
-112.863
-112.913
-113.031
-113.204
-113.403
-113.608
-113.815
-114.026
-114.239
-114.45
-114.658
-114.862
-115.061
-115.255
-115.441
-115.619
-115.787
-115.945
-112.977
-113.021
-113.119
-113.263
-113.434
-113.616
-113.805
-113.999
-114.198
-114.399
-114.599
-114.797
-114.992
-115.182
-115.365
-115.541
-115.707
-115.862
-113.048
-113.084
-113.166
-113.285
-113.43
-113.589
-113.756
-113.926
-114.096
-114.263
-114.426
-114.586
-114.742
-114.896
-115.048
-115.198
-115.348
-115.498
-113
-113.03
-113.097
-113.197
-113.325
-113.477
-113.653
-113.85
-114.063
-114.283
-114.505
-114.723
-114.936
-115.139
-115.33
-115.508
-115.671
-115.82
-112.779
-112.8
-112.854
-112.95
-113.065
-113.164
-113.233
-113.286
-113.337
-113.396
-113.466
-113.549
-113.646
-113.759
-113.888
-114.034
-114.199
-114.383
-112.545
-112.551
-112.552
-112.619
-112.791
-113.044
-113.333
-113.623
-113.895
-114.144
-114.372
-114.582
-114.776
-114.953
-115.113
-115.256
-115.378
-115.475
-112.325
-112.314
-112.396
-112.446
-112.365
-112.238
-112.176
-112.201
-112.281
-112.392
-112.523
-112.671
-112.832
-113.003
-113.182
-113.371
-113.575
-113.801
-112.245
-111.663
-111.902
-112.675
-113.312
-113.655
-113.841
-113.978
-114.094
-114.193
-114.284
-114.372
-114.462
-114.555
-114.649
-114.743
-114.829
-114.896
-112.797
-111.39
-110.291
-110.031
-110.269
-110.649
-111.019
-111.35
-111.647
-111.921
-112.177
-112.418
-112.645
-112.863
-113.074
-113.286
-113.502
-113.741
-112.338
-114.708
-115.131
-114.466
-113.855
-113.595
-113.517
-113.48
-113.46
-113.471
-113.51
-113.567
-113.634
-113.71
-113.793
-113.891
-114.009
-114.216
-102.003
-105.772
-109.409
-110.797
-111.195
-111.544
-111.909
-112.19
-112.401
-112.589
-112.771
-112.946
-113.11
-113.263
-113.402
-113.515
-113.589
-113.568
-122.297
-122.284
-122.308
-122.362
-122.422
-122.475
-122.52
-122.563
-122.61
-122.664
-122.73
-122.812
-122.915
-123.043
-123.203
-123.404
-123.658
-123.972
-124.356
-124.813
-125.343
-125.943
-126.605
-127.321
-128.082
-128.878
-129.7
-130.543
-131.397
-132.259
-133.122
-133.979
-134.826
-135.654
-136.457
-137.226
-137.952
-138.624
-139.23
-139.758
-140.194
-140.523
-140.729
-140.796
-140.708
-140.446
-139.993
-139.332
-138.446
-137.318
-135.933
-134.276
-132.332
-130.09
-127.54
-124.677
-121.496
-117.983
-114.129
-109.936
-105.409
-100.551
-95.3674
-89.8665
-84.0578
-77.9536
-71.5681
-64.9179
-58.0211
-50.8977
-43.5692
-36.059
-28.3914
-20.5904
-12.6795
-4.68652
3.36185
11.4446
19.5384
27.6175
35.6575
43.6359
51.5315
59.3245
66.9964
74.5303
81.911
89.1246
96.1592
103.004
109.651
116.09
122.316
128.32
134.105
139.643
144.969
149.953
154.94
159.259
-122.327
-122.326
-122.357
-122.403
-122.447
-122.481
-122.509
-122.533
-122.56
-122.598
-122.647
-122.713
-122.798
-122.905
-123.045
-123.229
-123.468
-123.774
-124.153
-124.608
-125.139
-125.738
-126.399
-127.11
-127.864
-128.651
-129.463
-130.293
-131.136
-131.986
-132.837
-133.685
-134.522
-135.343
-136.14
-136.904
-137.628
-138.299
-138.907
-139.438
-139.88
-140.217
-140.434
-140.515
-140.441
-140.197
-139.765
-139.128
-138.267
-137.168
-135.814
-134.19
-132.282
-130.079
-127.57
-124.743
-121.588
-118.102
-114.285
-110.136
-105.653
-100.84
-95.7008
-90.2436
-84.4777
-78.4152
-72.07
-65.4584
-58.5981
-51.5092
-44.2126
-36.7317
-29.0908
-21.3137
-13.4237
-5.44838
2.58484
10.6551
18.7397
26.8125
34.8493
42.8274
50.7255
58.5236
66.203
73.7466
81.139
88.3662
95.4158
102.277
108.94
115.397
121.642
127.665
133.468
139.012
144.349
149.339
154.388
158.724
-122.334
-122.34
-122.37
-122.405
-122.434
-122.454
-122.466
-122.476
-122.488
-122.507
-122.536
-122.58
-122.648
-122.75
-122.895
-123.092
-123.35
-123.675
-124.071
-124.538
-125.07
-125.664
-126.311
-127.004
-127.734
-128.496
-129.283
-130.089
-130.908
-131.736
-132.567
-133.396
-134.217
-135.023
-135.808
-136.562
-137.277
-137.943
-138.547
-139.078
-139.522
-139.864
-140.088
-140.179
-140.119
-139.891
-139.479
-138.864
-138.029
-136.959
-135.637
-134.048
-132.178
-130.015
-127.549
-124.768
-121.661
-118.224
-114.458
-110.36
-105.931
-101.172
-96.0873
-90.6847
-84.9731
-78.9642
-72.6716
-66.1111
-59.3004
-52.259
-45.0077
-37.5694
-29.9684
-22.2284
-14.3726
-6.42822
1.57734
9.6231
17.6863
25.741
33.7634
41.7304
49.6207
57.4141
65.0918
72.6365
80.0324
87.2653
94.3224
101.192
107.866
114.333
120.588
126.619
132.432
137.989
143.362
148.363
153.522
157.787
-122.304
-122.322
-122.356
-122.385
-122.405
-122.416
-122.42
-122.423
-122.43
-122.445
-122.474
-122.523
-122.602
-122.719
-122.884
-123.104
-123.385
-123.728
-124.136
-124.605
-125.133
-125.715
-126.344
-127.016
-127.723
-128.461
-129.224
-130.007
-130.804
-131.612
-132.426
-133.239
-134.046
-134.841
-135.616
-136.362
-137.072
-137.734
-138.337
-138.869
-139.315
-139.662
-139.893
-139.993
-139.945
-139.731
-139.334
-138.737
-137.923
-136.875
-135.576
-134.013
-132.171
-130.037
-127.601
-124.851
-121.779
-118.38
-114.651
-110.593
-106.202
-101.483
-96.439
-91.0766
-85.4051
-79.4359
-73.1823
-66.6599
-59.8861
-52.8802
-45.6629
-38.2567
-30.6858
-22.9738
-15.144
-7.2241
0.759824
8.78686
16.8333
24.8735
32.8839
40.8415
48.7246
56.5132
64.1882
71.7323
79.1295
86.3652
93.4267
100.302
106.981
113.455
119.717
125.755
131.577
137.142
142.54
147.539
152.763
156.875
-122.227
-122.268
-122.316
-122.346
-122.362
-122.369
-122.373
-122.377
-122.388
-122.411
-122.452
-122.519
-122.619
-122.761
-122.952
-123.196
-123.497
-123.856
-124.272
-124.744
-125.267
-125.839
-126.454
-127.108
-127.797
-128.515
-129.258
-130.022
-130.803
-131.595
-132.394
-133.195
-133.992
-134.778
-135.546
-136.288
-136.995
-137.656
-138.259
-138.792
-139.242
-139.594
-139.831
-139.939
-139.9
-139.697
-139.312
-138.728
-137.928
-136.895
-135.613
-134.068
-132.244
-130.13
-127.713
-124.984
-121.935
-118.56
-114.856
-110.822
-106.457
-101.763
-96.744
-91.407
-85.7608
-79.8165
-73.5874
-67.0889
-60.3383
-53.3548
-46.1589
-38.773
-31.2212
-23.5266
-15.7134
-7.80971
0.160346
8.17587
16.2117
24.2428
32.2456
40.1972
48.0759
55.8615
63.5351
71.0791
78.4774
85.7155
92.7801
99.6594
106.343
112.822
119.09
125.134
130.962
136.529
141.938
146.924
152.175
156.108
-122.109
-122.18
-122.25
-122.287
-122.306
-122.316
-122.324
-122.336
-122.357
-122.395
-122.455
-122.545
-122.671
-122.84
-123.056
-123.323
-123.643
-124.016
-124.44
-124.914
-125.434
-125.998
-126.602
-127.243
-127.916
-128.618
-129.346
-130.096
-130.862
-131.642
-132.431
-133.223
-134.012
-134.793
-135.557
-136.297
-137.003
-137.664
-138.269
-138.805
-139.259
-139.616
-139.86
-139.975
-139.943
-139.749
-139.373
-138.799
-138.009
-136.987
-135.716
-134.182
-132.37
-130.268
-127.864
-125.149
-122.114
-118.754
-115.066
-111.047
-106.697
-102.018
-97.0149
-91.6935
-86.0628
-80.1339
-73.92
-67.4365
-60.7006
-53.7313
-46.5491
-39.1763
-31.6369
-23.9536
-16.1521
-8.26014
-0.29967
7.70783
15.736
23.7603
31.7573
39.7041
47.5791
55.362
63.0338
70.5771
77.9755
85.2144
92.2807
99.1624
105.849
112.332
118.603
124.65
130.482
136.048
141.463
146.431
151.695
155.447
-121.977
-122.068
-122.166
-122.218
-122.244
-122.262
-122.28
-122.304
-122.342
-122.399
-122.481
-122.596
-122.748
-122.942
-123.182
-123.469
-123.805
-124.189
-124.619
-125.094
-125.612
-126.171
-126.766
-127.396
-128.058
-128.749
-129.465
-130.204
-130.961
-131.733
-132.514
-133.301
-134.086
-134.864
-135.627
-136.367
-137.073
-137.737
-138.345
-138.886
-139.345
-139.707
-139.957
-140.078
-140.053
-139.865
-139.496
-138.928
-138.145
-137.13
-135.866
-134.338
-132.533
-130.437
-128.04
-125.332
-122.305
-118.953
-115.273
-111.262
-106.921
-102.25
-97.2555
-91.9427
-86.3208
-80.4008
-74.1959
-67.7214
-60.9945
-54.0342
-46.8609
-39.4969
-31.9657
-24.2902
-16.4976
-8.61482
-0.66172
7.3393
15.3612
23.3795
31.371
39.313
47.184
54.9635
62.6327
70.1739
77.571
84.8093
91.8756
98.7579
105.446
111.929
118.203
124.25
130.085
135.65
141.068
146.016
151.287
154.867
-121.852
-121.956
-122.082
-122.151
-122.188
-122.217
-122.248
-122.287
-122.343
-122.42
-122.526
-122.664
-122.839
-123.056
-123.315
-123.619
-123.968
-124.36
-124.796
-125.272
-125.789
-126.343
-126.933
-127.556
-128.21
-128.893
-129.602
-130.334
-131.085
-131.851
-132.629
-133.413
-134.197
-134.975
-135.74
-136.481
-137.191
-137.859
-138.472
-139.017
-139.481
-139.849
-140.104
-140.23
-140.21
-140.026
-139.662
-139.098
-138.318
-137.306
-136.044
-134.519
-132.716
-130.622
-128.227
-125.521
-122.496
-119.146
-115.469
-111.46
-107.122
-102.454
-97.4627
-92.1534
-86.5353
-80.6195
-74.419
-67.9492
-61.2274
-54.2724
-47.1047
-39.7464
-32.2204
-24.5507
-16.7651
-8.8894
-0.94242
7.05295
15.0692
23.0818
31.068
39.0049
46.8712
54.6465
62.312
69.8502
77.2448
84.4811
91.546
98.4273
105.115
111.598
117.872
123.92
129.755
135.318
140.737
145.663
150.939
154.359
-121.748
-121.865
-122.012
-122.096
-122.145
-122.186
-122.231
-122.286
-122.359
-122.456
-122.582
-122.741
-122.936
-123.171
-123.446
-123.763
-124.121
-124.521
-124.96
-125.438
-125.954
-126.505
-127.091
-127.71
-128.36
-129.039
-129.744
-130.472
-131.221
-131.986
-132.764
-133.548
-134.334
-135.115
-135.882
-136.628
-137.342
-138.015
-138.633
-139.183
-139.652
-140.024
-140.284
-140.413
-140.396
-140.215
-139.852
-139.289
-138.509
-137.496
-136.233
-134.706
-132.901
-130.805
-128.407
-125.699
-122.672
-119.32
-115.641
-111.631
-107.291
-102.622
-97.63
-92.3206
-86.7028
-80.7877
-74.5885
-68.1206
-61.4011
-54.4491
-47.2848
-39.9304
-32.4082
-24.743
-16.9632
-9.09339
-1.15201
6.83801
14.8488
22.8556
30.8359
38.7672
46.6282
54.3986
62.0595
69.5935
76.9845
84.2177
91.28
98.1592
104.845
111.327
117.6
123.647
129.482
135.043
140.46
145.365
150.64
153.916
-121.674
-121.805
-121.964
-122.058
-122.119
-122.172
-122.23
-122.3
-122.389
-122.502
-122.645
-122.82
-123.031
-123.28
-123.567
-123.893
-124.258
-124.662
-125.104
-125.583
-126.099
-126.65
-127.234
-127.852
-128.5
-129.177
-129.882
-130.611
-131.36
-132.127
-132.907
-133.695
-134.485
-135.269
-136.042
-136.792
-137.512
-138.19
-138.813
-139.368
-139.84
-140.216
-140.478
-140.609
-140.592
-140.41
-140.046
-139.48
-138.697
-137.68
-136.412
-134.88
-133.069
-130.967
-128.563
-125.849
-122.816
-119.459
-115.775
-111.76
-107.416
-102.744
-97.7483
-92.4363
-86.8166
-80.9003
-74.7007
-68.233
-61.5145
-54.5643
-47.4025
-40.0511
-32.5323
-24.8715
-17.0971
-9.23289
-1.2973
6.68695
14.6916
22.6918
30.6657
38.5905
46.4452
54.2096
61.865
69.3938
76.78
84.009
91.0675
97.9436
104.627
111.107
117.378
123.424
129.258
134.816
140.23
145.114
150.383
153.533
-121.638
-121.775
-121.938
-122.041
-122.111
-122.175
-122.244
-122.326
-122.428
-122.555
-122.71
-122.898
-123.119
-123.377
-123.671
-124.003
-124.372
-124.78
-125.224
-125.704
-126.22
-126.772
-127.357
-127.975
-128.624
-129.303
-130.01
-130.741
-131.494
-132.265
-133.05
-133.843
-134.638
-135.428
-136.205
-136.962
-137.686
-138.368
-138.994
-139.552
-140.027
-140.403
-140.664
-140.794
-140.775
-140.589
-140.219
-139.648
-138.858
-137.833
-136.558
-135.017
-133.197
-131.086
-128.674
-125.951
-122.911
-119.546
-115.854
-111.833
-107.483
-102.806
-97.8059
-92.4903
-86.8678
-80.9495
-74.7489
-68.2812
-61.5635
-54.6151
-47.4561
-40.1081
-32.5937
-24.9382
-17.1693
-9.31139
-1.38225
6.59535
14.5925
22.585
30.5511
38.4682
46.3154
54.0725
61.7209
69.2432
76.6235
83.8471
90.901
97.773
104.453
110.93
117.2
123.244
129.076
134.631
140.039
144.905
150.162
153.205
-121.639
-121.776
-121.936
-122.042
-122.119
-122.192
-122.27
-122.362
-122.473
-122.609
-122.772
-122.967
-123.194
-123.457
-123.755
-124.09
-124.462
-124.87
-125.316
-125.797
-126.315
-126.868
-127.455
-128.076
-128.728
-129.411
-130.121
-130.857
-131.615
-132.392
-133.183
-133.982
-134.782
-135.577
-136.359
-137.119
-137.846
-138.53
-139.157
-139.715
-140.188
-140.561
-140.818
-140.942
-140.917
-140.723
-140.345
-139.765
-138.965
-137.93
-136.643
-135.091
-133.26
-131.139
-128.716
-125.984
-122.934
-119.561
-115.861
-111.833
-107.477
-102.794
-97.7897
-92.4706
-86.8457
-80.9262
-74.7253
-68.2583
-61.5426
-54.5971
-47.442
-40.0988
-32.5904
-24.9418
-17.1797
-9.32935
-1.40799
6.56124
14.5487
22.5318
30.4883
38.3961
46.234
53.9823
61.6223
69.1368
76.5098
83.7269
90.775
97.6422
104.318
110.792
117.059
123.101
128.932
134.483
139.885
144.733
149.973
152.93
-121.672
-121.802
-121.954
-122.06
-122.142
-122.219
-122.304
-122.402
-122.518
-122.659
-122.826
-123.024
-123.253
-123.517
-123.816
-124.151
-124.523
-124.932
-125.378
-125.861
-126.381
-126.937
-127.527
-128.151
-128.807
-129.494
-130.21
-130.952
-131.716
-132.498
-133.294
-134.098
-134.901
-135.699
-136.482
-137.242
-137.968
-138.65
-139.273
-139.826
-140.293
-140.658
-140.907
-141.021
-140.985
-140.781
-140.391
-139.798
-138.986
-137.938
-136.639
-135.075
-133.232
-131.1
-128.667
-125.924
-122.865
-119.484
-115.777
-111.742
-107.38
-102.693
-97.6861
-92.3651
-86.7393
-80.82
-74.6206
-68.1564
-61.4445
-54.5042
-47.3552
-40.0193
-32.5198
-24.8803
-17.1271
-9.2865
-1.37476
6.58359
14.5587
22.5302
30.4751
38.3714
46.1982
53.9358
61.5657
69.0708
76.4353
83.6446
90.686
97.5474
104.219
110.689
116.953
122.994
128.821
134.369
139.764
144.598
149.815
152.705
-121.727
-121.848
-121.988
-122.091
-122.173
-122.253
-122.34
-122.44
-122.559
-122.701
-122.868
-123.065
-123.293
-123.555
-123.852
-124.185
-124.556
-124.965
-125.411
-125.895
-126.416
-126.973
-127.567
-128.194
-128.854
-129.546
-130.267
-131.013
-131.78
-132.565
-133.362
-134.165
-134.968
-135.762
-136.541
-137.296
-138.016
-138.69
-139.304
-139.846
-140.302
-140.655
-140.891
-140.993
-140.943
-140.725
-140.321
-139.714
-138.889
-137.827
-136.516
-134.939
-133.085
-130.942
-128.499
-125.748
-122.681
-119.293
-115.581
-111.542
-107.177
-102.488
-97.4804
-92.1601
-86.5363
-80.6203
-74.4255
-67.9672
-61.2624
-54.3304
-47.1907
-39.866
-32.379
-24.7508
-17.0099
-9.18198
-1.28219
6.66191
14.6218
22.5789
30.5097
38.3922
46.2056
53.9305
61.5484
69.0424
76.3967
83.5971
90.6307
97.4856
104.152
110.618
116.879
122.918
128.743
134.289
139.675
144.498
149.685
152.531
-121.803
-121.91
-122.035
-122.13
-122.21
-122.289
-122.376
-122.476
-122.594
-122.733
-122.897
-123.09
-123.313
-123.57
-123.862
-124.191
-124.557
-124.963
-125.407
-125.89
-126.41
-126.968
-127.561
-128.19
-128.852
-129.544
-130.264
-131.009
-131.773
-132.553
-133.343
-134.138
-134.932
-135.717
-136.486
-137.229
-137.936
-138.595
-139.195
-139.721
-140.16
-140.498
-140.717
-140.803
-140.737
-140.504
-140.085
-139.465
-138.626
-137.552
-136.229
-134.642
-132.779
-130.627
-128.177
-125.42
-122.349
-118.958
-115.244
-111.205
-106.841
-102.154
-97.1502
-91.8349
-86.2175
-80.3094
-74.1239
-67.6761
-60.9831
-54.0641
-46.9388
-39.6306
-32.1598
-24.5467
-16.8233
-9.01173
-1.1274
6.79796
14.739
22.6784
30.5918
38.4573
46.2546
53.9642
61.5679
69.0488
76.3913
83.5813
90.606
97.4536
104.114
110.577
116.835
122.872
128.696
134.24
139.617
144.432
149.584
152.404
-121.886
-121.981
-122.088
-122.172
-122.246
-122.323
-122.407
-122.504
-122.617
-122.751
-122.907
-123.091
-123.305
-123.552
-123.835
-124.155
-124.514
-124.912
-125.349
-125.826
-126.341
-126.894
-127.482
-128.104
-128.758
-129.442
-130.152
-130.884
-131.635
-132.4
-133.175
-133.953
-134.73
-135.499
-136.251
-136.976
-137.664
-138.304
-138.883
-139.391
-139.811
-140.131
-140.333
-140.403
-140.323
-140.075
-139.644
-139.012
-138.163
-137.08
-135.749
-134.156
-132.288
-130.132
-127.68
-124.922
-121.851
-118.462
-114.751
-110.716
-106.358
-101.679
-96.6851
-91.3803
-85.7745
-79.8799
-73.709
-67.277
-60.6012
-53.7007
-46.5958
-39.3086
-31.8575
-24.2649
-16.5643
-8.77268
-0.908204
6.99398
14.9129
22.8309
30.7235
38.5691
46.3475
54.0393
61.6265
69.0923
76.4214
83.5997
90.6145
97.4542
104.109
110.567
116.823
122.86
128.682
134.226
139.594
144.404
149.516
152.332
-121.965
-122.048
-122.137
-122.21
-122.279
-122.352
-122.432
-122.522
-122.628
-122.751
-122.895
-123.065
-123.263
-123.495
-123.762
-124.066
-124.41
-124.793
-125.216
-125.677
-126.179
-126.719
-127.292
-127.898
-128.536
-129.202
-129.892
-130.603
-131.333
-132.078
-132.832
-133.59
-134.348
-135.098
-135.83
-136.534
-137.201
-137.821
-138.382
-138.871
-139.274
-139.578
-139.767
-139.824
-139.732
-139.475
-139.035
-138.395
-137.54
-136.453
-135.118
-133.523
-131.654
-129.499
-127.048
-124.293
-121.228
-117.845
-114.142
-110.116
-105.769
-101.102
-96.1216
-90.8321
-85.2426
-79.3657
-73.2134
-66.8016
-60.1472
-53.2696
-46.1884
-38.9243
-31.4965
-23.9291
-16.2539
-8.48451
-0.643734
7.23244
15.1271
23.0213
30.8908
38.7145
46.4722
54.1447
61.7141
69.1639
76.4787
83.6447
90.6495
97.4814
104.13
110.586
116.84
122.877
128.7
134.245
139.605
144.414
149.48
152.318
-122.041
-122.11
-122.182
-122.245
-122.311
-122.381
-122.454
-122.534
-122.627
-122.735
-122.859
-123.004
-123.177
-123.383
-123.622
-123.9
-124.22
-124.583
-124.984
-125.425
-125.909
-126.431
-126.984
-127.568
-128.181
-128.823
-129.489
-130.175
-130.88
-131.601
-132.335
-133.075
-133.814
-134.543
-135.253
-135.937
-136.585
-137.186
-137.73
-138.203
-138.593
-138.883
-139.06
-139.107
-139.007
-138.742
-138.296
-137.653
-136.794
-135.705
-134.37
-132.775
-130.907
-128.756
-126.31
-123.562
-120.504
-117.131
-113.44
-109.427
-105.093
-100.442
-95.4783
-90.2068
-84.6369
-78.7814
-72.6513
-66.2634
-59.6344
-52.7824
-45.7269
-38.4892
-31.0886
-23.55
-15.9021
-8.15684
-0.34336
7.50451
15.3729
23.2413
31.0859
38.886
46.6215
54.2735
61.8241
69.2571
76.5572
83.711
90.7058
97.5304
104.175
110.628
116.883
122.922
128.747
134.296
139.65
144.463
149.478
152.365
-122.116
-122.17
-122.223
-122.28
-122.346
-122.412
-122.476
-122.541
-122.611
-122.692
-122.781
-122.885
-123.021
-123.194
-123.402
-123.653
-123.953
-124.298
-124.681
-125.1
-125.561
-126.058
-126.585
-127.14
-127.723
-128.333
-128.972
-129.637
-130.322
-131.024
-131.739
-132.46
-133.179
-133.888
-134.58
-135.245
-135.876
-136.461
-136.989
-137.448
-137.824
-138.103
-138.269
-138.306
-138.198
-137.927
-137.476
-136.828
-135.966
-134.875
-133.54
-131.946
-130.082
-127.935
-125.496
-122.756
-119.707
-116.345
-112.666
-108.668
-104.35
-99.7169
-94.772
-89.5209
-83.973
-78.1414
-72.0367
-65.6752
-59.0737
-52.2492
-45.2219
-38.0139
-30.643
-23.1359
-15.5171
-7.79817
-0.014986
7.80291
15.6434
23.4844
31.3027
39.0779
46.7901
54.4207
61.9518
69.3675
76.6528
83.7943
90.7797
97.5979
104.239
110.692
116.948
122.993
128.823
134.379
139.729
144.553
149.513
152.475
-122.196
-122.225
-122.259
-122.317
-122.391
-122.451
-122.498
-122.531
-122.563
-122.602
-122.644
-122.705
-122.814
-122.97
-123.159
-123.389
-123.666
-123.984
-124.336
-124.721
-125.139
-125.594
-126.088
-126.621
-127.184
-127.773
-128.392
-129.042
-129.714
-130.4
-131.098
-131.802
-132.504
-133.197
-133.872
-134.522
-135.137
-135.706
-136.219
-136.663
-137.025
-137.291
-137.445
-137.471
-137.353
-137.074
-136.616
-135.962
-135.096
-134.002
-132.666
-131.073
-129.21
-127.067
-124.633
-121.9
-118.861
-115.509
-111.843
-107.86
-103.559
-98.9445
-94.0192
-88.7907
-83.2673
-77.4605
-71.3832
-65.0495
-58.4765
-51.6816
-44.6844
-37.5076
-30.1687
-22.6946
-15.106
-7.4161
0.33471
8.12146
15.9323
23.7443
31.5351
39.2845
46.9727
54.5812
62.0925
69.4909
76.7615
83.8913
90.8682
97.6811
104.32
110.775
117.036
123.089
128.927
134.494
139.845
144.685
149.589
152.652
-122.285
-122.271
-122.285
-122.353
-122.436
-122.49
-122.499
-122.48
-122.474
-122.493
-122.516
-122.552
-122.635
-122.758
-122.901
-123.074
-123.285
-123.54
-123.853
-124.215
-124.614
-125.047
-125.523
-126.045
-126.603
-127.187
-127.798
-128.436
-129.095
-129.77
-130.456
-131.147
-131.836
-132.515
-133.176
-133.81
-134.409
-134.962
-135.459
-135.888
-136.235
-136.486
-136.626
-136.639
-136.509
-136.219
-135.752
-135.089
-134.216
-133.116
-131.775
-130.18
-128.317
-126.176
-123.745
-121.017
-117.985
-114.644
-110.99
-107.022
-102.738
-98.1421
-93.2364
-88.0306
-82.5322
-76.7508
-70.7011
-64.3967
-57.8538
-51.0905
-44.1254
-36.9812
-29.6759
-22.2353
-14.6777
-7.01962
0.697656
8.45268
16.2325
24.0144
31.7769
39.4999
47.1637
54.75
62.2415
69.6227
76.8791
83.9981
90.9677
97.777
104.416
110.875
117.145
123.209
129.06
134.643
139.998
144.861
149.711
152.897
-122.388
-122.313
-122.308
-122.356
-122.459
-122.519
-122.492
-122.461
-122.444
-122.431
-122.384
-122.32
-122.288
-122.3
-122.376
-122.516
-122.701
-122.936
-123.242
-123.607
-124.016
-124.457
-124.936
-125.452
-126.005
-126.59
-127.201
-127.835
-128.489
-129.158
-129.837
-130.518
-131.196
-131.862
-132.51
-133.13
-133.714
-134.251
-134.732
-135.145
-135.476
-135.712
-135.837
-135.835
-135.691
-135.387
-134.906
-134.232
-133.348
-132.239
-130.891
-129.29
-127.424
-125.281
-122.851
-120.127
-117.101
-113.767
-110.123
-106.169
-101.902
-97.3236
-92.4381
-87.255
-81.7816
-76.0265
-70.0047
-63.73
-57.2179
-50.4871
-43.5554
-36.4445
-29.1741
-21.7672
-14.2411
-6.61717
1.06591
8.7889
16.537
24.2885
32.0224
39.7186
47.3579
54.9219
62.3938
69.7584
77.0015
84.1108
91.0747
97.8826
104.525
110.991
117.272
123.353
129.221
134.827
140.193
145.086
149.885
153.212
-122.524
-122.221
-122.268
-122.38
-122.524
-122.674
-122.542
-122.38
-122.18
-121.954
-121.748
-121.603
-121.526
-121.509
-121.592
-121.762
-121.989
-122.261
-122.581
-122.953
-123.368
-123.821
-124.313
-124.84
-125.4
-125.994
-126.611
-127.247
-127.901
-128.568
-129.242
-129.917
-130.586
-131.243
-131.879
-132.487
-133.057
-133.58
-134.046
-134.443
-134.759
-134.979
-135.088
-135.071
-134.91
-134.59
-134.093
-133.403
-132.505
-131.384
-130.026
-128.417
-126.544
-124.397
-121.967
-119.243
-116.221
-112.894
-109.26
-105.317
-101.065
-96.5034
-91.6379
-86.4772
-81.0284
-75.2998
-69.3058
-63.0607
-56.5796
-49.881
-42.9825
-35.9053
-28.6706
-21.2974
-13.8036
-6.21553
1.43287
9.12336
16.8394
24.5602
32.2653
39.9349
47.5496
55.0918
62.5446
69.8933
77.1243
84.2255
91.1857
97.9946
104.642
111.12
117.417
123.519
129.412
135.045
140.43
145.362
150.117
153.6
-122.663
-122.218
-122.445
-122.737
-122.444
-122.351
-121.809
-121.386
-121.03
-120.724
-120.573
-120.54
-120.562
-120.626
-120.758
-120.954
-121.214
-121.522
-121.87
-122.264
-122.699
-123.172
-123.684
-124.23
-124.807
-125.412
-126.038
-126.68
-127.337
-128.005
-128.676
-129.345
-130.008
-130.657
-131.284
-131.881
-132.439
-132.949
-133.402
-133.785
-134.086
-134.29
-134.382
-134.348
-134.17
-133.832
-133.318
-132.612
-131.698
-130.563
-129.192
-127.572
-125.691
-123.538
-121.104
-118.38
-115.36
-112.039
-108.412
-104.479
-100.24
-95.6954
-90.8486
-85.7088
-80.2834
-74.5806
-68.6143
-62.3986
-55.9485
-49.282
-42.4169
-35.3735
-28.1743
-20.8351
-13.3747
-5.82324
1.79018
9.44767
17.1316
24.8219
32.4987
40.142
47.7329
55.2537
62.6884
70.0225
77.2429
84.3379
91.2968
98.1094
104.767
111.26
117.578
123.707
129.63
135.3
140.711
145.69
150.41
154.059
-123.029
-121.5
-121.237
-121.637
-120.987
-120.522
-120.121
-119.871
-119.704
-119.587
-119.582
-119.626
-119.68
-119.78
-119.953
-120.189
-120.487
-120.83
-121.21
-121.632
-122.091
-122.588
-123.121
-123.685
-124.274
-124.888
-125.519
-126.163
-126.819
-127.485
-128.152
-128.815
-129.47
-130.112
-130.731
-131.318
-131.864
-132.362
-132.803
-133.174
-133.461
-133.65
-133.725
-133.673
-133.476
-133.119
-132.587
-131.864
-130.934
-129.783
-128.398
-126.766
-124.875
-122.714
-120.275
-117.549
-114.53
-111.212
-107.592
-103.669
-99.4416
-94.9117
-90.0829
-84.9633
-79.5605
-73.8831
-67.9441
-61.7575
-55.3382
-48.7038
-41.8721
-34.8626
-27.6983
-20.3929
-12.9667
-5.45187
2.12633
9.75039
17.4027
25.0634
32.7126
40.3304
47.8984
55.399
62.8165
70.1376
77.3492
84.4401
91.4001
98.2197
104.89
111.403
117.747
123.91
129.87
135.585
141.032
146.068
150.763
154.583
-117.915
-115.795
-114.991
-115.272
-115.76
-116.17
-117.01
-117.387
-117.56
-117.749
-117.994
-118.261
-118.508
-118.781
-119.099
-119.449
-119.825
-120.225
-120.648
-121.1
-121.589
-122.113
-122.659
-123.224
-123.807
-124.409
-125.028
-125.66
-126.304
-126.958
-127.613
-128.262
-128.904
-129.534
-130.141
-130.713
-131.244
-131.728
-132.153
-132.505
-132.771
-132.937
-132.989
-132.91
-132.687
-132.304
-131.745
-130.996
-130.042
-128.868
-127.463
-125.813
-123.907
-121.735
-119.286
-116.554
-113.533
-110.217
-106.602
-102.687
-98.4717
-93.958
-89.1493
-84.0528
-78.6764
-73.029
-67.1227
-60.9714
-54.5899
-47.995
-41.2047
-34.2375
-27.116
-19.8537
-12.4712
-5.00214
2.53116
10.1123
17.7246
25.3483
32.963
40.5489
48.0881
55.5637
62.9612
70.2679
77.4712
84.5604
91.5261
98.3598
105.054
111.6
117.988
124.207
130.229
136.016
141.528
146.656
151.348
155.38
-117.655
-117.325
-117.224
-117.584
-117.993
-118.057
-118.22
-118.077
-117.851
-117.734
-117.725
-117.774
-117.852
-118.002
-118.226
-118.503
-118.822
-119.194
-119.616
-120.086
-120.612
-121.179
-121.774
-122.39
-123.024
-123.676
-124.339
-125.01
-125.683
-126.355
-127.022
-127.678
-128.319
-128.938
-129.529
-130.089
-130.609
-131.077
-131.476
-131.795
-132.024
-132.151
-132.163
-132.045
-131.783
-131.362
-130.767
-129.985
-128.998
-127.796
-126.364
-124.692
-122.766
-120.577
-118.117
-115.377
-112.352
-109.037
-105.428
-101.523
-97.3226
-92.8286
-88.0444
-82.9767
-77.6332
-72.0231
-66.1579
-60.0509
-53.7169
-47.172
-40.4341
-33.5202
-26.4529
-19.2479
-11.9234
-4.5116
2.96544
10.4927
18.0553
25.633
33.2048
40.7515
48.2562
55.7036
63.0808
70.3758
77.5762
84.6717
91.6545
98.5171
105.253
111.857
118.319
124.628
130.752
136.658
142.289
147.561
152.313
156.576
-117.113
-117.128
-116.841
-116.77
-116.861
-116.89
-117.024
-117.135
-117.242
-117.407
-117.62
-117.849
-118.083
-118.343
-118.63
-118.936
-119.263
-119.616
-119.996
-120.403
-120.836
-121.292
-121.772
-122.277
-122.809
-123.363
-123.938
-124.528
-125.131
-125.74
-126.356
-126.974
-127.585
-128.178
-128.749
-129.293
-129.799
-130.251
-130.632
-130.934
-131.146
-131.254
-131.245
-131.106
-130.82
-130.374
-129.754
-128.946
-127.935
-126.71
-125.258
-123.566
-121.626
-119.426
-116.957
-114.214
-111.191
-107.883
-104.285
-100.395
-96.2155
-91.7468
-86.9929
-81.96
-76.6558
-71.0892
-65.2714
-59.2151
-52.9351
-46.4463
-39.7667
-32.9131
-25.9074
-18.7672
-11.5073
-4.15545
3.26525
10.7403
18.2534
25.7848
33.3143
40.8247
48.3003
55.7279
63.0947
70.3882
77.5969
84.7114
91.7254
98.6325
105.429
112.108
118.666
125.089
131.346
137.408
143.204
148.657
153.533
158.012
-116.965
-117.036
-116.9
-116.923
-117.132
-117.347
-117.562
-117.738
-117.852
-117.947
-118.054
-118.178
-118.32
-118.494
-118.704
-118.955
-119.244
-119.574
-119.943
-120.35
-120.791
-121.265
-121.771
-122.304
-122.86
-123.431
-124.013
-124.602
-125.193
-125.781
-126.366
-126.941
-127.498
-128.03
-128.533
-128.997
-129.414
-129.774
-130.071
-130.294
-130.432
-130.47
-130.397
-130.197
-129.858
-129.365
-128.703
-127.859
-126.82
-125.572
-124.101
-122.397
-120.449
-118.247
-115.782
-113.047
-110.035
-106.742
-103.164
-99.3006
-95.1514
-90.718
-86.0042
-81.0157
-75.76
-70.2459
-64.4841
-58.487
-52.2684
-45.8431
-39.2279
-32.4399
-25.4977
-18.4197
-11.2212
-3.92613
3.44245
10.8694
18.3365
25.8248
33.316
40.7947
48.2461
55.6572
63.015
70.3088
77.5295
84.6696
91.7232
98.6861
105.555
112.327
118.997
125.554
131.984
138.249
144.266
149.948
155.021
159.68
-116.676
-116.81
-116.823
-116.889
-117.048
-117.207
-117.339
-117.452
-117.543
-117.643
-117.777
-117.948
-118.148
-118.379
-118.645
-118.943
-119.273
-119.631
-120.017
-120.431
-120.869
-121.331
-121.815
-122.317
-122.835
-123.364
-123.904
-124.45
-125
-125.55
-126.097
-126.636
-127.16
-127.662
-128.134
-128.568
-128.957
-129.293
-129.564
-129.758
-129.862
-129.864
-129.751
-129.51
-129.128
-128.591
-127.886
-127
-125.92
-124.633
-123.128
-121.393
-119.42
-117.197
-114.718
-111.975
-108.96
-105.67
-102.103
-98.2575
-94.1328
-89.7304
-85.0538
-80.1082
-74.9006
-69.4391
-63.734
-57.7968
-51.6408
-45.2801
-38.7305
-32.0081
-25.1296
-18.1134
-10.9765
-3.74053
3.57298
10.9473
18.3651
25.8085
33.2606
40.7067
48.1331
55.5271
62.8769
70.1733
77.4095
84.5799
91.6797
98.7073
105.661
112.542
119.348
126.073
132.709
139.217
145.513
151.49
156.851
161.624
-116.597
-116.738
-116.813
-116.895
-117.027
-117.181
-117.331
-117.478
-117.621
-117.77
-117.937
-118.125
-118.331
-118.557
-118.809
-119.088
-119.395
-119.729
-120.091
-120.481
-120.897
-121.338
-121.801
-122.284
-122.784
-123.298
-123.821
-124.351
-124.882
-125.411
-125.932
-126.441
-126.931
-127.394
-127.823
-128.212
-128.551
-128.832
-129.045
-129.179
-129.223
-129.165
-128.993
-128.696
-128.261
-127.674
-126.922
-125.994
-124.876
-123.557
-122.025
-120.268
-118.278
-116.044
-113.558
-110.814
-107.805
-104.526
-100.976
-97.1523
-93.0547
-88.6845
-84.0451
-79.1411
-73.9791
-68.5672
-62.9148
-57.0333
-50.9353
-44.6345
-38.146
-31.4854
-24.6693
-17.7155
-10.6413
-3.46643
3.78944
11.109
18.4756
25.8725
33.2842
40.6965
48.0965
55.4728
62.8152
70.1152
77.3676
84.5684
91.716
98.8109
105.856
112.856
119.815
126.733
133.601
140.386
147.011
153.341
159.075
163.98
-116.423
-116.583
-116.703
-116.819
-116.961
-117.121
-117.28
-117.434
-117.586
-117.742
-117.91
-118.098
-118.307
-118.539
-118.797
-119.083
-119.396
-119.735
-120.1
-120.491
-120.904
-121.338
-121.791
-122.26
-122.743
-123.235
-123.734
-124.236
-124.736
-125.231
-125.716
-126.187
-126.637
-127.059
-127.446
-127.792
-128.087
-128.324
-128.492
-128.581
-128.58
-128.478
-128.262
-127.921
-127.443
-126.814
-126.022
-125.055
-123.901
-122.548
-120.986
-119.203
-117.19
-114.939
-112.442
-109.69
-106.68
-103.405
-99.8643
-96.0553
-91.9779
-87.6334
-83.0245
-78.1559
-73.0335
-67.6651
-62.0599
-56.2283
-50.1826
-43.9359
-37.5027
-30.8981
-24.1381
-17.2397
-10.2202
-3.09778
4.10893
11.3827
18.7073
26.067
33.4468
40.8331
48.2139
55.5784
62.9175
70.2242
77.4945
84.727
91.9223
99.0842
106.219
113.337
120.447
127.557
134.663
141.741
148.718
155.439
161.597
166.777
-116.341
-116.503
-116.644
-116.78
-116.926
-117.085
-117.247
-117.409
-117.573
-117.746
-117.931
-118.135
-118.357
-118.6
-118.865
-119.153
-119.464
-119.798
-120.154
-120.532
-120.931
-121.348
-121.782
-122.23
-122.69
-123.159
-123.633
-124.108
-124.581
-125.047
-125.501
-125.939
-126.354
-126.74
-127.088
-127.393
-127.646
-127.838
-127.96
-128.001
-127.952
-127.801
-127.537
-127.148
-126.623
-125.949
-125.116
-124.11
-122.92
-121.536
-119.946
-118.141
-116.111
-113.847
-111.343
-108.59
-105.583
-102.318
-98.791
-95.0014
-90.9484
-86.6331
-82.0578
-77.2269
-72.146
-66.8224
-61.2648
-55.4832
-49.4893
-43.2958
-36.9164
-30.3659
-23.6598
-16.8145
-9.84675
-2.77396
4.38618
11.6169
18.9024
26.2276
33.5781
40.9413
48.3055
55.6611
62.9999
70.3166
77.6086
84.8764
92.1229
99.3552
106.584
113.823
121.088
128.394
135.75
143.138
150.499
157.668
164.342
169.943
-116.226
-116.393
-116.548
-116.701
-116.858
-117.024
-117.194
-117.368
-117.546
-117.733
-117.931
-118.143
-118.373
-118.62
-118.887
-119.175
-119.485
-119.816
-120.167
-120.538
-120.927
-121.333
-121.754
-122.187
-122.63
-123.079
-123.53
-123.981
-124.427
-124.864
-125.288
-125.691
-126.07
-126.418
-126.727
-126.991
-127.201
-127.35
-127.427
-127.424
-127.33
-127.135
-126.827
-126.396
-125.829
-125.116
-124.246
-123.206
-121.985
-120.573
-118.96
-117.136
-115.091
-112.817
-110.306
-107.552
-104.55
-101.294
-97.7816
-94.0111
-89.9818
-85.6946
-81.1517
-76.3571
-71.3159
-66.0351
-60.5229
-54.789
-48.8444
-42.7012
-36.3728
-29.8734
-23.218
-16.4224
-9.50288
-2.47617
4.64081
11.8319
19.0815
26.3754
33.6996
41.0421
48.392
55.7405
63.0806
70.4081
77.7219
85.0241
92.3202
99.6204
106.939
114.296
121.713
129.216
136.824
144.536
152.319
160.002
167.316
173.497
-116.113
-116.284
-116.449
-116.613
-116.78
-116.952
-117.13
-117.313
-117.502
-117.7
-117.909
-118.132
-118.37
-118.625
-118.898
-119.189
-119.5
-119.828
-120.175
-120.538
-120.917
-121.31
-121.715
-122.13
-122.552
-122.978
-123.404
-123.828
-124.245
-124.652
-125.042
-125.411
-125.753
-126.063
-126.332
-126.555
-126.722
-126.827
-126.86
-126.811
-126.672
-126.431
-126.079
-125.604
-124.996
-124.243
-123.335
-122.261
-121.009
-119.571
-117.935
-116.092
-114.034
-111.752
-109.238
-106.487
-103.492
-100.248
-96.7537
-93.0056
-89.0034
-84.7476
-80.2402
-75.4846
-70.4857
-65.2499
-59.7851
-54.1003
-48.206
-42.114
-35.8369
-29.3886
-22.7835
-16.037
-9.16475
-2.18291
4.89217
12.0449
19.2601
26.5239
33.823
41.146
48.4825
55.8246
63.1662
70.5044
77.8392
85.1746
92.5186
99.884
107.29
114.76
122.327
130.023
137.889
145.94
154.184
162.451
170.571
177.467
-116.024
-116.2
-116.376
-116.553
-116.734
-116.919
-117.11
-117.307
-117.512
-117.725
-117.948
-118.184
-118.432
-118.695
-118.972
-119.265
-119.573
-119.896
-120.234
-120.586
-120.951
-121.326
-121.711
-122.104
-122.5
-122.898
-123.295
-123.686
-124.068
-124.436
-124.786
-125.113
-125.411
-125.674
-125.896
-126.069
-126.186
-126.239
-126.221
-126.12
-125.93
-125.639
-125.237
-124.715
-124.063
-123.268
-122.322
-121.213
-119.931
-118.467
-116.81
-114.952
-112.884
-110.598
-108.086
-105.342
-102.36
-99.1345
-95.6633
-91.9436
-87.9744
-83.7559
-79.2897
-74.5787
-69.6274
-64.4416
-59.0287
-53.3971
-47.5569
-41.5191
-35.2961
-28.9009
-22.3478
-15.6513
-8.82697
-1.89021
5.14308
12.2578
19.439
26.6733
33.9479
41.2517
48.5752
55.9108
63.2537
70.6015
77.956
85.322
92.7105
100.137
107.623
115.2
122.907
130.789
138.905
147.295
156.024
164.928
174.028
181.659
-115.664
-115.834
-116.006
-116.185
-116.373
-116.567
-116.77
-116.981
-117.202
-117.432
-117.673
-117.926
-118.19
-118.468
-118.759
-119.062
-119.379
-119.708
-120.049
-120.401
-120.762
-121.131
-121.505
-121.883
-122.263
-122.64
-123.012
-123.376
-123.728
-124.063
-124.377
-124.666
-124.922
-125.142
-125.319
-125.445
-125.514
-125.518
-125.449
-125.299
-125.059
-124.719
-124.27
-123.703
-123.007
-122.173
-121.19
-120.049
-118.74
-117.254
-115.581
-113.712
-111.639
-109.354
-106.849
-104.118
-101.156
-97.9557
-94.5149
-90.8306
-86.9014
-82.7269
-78.3084
-73.6481
-68.7501
-63.6195
-58.2631
-52.6888
-46.9061
-40.9254
-34.7586
-28.4183
-21.9182
-15.2725
-8.4962
-1.60448
5.38743
12.4644
19.6124
26.8176
34.0682
41.3531
48.6637
55.9926
63.336
70.692
78.0639
85.4574
92.8856
100.366
107.925
115.596
123.428
131.475
139.819
148.522
157.717
167.258
177.424
185.731
-115.972
-116.153
-116.342
-116.535
-116.732
-116.934
-117.144
-117.361
-117.586
-117.819
-118.062
-118.314
-118.575
-118.847
-119.128
-119.42
-119.72
-120.03
-120.348
-120.672
-121.003
-121.338
-121.675
-122.012
-122.347
-122.678
-123.001
-123.313
-123.61
-123.888
-124.143
-124.37
-124.565
-124.721
-124.832
-124.893
-124.896
-124.834
-124.7
-124.485
-124.182
-123.781
-123.274
-122.652
-121.904
-121.023
-119.998
-118.82
-117.481
-115.97
-114.28
-112.4
-110.324
-108.043
-105.55
-102.837
-99.8984
-96.7288
-93.3241
-89.681
-85.7975
-81.6729
-77.3076
-72.7035
-67.8638
-62.7932
-57.4976
-51.9847
-46.263
-40.3427
-34.2347
-27.9515
-21.5059
-14.9123
-8.18451
-1.33809
5.6128
12.6527
19.7685
26.9461
34.1746
41.4426
48.7426
56.0669
63.413
70.7788
78.1693
85.5903
93.0573
100.588
108.214
115.972
123.917
132.112
140.656
149.633
159.235
169.348
180.502
189.537
-114.605
-114.828
-115.05
-115.285
-115.534
-115.793
-116.061
-116.338
-116.624
-116.92
-117.225
-117.539
-117.862
-118.192
-118.53
-118.875
-119.226
-119.582
-119.942
-120.304
-120.666
-121.028
-121.387
-121.741
-122.088
-122.424
-122.747
-123.055
-123.342
-123.606
-123.843
-124.048
-124.215
-124.341
-124.419
-124.444
-124.409
-124.307
-124.131
-123.874
-123.528
-123.084
-122.535
-121.871
-121.085
-120.167
-119.108
-117.9
-116.534
-115.003
-113.296
-111.407
-109.327
-107.047
-104.561
-101.861
-98.9408
-95.7946
-92.4177
-88.8066
-84.9589
-80.8734
-76.5501
-71.9903
-67.1966
-62.1734
-56.9258
-51.4612
-45.7872
-39.9138
-33.8512
-27.6115
-21.2073
-14.6523
-7.96038
-1.14627
5.7754
12.7902
19.8842
27.0446
34.2597
41.5193
48.8152
56.141
63.4936
70.8723
78.2817
85.7299
93.232
100.809
108.494
116.325
124.363
132.678
141.375
150.561
160.461
171.009
182.97
192.866
-115.555
-115.691
-115.853
-116.029
-116.219
-116.425
-116.644
-116.877
-117.121
-117.378
-117.645
-117.924
-118.212
-118.511
-118.819
-119.135
-119.458
-119.787
-120.121
-120.458
-120.796
-121.134
-121.47
-121.8
-122.123
-122.436
-122.735
-123.018
-123.281
-123.52
-123.732
-123.91
-124.052
-124.151
-124.203
-124.2
-124.137
-124.008
-123.804
-123.52
-123.146
-122.676
-122.101
-121.412
-120.602
-119.662
-118.583
-117.358
-115.977
-114.435
-112.721
-110.828
-108.747
-106.471
-103.991
-101.301
-98.3937
-95.2626
-91.9032
-88.3116
-84.4851
-80.4222
-76.1226
-71.5872
-66.8185
-61.8204
-56.5981
-51.1582
-45.5088
-39.6588
-33.619
-27.4008
-21.0172
-14.481
-7.80696
-1.00873
5.89831
12.9008
19.9841
27.1366
34.3459
41.6035
48.9003
56.2313
63.5923
70.9847
78.4104
85.8804
93.4067
101.013
108.73
116.601
124.685
133.059
141.837
151.14
161.229
172.077
184.712
195.55
-114.083
-114.344
-114.592
-114.852
-115.128
-115.417
-115.717
-116.029
-116.353
-116.688
-117.032
-117.384
-117.743
-118.108
-118.478
-118.853
-119.23
-119.608
-119.986
-120.362
-120.735
-121.102
-121.462
-121.813
-122.151
-122.475
-122.781
-123.067
-123.329
-123.565
-123.769
-123.937
-124.066
-124.15
-124.185
-124.163
-124.08
-123.929
-123.702
-123.394
-122.996
-122.501
-121.901
-121.188
-120.353
-119.388
-118.287
-117.04
-115.642
-114.083
-112.356
-110.454
-108.368
-106.09
-103.612
-100.925
-98.0241
-94.9018
-91.5535
-87.9744
-84.1624
-80.115
-75.8323
-71.3139
-66.5629
-61.5816
-56.3763
-50.952
-45.3177
-39.4806
-33.4528
-27.2441
-20.8689
-14.3388
-7.66995
-0.874795
6.02938
13.0304
20.1117
27.263
34.4694
41.7243
49.0168
56.3435
63.6983
71.0859
78.5064
85.9738
93.5002
101.112
108.84
116.729
124.841
133.254
142.091
151.471
161.695
172.747
185.925
197.669
-114.937
-115.055
-115.226
-115.436
-115.664
-115.896
-116.136
-116.389
-116.657
-116.939
-117.234
-117.541
-117.86
-118.19
-118.529
-118.876
-119.23
-119.589
-119.95
-120.313
-120.675
-121.033
-121.386
-121.73
-122.064
-122.385
-122.689
-122.972
-123.233
-123.467
-123.669
-123.837
-123.964
-124.046
-124.078
-124.054
-123.968
-123.813
-123.584
-123.271
-122.869
-122.369
-121.763
-121.044
-120.204
-119.233
-118.126
-116.874
-115.469
-113.905
-112.175
-110.269
-108.18
-105.9
-103.42
-100.732
-97.8297
-94.7055
-91.3556
-87.7741
-83.9604
-79.9105
-75.6265
-71.1062
-66.3551
-61.3737
-56.1702
-50.7481
-45.1185
-39.2866
-33.2667
-27.0666
-20.7027
-14.1844
-7.52963
-0.748738
6.1393
13.1248
20.1898
27.3263
34.5185
41.7615
49.0438
56.3635
63.7138
71.0999
78.5218
85.9932
93.5267
101.147
108.888
116.791
124.924
133.359
142.23
151.649
161.95
173.125
186.696
199.288
-113.967
-114.099
-114.286
-114.567
-114.89
-115.221
-115.56
-115.909
-116.268
-116.634
-117.006
-117.383
-117.766
-118.152
-118.542
-118.934
-119.326
-119.718
-120.106
-120.491
-120.87
-121.24
-121.601
-121.95
-122.285
-122.603
-122.901
-123.177
-123.427
-123.648
-123.837
-123.989
-124.099
-124.163
-124.176
-124.133
-124.026
-123.85
-123.598
-123.263
-122.838
-122.315
-121.686
-120.943
-120.078
-119.084
-117.955
-116.683
-115.261
-113.683
-111.941
-110.027
-107.932
-105.649
-103.169
-100.483
-97.5858
-94.469
-91.1285
-87.5581
-83.757
-79.7212
-75.4522
-70.9471
-66.2113
-61.2452
-56.0571
-50.6495
-45.0335
-39.2141
-33.2056
-27.0157
-20.6608
-14.1504
-7.50246
-0.727249
6.15588
13.1374
20.1988
27.3323
34.5231
41.7655
49.0468
56.3666
63.7169
71.1032
78.5253
85.997
93.5312
101.153
108.895
116.801
124.94
133.382
142.268
151.707
162.05
173.3
187.124
200.502
-114.381
-114.457
-114.603
-114.811
-115.033
-115.265
-115.522
-115.804
-116.108
-116.428
-116.764
-117.114
-117.477
-117.851
-118.234
-118.625
-119.02
-119.418
-119.817
-120.215
-120.608
-120.995
-121.374
-121.74
-122.093
-122.428
-122.744
-123.036
-123.302
-123.538
-123.74
-123.904
-124.025
-124.099
-124.121
-124.084
-123.984
-123.813
-123.566
-123.235
-122.812
-122.291
-121.664
-120.922
-120.057
-119.062
-117.931
-116.658
-115.236
-113.659
-111.919
-110.009
-107.919
-105.641
-103.165
-100.484
-97.5903
-94.4765
-91.1385
-87.57
-83.7702
-79.7355
-75.4675
-70.9636
-66.2276
-61.2612
-56.073
-50.666
-45.0502
-39.2308
-33.2224
-27.0325
-20.6778
-14.1677
-7.52021
-0.745835
6.13614
13.116
20.1751
27.3056
34.4936
41.7335
49.0114
56.3286
63.6764
71.0608
78.4819
85.9535
93.4884
101.111
108.856
116.764
124.907
133.352
142.243
151.69
162.046
173.333
187.276
201.287
-113.589
-113.805
-114.223
-114.642
-114.995
-115.317
-115.643
-115.981
-116.328
-116.682
-117.043
-117.413
-117.79
-118.173
-118.562
-118.953
-119.347
-119.741
-120.133
-120.522
-120.906
-121.282
-121.648
-122.002
-122.342
-122.665
-122.969
-123.249
-123.504
-123.73
-123.923
-124.078
-124.192
-124.26
-124.276
-124.235
-124.13
-123.956
-123.705
-123.371
-122.945
-122.421
-121.79
-121.043
-120.173
-119.17
-118.027
-116.74
-115.305
-113.715
-111.963
-110.042
-107.944
-105.66
-103.18
-100.496
-97.6012
-94.4872
-91.1497
-87.5832
-83.786
-79.7548
-75.4905
-70.9919
-66.2599
-61.2977
-56.1142
-50.7125
-45.1013
-39.2864
-33.2814
-27.0948
-20.7422
-14.2337
-7.58687
-0.812786
6.06983
13.0504
20.1109
27.2429
34.4324
41.674
48.9535
56.2722
63.6217
71.0075
78.4301
85.9032
93.4397
101.064
108.81
116.719
124.863
133.309
142.2
151.648
162.004
173.304
187.267
201.592
164.639
166.966
169.105
171.166
172.768
173.841
174.316
174.05
172.887
170.664
167.173
162.24
155.519
147.001
135.696
122.876
103.934
88.2634
50.2247
47.6453
163.806
165.953
168.113
170.146
171.707
172.748
173.191
172.895
171.703
169.455
165.941
160.991
154.252
145.727
134.402
121.592
102.6
86.9833
48.7516
46.4073
162.559
164.421
166.615
168.61
170.126
171.137
171.55
171.225
170.009
167.742
164.212
159.255
152.505
143.994
132.639
119.898
100.778
85.4121
46.6697
45.2078
161.529
163.156
165.354
167.29
168.753
169.726
170.102
169.741
168.494
166.199
162.643
157.669
150.895
142.389
130.987
118.316
99.031
83.9717
44.6284
44.3224
160.767
162.215
164.405
166.28
167.689
168.622
168.956
168.555
167.27
164.941
161.351
156.351
149.544
141.031
129.573
116.954
97.5086
82.7243
42.8607
43.6843
160.162
161.461
163.641
165.464
166.824
167.717
168.009
167.568
166.244
163.877
160.251
155.221
148.377
139.849
128.34
115.754
96.1718
81.6177
41.3475
43.1861
159.66
160.827
162.999
164.778
166.093
166.948
167.2
166.718
165.354
162.95
159.285
154.223
147.343
138.796
127.239
114.677
94.9804
80.6188
40.0447
42.7701
159.24
160.288
162.451
164.196
165.47
166.288
166.5
165.978
164.575
162.133
158.431
153.335
146.418
137.85
126.249
113.701
93.9139
79.7102
38.9263
42.405
158.886
159.828
161.98
163.697
164.933
165.715
165.89
165.329
163.887
161.407
157.667
152.537
145.585
136.992
125.352
112.812
92.9563
78.8758
37.9718
42.065
158.587
159.433
161.571
163.266
164.466
165.214
165.352
164.753
163.273
160.754
156.977
151.812
144.826
136.208
124.534
111.995
92.0938
78.1025
37.1629
41.7302
158.33
159.093
161.214
162.889
164.056
164.771
164.873
164.236
162.717
160.161
156.346
151.147
144.128
135.484
123.781
111.236
91.3127
77.378
36.4833
41.383
158.109
158.802
160.9
162.56
163.694
164.376
164.443
163.768
162.211
159.615
155.764
150.53
143.48
134.809
123.084
110.527
90.6025
76.6933
35.92
41.012
157.918
158.554
160.626
162.272
163.374
164.022
164.053
163.34
161.744
159.11
155.222
149.953
142.873
134.175
122.434
109.858
89.954
76.0398
35.4612
40.6069
157.756
158.348
160.388
162.021
163.091
163.705
163.7
162.947
161.312
158.639
154.714
149.41
142.302
133.576
121.824
109.224
89.3608
75.4118
35.0978
40.1614
157.62
158.182
160.187
161.805
162.843
163.421
163.378
162.586
160.909
158.196
154.234
148.895
141.76
133.005
121.249
108.62
88.8164
74.803
34.8212
39.6688
157.506
158.058
160.022
161.624
162.629
163.169
163.087
162.253
160.534
157.779
153.779
148.404
141.243
132.459
120.704
108.041
88.3164
74.2096
34.6243
39.126
157.407
157.976
159.895
161.477
162.447
162.946
162.822
161.944
160.18
157.382
153.343
147.932
140.747
131.934
120.185
107.483
87.8565
73.6281
34.5008
38.5293
157.322
157.937
159.808
161.364
162.298
162.753
162.584
161.658
159.848
157.005
152.927
147.479
140.27
131.428
119.69
106.947
87.4344
73.057
34.4464
37.8782
157.254
157.944
159.763
161.286
162.181
162.589
162.371
161.395
159.536
156.646
152.527
147.042
139.81
130.94
119.217
106.428
87.0468
72.4942
34.4565
37.1707
157.208
158
159.765
161.248
162.1
162.456
162.186
161.156
159.244
156.305
152.144
146.62
139.367
130.467
118.765
105.927
86.692
71.9393
34.5277
36.4071
157.189
158.109
159.819
161.251
162.056
162.355
162.027
160.94
158.971
155.98
151.775
146.212
138.937
130.01
118.331
105.442
86.3678
71.3912
34.6561
35.5868
157.204
158.274
159.929
161.299
162.052
162.288
161.897
160.747
158.717
155.671
151.42
145.818
138.522
129.567
117.916
104.974
86.0722
70.851
34.8371
34.7136
157.263
158.5
160.1
161.396
162.09
162.257
161.796
160.577
158.483
155.377
151.079
145.436
138.12
129.137
117.517
104.521
85.8023
70.3196
35.064
33.7918
157.376
158.789
160.335
161.545
162.17
162.261
161.723
160.43
158.264
155.096
150.748
145.063
137.727
128.718
117.133
104.081
85.5584
69.7899
35.3456
32.8048
157.547
159.137
160.633
161.741
162.288
162.295
161.674
160.299
158.057
154.823
150.422
144.695
137.341
128.305
116.764
103.645
85.3524
69.2312
35.7392
31.671
157.904
159.694
161.134
162.088
162.511
162.395
161.649
160.154
157.803
154.474
150.003
144.219
136.844
127.773
116.301
103.084
85.1356
68.4638
36.4172
29.9837
158.673
160.604
161.978
162.711
162.934
162.636
161.71
160.042
157.536
154.079
149.512
143.658
136.255
127.156
115.753
102.468
84.8544
67.6997
37.0711
28.2151
159.842
161.799
163.067
163.553
163.528
163.007
161.867
159.997
157.316
153.722
149.055
143.132
135.7
126.582
115.242
101.921
84.5939
67.0667
37.6404
26.6484
161.478
163.33
164.427
164.647
164.326
163.528
162.129
160.026
157.152
153.414
148.645
142.653
135.191
126.059
114.779
101.442
84.3716
66.5358
38.1833
25.2124
163.648
165.242
166.062
165.987
165.337
164.225
162.54
160.178
157.092
153.195
148.314
142.246
134.754
125.614
114.392
101.051
84.2089
66.1178
38.7127
23.9183
166.347
167.532
167.907
167.455
166.447
165.005
163.012
160.37
157.057
152.99
147.993
141.852
134.339
125.209
114.056
100.747
84.1175
65.8337
39.2431
22.8084
169.468
170.26
170.055
169.092
167.673
165.87
163.524
160.561
156.997
152.748
147.62
141.398
133.857
124.737
113.651
100.402
83.9771
65.5951
39.7042
21.9108
172.875
173.36
172.477
170.876
169.022
166.862
164.142
160.839
157.018
152.581
147.31
140.991
133.398
124.268
113.215
100.006
83.73
65.3006
39.9466
21.1591
176.791
176.952
175.181
172.793
170.492
167.974
164.852
161.195
157.122
152.498
147.083
140.665
133.019
123.871
112.837
99.6542
83.479
65.0202
40.0153
20.5262
181.516
181.153
178.121
174.807
172.083
169.195
165.631
161.612
157.298
152.495
146.938
140.423
132.726
123.56
112.54
99.3816
83.2809
64.811
40.0187
20.0597
187.164
185.83
181.061
176.792
173.736
170.459
166.42
162.056
157.524
152.551
146.862
140.261
132.519
123.338
112.328
99.1947
83.146
64.6914
39.9778
19.8238
193.386
190.495
183.625
178.54
175.284
171.618
167.129
162.479
157.77
152.651
146.85
140.176
132.395
123.197
112.189
99.0754
83.0568
64.6453
39.9068
19.8104
199.596
194.738
185.64
179.951
176.579
172.529
167.66
162.798
157.952
152.717
146.834
140.112
132.311
123.112
112.118
99.0376
83.0515
64.7071
39.9106
19.9668
205.176
198.207
187.02
180.978
177.539
173.148
168.007
163.017
158.087
152.78
146.856
140.115
132.314
123.124
112.149
99.0978
83.1353
64.8534
39.9934
20.1958
210.034
200.893
187.914
181.751
178.269
173.602
168.285
163.22
158.234
152.877
146.928
140.175
132.376
123.194
112.233
99.2088
83.2663
65.0401
40.135
20.4451
214.389
202.94
188.51
182.366
178.827
173.943
168.513
163.398
158.373
152.984
147.023
140.264
132.47
123.298
112.352
99.352
83.4278
65.2479
40.322
20.692
218.329
204.407
188.895
182.849
179.25
174.21
168.71
163.561
158.511
153.101
147.135
140.372
132.586
123.423
112.491
99.5122
83.6043
65.4601
40.5324
20.9241
221.911
205.413
189.13
183.214
179.577
174.439
168.892
163.717
158.649
153.226
147.258
140.492
132.712
123.556
112.637
99.674
83.7814
65.661
40.7452
21.1316
225.109
206.288
189.384
183.512
179.847
174.654
169.073
163.873
158.789
153.354
147.383
140.616
132.841
123.692
112.784
99.8343
83.9564
65.8543
40.9526
21.3323
227.326
207.238
189.869
183.868
180.115
174.869
169.253
164.028
158.927
153.481
147.503
140.736
132.964
123.823
112.924
99.9868
84.1212
66.0386
41.1419
21.5362
)
;

boundaryField
{
    inlet
    {
        type            zeroGradient;
    }
    outlet
    {
        type            fixedValue;
        value           uniform 0;
    }
    upperWall
    {
        type            zeroGradient;
    }
    lowerWall
    {
        type            zeroGradient;
    }
    frontAndBack
    {
        type            empty;
    }
}


// ************************************************************************* //
