/*--------------------------------*- C++ -*----------------------------------*\
| =========                 |                                                 |
| \\      /  F ield         | OpenFOAM: The Open Source CFD Toolbox           |
|  \\    /   O peration     | Version:  5.0                                   |
|   \\  /    A nd           | Web:      www.OpenFOAM.org                      |
|    \\/     M anipulation  |                                                 |
\*---------------------------------------------------------------------------*/
FoamFile
{
    version     2.0;
    format      ascii;
    class       labelList;
    note        "nPoints: 13260 nCells: 6400 nFaces: 25830 nInternalFaces: 12570";
    location    "constant/polyMesh";
    object      neighbour;
}
// * * * * * * * * * * * * * * * * * * * * * * * * * * * * * * * * * * * * * //


12570
(
1
20
2
21
3
22
4
23
5
24
6
25
7
26
8
27
9
28
10
29
11
30
12
31
13
32
14
33
15
34
16
35
17
36
18
37
19
38
39
300
21
40
22
41
23
42
24
43
25
44
26
45
27
46
28
47
29
48
30
49
31
50
32
51
33
52
34
53
35
54
36
55
37
56
38
57
39
58
59
320
41
60
42
61
43
62
44
63
45
64
46
65
47
66
48
67
49
68
50
69
51
70
52
71
53
72
54
73
55
74
56
75
57
76
58
77
59
78
79
340
61
80
62
81
63
82
64
83
65
84
66
85
67
86
68
87
69
88
70
89
71
90
72
91
73
92
74
93
75
94
76
95
77
96
78
97
79
98
99
360
81
100
82
101
83
102
84
103
85
104
86
105
87
106
88
107
89
108
90
109
91
110
92
111
93
112
94
113
95
114
96
115
97
116
98
117
99
118
119
380
101
120
102
121
103
122
104
123
105
124
106
125
107
126
108
127
109
128
110
129
111
130
112
131
113
132
114
133
115
134
116
135
117
136
118
137
119
138
139
400
121
140
122
141
123
142
124
143
125
144
126
145
127
146
128
147
129
148
130
149
131
150
132
151
133
152
134
153
135
154
136
155
137
156
138
157
139
158
159
420
141
160
142
161
143
162
144
163
145
164
146
165
147
166
148
167
149
168
150
169
151
170
152
171
153
172
154
173
155
174
156
175
157
176
158
177
159
178
179
440
161
180
162
181
163
182
164
183
165
184
166
185
167
186
168
187
169
188
170
189
171
190
172
191
173
192
174
193
175
194
176
195
177
196
178
197
179
198
199
460
181
200
182
201
183
202
184
203
185
204
186
205
187
206
188
207
189
208
190
209
191
210
192
211
193
212
194
213
195
214
196
215
197
216
198
217
199
218
219
480
201
220
202
221
203
222
204
223
205
224
206
225
207
226
208
227
209
228
210
229
211
230
212
231
213
232
214
233
215
234
216
235
217
236
218
237
219
238
239
500
221
240
222
241
223
242
224
243
225
244
226
245
227
246
228
247
229
248
230
249
231
250
232
251
233
252
234
253
235
254
236
255
237
256
238
257
239
258
259
520
241
260
242
261
243
262
244
263
245
264
246
265
247
266
248
267
249
268
250
269
251
270
252
271
253
272
254
273
255
274
256
275
257
276
258
277
259
278
279
540
261
280
262
281
263
282
264
283
265
284
266
285
267
286
268
287
269
288
270
289
271
290
272
291
273
292
274
293
275
294
276
295
277
296
278
297
279
298
299
560
281
3200
282
3201
283
3202
284
3203
285
3204
286
3205
287
3206
288
3207
289
3208
290
3209
291
3210
292
3211
293
3212
294
3213
295
3214
296
3215
297
3216
298
3217
299
3218
580
3219
301
320
302
321
303
322
304
323
305
324
306
325
307
326
308
327
309
328
310
329
311
330
312
331
313
332
314
333
315
334
316
335
317
336
318
337
319
338
339
1400
321
340
322
341
323
342
324
343
325
344
326
345
327
346
328
347
329
348
330
349
331
350
332
351
333
352
334
353
335
354
336
355
337
356
338
357
339
358
359
1420
341
360
342
361
343
362
344
363
345
364
346
365
347
366
348
367
349
368
350
369
351
370
352
371
353
372
354
373
355
374
356
375
357
376
358
377
359
378
379
1440
361
380
362
381
363
382
364
383
365
384
366
385
367
386
368
387
369
388
370
389
371
390
372
391
373
392
374
393
375
394
376
395
377
396
378
397
379
398
399
1460
381
400
382
401
383
402
384
403
385
404
386
405
387
406
388
407
389
408
390
409
391
410
392
411
393
412
394
413
395
414
396
415
397
416
398
417
399
418
419
1480
401
420
402
421
403
422
404
423
405
424
406
425
407
426
408
427
409
428
410
429
411
430
412
431
413
432
414
433
415
434
416
435
417
436
418
437
419
438
439
1500
421
440
422
441
423
442
424
443
425
444
426
445
427
446
428
447
429
448
430
449
431
450
432
451
433
452
434
453
435
454
436
455
437
456
438
457
439
458
459
1520
441
460
442
461
443
462
444
463
445
464
446
465
447
466
448
467
449
468
450
469
451
470
452
471
453
472
454
473
455
474
456
475
457
476
458
477
459
478
479
1540
461
480
462
481
463
482
464
483
465
484
466
485
467
486
468
487
469
488
470
489
471
490
472
491
473
492
474
493
475
494
476
495
477
496
478
497
479
498
499
1560
481
500
482
501
483
502
484
503
485
504
486
505
487
506
488
507
489
508
490
509
491
510
492
511
493
512
494
513
495
514
496
515
497
516
498
517
499
518
519
1580
501
520
502
521
503
522
504
523
505
524
506
525
507
526
508
527
509
528
510
529
511
530
512
531
513
532
514
533
515
534
516
535
517
536
518
537
519
538
539
1600
521
540
522
541
523
542
524
543
525
544
526
545
527
546
528
547
529
548
530
549
531
550
532
551
533
552
534
553
535
554
536
555
537
556
538
557
539
558
559
1620
541
560
542
561
543
562
544
563
545
564
546
565
547
566
548
567
549
568
550
569
551
570
552
571
553
572
554
573
555
574
556
575
557
576
558
577
559
578
579
1640
561
580
562
581
563
582
564
583
565
584
566
585
567
586
568
587
569
588
570
589
571
590
572
591
573
592
574
593
575
594
576
595
577
596
578
597
579
598
599
1660
581
600
582
601
583
602
584
603
585
604
586
605
587
606
588
607
589
608
590
609
591
610
592
611
593
612
594
613
595
614
596
615
597
616
598
617
599
618
619
1680
601
620
4180
602
621
603
622
604
623
605
624
606
625
607
626
608
627
609
628
610
629
611
630
612
631
613
632
614
633
615
634
616
635
617
636
618
637
619
638
639
1000
621
640
4160
622
641
623
642
624
643
625
644
626
645
627
646
628
647
629
648
630
649
631
650
632
651
633
652
634
653
635
654
636
655
637
656
638
657
639
658
659
1020
641
660
4140
642
661
643
662
644
663
645
664
646
665
647
666
648
667
649
668
650
669
651
670
652
671
653
672
654
673
655
674
656
675
657
676
658
677
659
678
679
1040
661
680
4120
662
681
663
682
664
683
665
684
666
685
667
686
668
687
669
688
670
689
671
690
672
691
673
692
674
693
675
694
676
695
677
696
678
697
679
698
699
1060
681
700
4100
682
701
683
702
684
703
685
704
686
705
687
706
688
707
689
708
690
709
691
710
692
711
693
712
694
713
695
714
696
715
697
716
698
717
699
718
719
1080
701
720
4080
702
721
703
722
704
723
705
724
706
725
707
726
708
727
709
728
710
729
711
730
712
731
713
732
714
733
715
734
716
735
717
736
718
737
719
738
739
1100
721
740
4060
722
741
723
742
724
743
725
744
726
745
727
746
728
747
729
748
730
749
731
750
732
751
733
752
734
753
735
754
736
755
737
756
738
757
739
758
759
1120
741
760
4040
742
761
743
762
744
763
745
764
746
765
747
766
748
767
749
768
750
769
751
770
752
771
753
772
754
773
755
774
756
775
757
776
758
777
759
778
779
1140
761
780
4020
762
781
763
782
764
783
765
784
766
785
767
786
768
787
769
788
770
789
771
790
772
791
773
792
774
793
775
794
776
795
777
796
778
797
779
798
799
1160
781
800
4000
782
801
783
802
784
803
785
804
786
805
787
806
788
807
789
808
790
809
791
810
792
811
793
812
794
813
795
814
796
815
797
816
798
817
799
818
819
1180
801
820
3980
802
821
803
822
804
823
805
824
806
825
807
826
808
827
809
828
810
829
811
830
812
831
813
832
814
833
815
834
816
835
817
836
818
837
819
838
839
1200
821
840
3960
822
841
823
842
824
843
825
844
826
845
827
846
828
847
829
848
830
849
831
850
832
851
833
852
834
853
835
854
836
855
837
856
838
857
839
858
859
1220
841
860
3940
842
861
843
862
844
863
845
864
846
865
847
866
848
867
849
868
850
869
851
870
852
871
853
872
854
873
855
874
856
875
857
876
858
877
859
878
879
1240
861
880
3920
862
881
863
882
864
883
865
884
866
885
867
886
868
887
869
888
870
889
871
890
872
891
873
892
874
893
875
894
876
895
877
896
878
897
879
898
899
1260
881
900
3900
882
901
883
902
884
903
885
904
886
905
887
906
888
907
889
908
890
909
891
910
892
911
893
912
894
913
895
914
896
915
897
916
898
917
899
918
919
1280
901
920
3880
902
921
903
922
904
923
905
924
906
925
907
926
908
927
909
928
910
929
911
930
912
931
913
932
914
933
915
934
916
935
917
936
918
937
919
938
939
1300
921
940
3860
922
941
923
942
924
943
925
944
926
945
927
946
928
947
929
948
930
949
931
950
932
951
933
952
934
953
935
954
936
955
937
956
938
957
939
958
959
1320
941
960
3840
942
961
943
962
944
963
945
964
946
965
947
966
948
967
949
968
950
969
951
970
952
971
953
972
954
973
955
974
956
975
957
976
958
977
959
978
979
1340
961
980
3820
962
981
963
982
964
983
965
984
966
985
967
986
968
987
969
988
970
989
971
990
972
991
973
992
974
993
975
994
976
995
977
996
978
997
979
998
999
1360
981
3800
982
983
984
985
986
987
988
989
990
991
992
993
994
995
996
997
998
999
1380
1001
1020
1680
1002
1021
1681
1003
1022
1682
1004
1023
1683
1005
1024
1684
1006
1025
1685
1007
1026
1686
1008
1027
1687
1009
1028
1688
1010
1029
1689
1011
1030
1690
1012
1031
1691
1013
1032
1692
1014
1033
1693
1015
1034
1694
1016
1035
1695
1017
1036
1696
1018
1037
1697
1019
1038
1698
1039
1699
4599
1021
1040
1022
1041
1023
1042
1024
1043
1025
1044
1026
1045
1027
1046
1028
1047
1029
1048
1030
1049
1031
1050
1032
1051
1033
1052
1034
1053
1035
1054
1036
1055
1037
1056
1038
1057
1039
1058
1059
4579
1041
1060
1042
1061
1043
1062
1044
1063
1045
1064
1046
1065
1047
1066
1048
1067
1049
1068
1050
1069
1051
1070
1052
1071
1053
1072
1054
1073
1055
1074
1056
1075
1057
1076
1058
1077
1059
1078
1079
4559
1061
1080
1062
1081
1063
1082
1064
1083
1065
1084
1066
1085
1067
1086
1068
1087
1069
1088
1070
1089
1071
1090
1072
1091
1073
1092
1074
1093
1075
1094
1076
1095
1077
1096
1078
1097
1079
1098
1099
4539
1081
1100
1082
1101
1083
1102
1084
1103
1085
1104
1086
1105
1087
1106
1088
1107
1089
1108
1090
1109
1091
1110
1092
1111
1093
1112
1094
1113
1095
1114
1096
1115
1097
1116
1098
1117
1099
1118
1119
4519
1101
1120
1102
1121
1103
1122
1104
1123
1105
1124
1106
1125
1107
1126
1108
1127
1109
1128
1110
1129
1111
1130
1112
1131
1113
1132
1114
1133
1115
1134
1116
1135
1117
1136
1118
1137
1119
1138
1139
4499
1121
1140
1122
1141
1123
1142
1124
1143
1125
1144
1126
1145
1127
1146
1128
1147
1129
1148
1130
1149
1131
1150
1132
1151
1133
1152
1134
1153
1135
1154
1136
1155
1137
1156
1138
1157
1139
1158
1159
4479
1141
1160
1142
1161
1143
1162
1144
1163
1145
1164
1146
1165
1147
1166
1148
1167
1149
1168
1150
1169
1151
1170
1152
1171
1153
1172
1154
1173
1155
1174
1156
1175
1157
1176
1158
1177
1159
1178
1179
4459
1161
1180
1162
1181
1163
1182
1164
1183
1165
1184
1166
1185
1167
1186
1168
1187
1169
1188
1170
1189
1171
1190
1172
1191
1173
1192
1174
1193
1175
1194
1176
1195
1177
1196
1178
1197
1179
1198
1199
4439
1181
1200
1182
1201
1183
1202
1184
1203
1185
1204
1186
1205
1187
1206
1188
1207
1189
1208
1190
1209
1191
1210
1192
1211
1193
1212
1194
1213
1195
1214
1196
1215
1197
1216
1198
1217
1199
1218
1219
4419
1201
1220
1202
1221
1203
1222
1204
1223
1205
1224
1206
1225
1207
1226
1208
1227
1209
1228
1210
1229
1211
1230
1212
1231
1213
1232
1214
1233
1215
1234
1216
1235
1217
1236
1218
1237
1219
1238
1239
4399
1221
1240
1222
1241
1223
1242
1224
1243
1225
1244
1226
1245
1227
1246
1228
1247
1229
1248
1230
1249
1231
1250
1232
1251
1233
1252
1234
1253
1235
1254
1236
1255
1237
1256
1238
1257
1239
1258
1259
4379
1241
1260
1242
1261
1243
1262
1244
1263
1245
1264
1246
1265
1247
1266
1248
1267
1249
1268
1250
1269
1251
1270
1252
1271
1253
1272
1254
1273
1255
1274
1256
1275
1257
1276
1258
1277
1259
1278
1279
4359
1261
1280
1262
1281
1263
1282
1264
1283
1265
1284
1266
1285
1267
1286
1268
1287
1269
1288
1270
1289
1271
1290
1272
1291
1273
1292
1274
1293
1275
1294
1276
1295
1277
1296
1278
1297
1279
1298
1299
4339
1281
1300
1282
1301
1283
1302
1284
1303
1285
1304
1286
1305
1287
1306
1288
1307
1289
1308
1290
1309
1291
1310
1292
1311
1293
1312
1294
1313
1295
1314
1296
1315
1297
1316
1298
1317
1299
1318
1319
4319
1301
1320
1302
1321
1303
1322
1304
1323
1305
1324
1306
1325
1307
1326
1308
1327
1309
1328
1310
1329
1311
1330
1312
1331
1313
1332
1314
1333
1315
1334
1316
1335
1317
1336
1318
1337
1319
1338
1339
4299
1321
1340
1322
1341
1323
1342
1324
1343
1325
1344
1326
1345
1327
1346
1328
1347
1329
1348
1330
1349
1331
1350
1332
1351
1333
1352
1334
1353
1335
1354
1336
1355
1337
1356
1338
1357
1339
1358
1359
4279
1341
1360
1342
1361
1343
1362
1344
1363
1345
1364
1346
1365
1347
1366
1348
1367
1349
1368
1350
1369
1351
1370
1352
1371
1353
1372
1354
1373
1355
1374
1356
1375
1357
1376
1358
1377
1359
1378
1379
4259
1361
1380
1362
1381
1363
1382
1364
1383
1365
1384
1366
1385
1367
1386
1368
1387
1369
1388
1370
1389
1371
1390
1372
1391
1373
1392
1374
1393
1375
1394
1376
1395
1377
1396
1378
1397
1379
1398
1399
4239
1381
1382
1383
1384
1385
1386
1387
1388
1389
1390
1391
1392
1393
1394
1395
1396
1397
1398
1399
4219
1401
1420
1402
1421
1403
1422
1404
1423
1405
1424
1406
1425
1407
1426
1408
1427
1409
1428
1410
1429
1411
1430
1412
1431
1413
1432
1414
1433
1415
1434
1416
1435
1417
1436
1418
1437
1419
1438
1439
1700
1421
1440
1422
1441
1423
1442
1424
1443
1425
1444
1426
1445
1427
1446
1428
1447
1429
1448
1430
1449
1431
1450
1432
1451
1433
1452
1434
1453
1435
1454
1436
1455
1437
1456
1438
1457
1439
1458
1459
1800
1441
1460
1442
1461
1443
1462
1444
1463
1445
1464
1446
1465
1447
1466
1448
1467
1449
1468
1450
1469
1451
1470
1452
1471
1453
1472
1454
1473
1455
1474
1456
1475
1457
1476
1458
1477
1459
1478
1479
1900
1461
1480
1462
1481
1463
1482
1464
1483
1465
1484
1466
1485
1467
1486
1468
1487
1469
1488
1470
1489
1471
1490
1472
1491
1473
1492
1474
1493
1475
1494
1476
1495
1477
1496
1478
1497
1479
1498
1499
2000
1481
1500
1482
1501
1483
1502
1484
1503
1485
1504
1486
1505
1487
1506
1488
1507
1489
1508
1490
1509
1491
1510
1492
1511
1493
1512
1494
1513
1495
1514
1496
1515
1497
1516
1498
1517
1499
1518
1519
2100
1501
1520
1502
1521
1503
1522
1504
1523
1505
1524
1506
1525
1507
1526
1508
1527
1509
1528
1510
1529
1511
1530
1512
1531
1513
1532
1514
1533
1515
1534
1516
1535
1517
1536
1518
1537
1519
1538
1539
2200
1521
1540
1522
1541
1523
1542
1524
1543
1525
1544
1526
1545
1527
1546
1528
1547
1529
1548
1530
1549
1531
1550
1532
1551
1533
1552
1534
1553
1535
1554
1536
1555
1537
1556
1538
1557
1539
1558
1559
2300
1541
1560
1542
1561
1543
1562
1544
1563
1545
1564
1546
1565
1547
1566
1548
1567
1549
1568
1550
1569
1551
1570
1552
1571
1553
1572
1554
1573
1555
1574
1556
1575
1557
1576
1558
1577
1559
1578
1579
2400
1561
1580
1562
1581
1563
1582
1564
1583
1565
1584
1566
1585
1567
1586
1568
1587
1569
1588
1570
1589
1571
1590
1572
1591
1573
1592
1574
1593
1575
1594
1576
1595
1577
1596
1578
1597
1579
1598
1599
2500
1581
1600
1582
1601
1583
1602
1584
1603
1585
1604
1586
1605
1587
1606
1588
1607
1589
1608
1590
1609
1591
1610
1592
1611
1593
1612
1594
1613
1595
1614
1596
1615
1597
1616
1598
1617
1599
1618
1619
2600
1601
1620
1602
1621
1603
1622
1604
1623
1605
1624
1606
1625
1607
1626
1608
1627
1609
1628
1610
1629
1611
1630
1612
1631
1613
1632
1614
1633
1615
1634
1616
1635
1617
1636
1618
1637
1619
1638
1639
2700
1621
1640
1622
1641
1623
1642
1624
1643
1625
1644
1626
1645
1627
1646
1628
1647
1629
1648
1630
1649
1631
1650
1632
1651
1633
1652
1634
1653
1635
1654
1636
1655
1637
1656
1638
1657
1639
1658
1659
2800
1641
1660
1642
1661
1643
1662
1644
1663
1645
1664
1646
1665
1647
1666
1648
1667
1649
1668
1650
1669
1651
1670
1652
1671
1653
1672
1654
1673
1655
1674
1656
1675
1657
1676
1658
1677
1659
1678
1679
2900
1661
1680
1662
1681
1663
1682
1664
1683
1665
1684
1666
1685
1667
1686
1668
1687
1669
1688
1670
1689
1671
1690
1672
1691
1673
1692
1674
1693
1675
1694
1676
1695
1677
1696
1678
1697
1679
1698
1699
3000
1681
1682
1683
1684
1685
1686
1687
1688
1689
1690
1691
1692
1693
1694
1695
1696
1697
1698
1699
3100
1701
1800
1702
1801
1703
1802
1704
1803
1705
1804
1706
1805
1707
1806
1708
1807
1709
1808
1710
1809
1711
1810
1712
1811
1713
1812
1714
1813
1715
1814
1716
1815
1717
1816
1718
1817
1719
1818
1720
1819
1721
1820
1722
1821
1723
1822
1724
1823
1725
1824
1726
1825
1727
1826
1728
1827
1729
1828
1730
1829
1731
1830
1732
1831
1733
1832
1734
1833
1735
1834
1736
1835
1737
1836
1738
1837
1739
1838
1740
1839
1741
1840
1742
1841
1743
1842
1744
1843
1745
1844
1746
1845
1747
1846
1748
1847
1749
1848
1750
1849
1751
1850
1752
1851
1753
1852
1754
1853
1755
1854
1756
1855
1757
1856
1758
1857
1759
1858
1760
1859
1761
1860
1762
1861
1763
1862
1764
1863
1765
1864
1766
1865
1767
1866
1768
1867
1769
1868
1770
1869
1771
1870
1772
1871
1773
1872
1774
1873
1775
1874
1776
1875
1777
1876
1778
1877
1779
1878
1780
1879
1781
1880
1782
1881
1783
1882
1784
1883
1785
1884
1786
1885
1787
1886
1788
1887
1789
1888
1790
1889
1791
1890
1792
1891
1793
1892
1794
1893
1795
1894
1796
1895
1797
1896
1798
1897
1799
1898
1899
1801
1900
1802
1901
1803
1902
1804
1903
1805
1904
1806
1905
1807
1906
1808
1907
1809
1908
1810
1909
1811
1910
1812
1911
1813
1912
1814
1913
1815
1914
1816
1915
1817
1916
1818
1917
1819
1918
1820
1919
1821
1920
1822
1921
1823
1922
1824
1923
1825
1924
1826
1925
1827
1926
1828
1927
1829
1928
1830
1929
1831
1930
1832
1931
1833
1932
1834
1933
1835
1934
1836
1935
1837
1936
1838
1937
1839
1938
1840
1939
1841
1940
1842
1941
1843
1942
1844
1943
1845
1944
1846
1945
1847
1946
1848
1947
1849
1948
1850
1949
1851
1950
1852
1951
1853
1952
1854
1953
1855
1954
1856
1955
1857
1956
1858
1957
1859
1958
1860
1959
1861
1960
1862
1961
1863
1962
1864
1963
1865
1964
1866
1965
1867
1966
1868
1967
1869
1968
1870
1969
1871
1970
1872
1971
1873
1972
1874
1973
1875
1974
1876
1975
1877
1976
1878
1977
1879
1978
1880
1979
1881
1980
1882
1981
1883
1982
1884
1983
1885
1984
1886
1985
1887
1986
1888
1987
1889
1988
1890
1989
1891
1990
1892
1991
1893
1992
1894
1993
1895
1994
1896
1995
1897
1996
1898
1997
1899
1998
1999
1901
2000
1902
2001
1903
2002
1904
2003
1905
2004
1906
2005
1907
2006
1908
2007
1909
2008
1910
2009
1911
2010
1912
2011
1913
2012
1914
2013
1915
2014
1916
2015
1917
2016
1918
2017
1919
2018
1920
2019
1921
2020
1922
2021
1923
2022
1924
2023
1925
2024
1926
2025
1927
2026
1928
2027
1929
2028
1930
2029
1931
2030
1932
2031
1933
2032
1934
2033
1935
2034
1936
2035
1937
2036
1938
2037
1939
2038
1940
2039
1941
2040
1942
2041
1943
2042
1944
2043
1945
2044
1946
2045
1947
2046
1948
2047
1949
2048
1950
2049
1951
2050
1952
2051
1953
2052
1954
2053
1955
2054
1956
2055
1957
2056
1958
2057
1959
2058
1960
2059
1961
2060
1962
2061
1963
2062
1964
2063
1965
2064
1966
2065
1967
2066
1968
2067
1969
2068
1970
2069
1971
2070
1972
2071
1973
2072
1974
2073
1975
2074
1976
2075
1977
2076
1978
2077
1979
2078
1980
2079
1981
2080
1982
2081
1983
2082
1984
2083
1985
2084
1986
2085
1987
2086
1988
2087
1989
2088
1990
2089
1991
2090
1992
2091
1993
2092
1994
2093
1995
2094
1996
2095
1997
2096
1998
2097
1999
2098
2099
2001
2100
2002
2101
2003
2102
2004
2103
2005
2104
2006
2105
2007
2106
2008
2107
2009
2108
2010
2109
2011
2110
2012
2111
2013
2112
2014
2113
2015
2114
2016
2115
2017
2116
2018
2117
2019
2118
2020
2119
2021
2120
2022
2121
2023
2122
2024
2123
2025
2124
2026
2125
2027
2126
2028
2127
2029
2128
2030
2129
2031
2130
2032
2131
2033
2132
2034
2133
2035
2134
2036
2135
2037
2136
2038
2137
2039
2138
2040
2139
2041
2140
2042
2141
2043
2142
2044
2143
2045
2144
2046
2145
2047
2146
2048
2147
2049
2148
2050
2149
2051
2150
2052
2151
2053
2152
2054
2153
2055
2154
2056
2155
2057
2156
2058
2157
2059
2158
2060
2159
2061
2160
2062
2161
2063
2162
2064
2163
2065
2164
2066
2165
2067
2166
2068
2167
2069
2168
2070
2169
2071
2170
2072
2171
2073
2172
2074
2173
2075
2174
2076
2175
2077
2176
2078
2177
2079
2178
2080
2179
2081
2180
2082
2181
2083
2182
2084
2183
2085
2184
2086
2185
2087
2186
2088
2187
2089
2188
2090
2189
2091
2190
2092
2191
2093
2192
2094
2193
2095
2194
2096
2195
2097
2196
2098
2197
2099
2198
2199
2101
2200
2102
2201
2103
2202
2104
2203
2105
2204
2106
2205
2107
2206
2108
2207
2109
2208
2110
2209
2111
2210
2112
2211
2113
2212
2114
2213
2115
2214
2116
2215
2117
2216
2118
2217
2119
2218
2120
2219
2121
2220
2122
2221
2123
2222
2124
2223
2125
2224
2126
2225
2127
2226
2128
2227
2129
2228
2130
2229
2131
2230
2132
2231
2133
2232
2134
2233
2135
2234
2136
2235
2137
2236
2138
2237
2139
2238
2140
2239
2141
2240
2142
2241
2143
2242
2144
2243
2145
2244
2146
2245
2147
2246
2148
2247
2149
2248
2150
2249
2151
2250
2152
2251
2153
2252
2154
2253
2155
2254
2156
2255
2157
2256
2158
2257
2159
2258
2160
2259
2161
2260
2162
2261
2163
2262
2164
2263
2165
2264
2166
2265
2167
2266
2168
2267
2169
2268
2170
2269
2171
2270
2172
2271
2173
2272
2174
2273
2175
2274
2176
2275
2177
2276
2178
2277
2179
2278
2180
2279
2181
2280
2182
2281
2183
2282
2184
2283
2185
2284
2186
2285
2187
2286
2188
2287
2189
2288
2190
2289
2191
2290
2192
2291
2193
2292
2194
2293
2195
2294
2196
2295
2197
2296
2198
2297
2199
2298
2299
2201
2300
2202
2301
2203
2302
2204
2303
2205
2304
2206
2305
2207
2306
2208
2307
2209
2308
2210
2309
2211
2310
2212
2311
2213
2312
2214
2313
2215
2314
2216
2315
2217
2316
2218
2317
2219
2318
2220
2319
2221
2320
2222
2321
2223
2322
2224
2323
2225
2324
2226
2325
2227
2326
2228
2327
2229
2328
2230
2329
2231
2330
2232
2331
2233
2332
2234
2333
2235
2334
2236
2335
2237
2336
2238
2337
2239
2338
2240
2339
2241
2340
2242
2341
2243
2342
2244
2343
2245
2344
2246
2345
2247
2346
2248
2347
2249
2348
2250
2349
2251
2350
2252
2351
2253
2352
2254
2353
2255
2354
2256
2355
2257
2356
2258
2357
2259
2358
2260
2359
2261
2360
2262
2361
2263
2362
2264
2363
2265
2364
2266
2365
2267
2366
2268
2367
2269
2368
2270
2369
2271
2370
2272
2371
2273
2372
2274
2373
2275
2374
2276
2375
2277
2376
2278
2377
2279
2378
2280
2379
2281
2380
2282
2381
2283
2382
2284
2383
2285
2384
2286
2385
2287
2386
2288
2387
2289
2388
2290
2389
2291
2390
2292
2391
2293
2392
2294
2393
2295
2394
2296
2395
2297
2396
2298
2397
2299
2398
2399
2301
2400
2302
2401
2303
2402
2304
2403
2305
2404
2306
2405
2307
2406
2308
2407
2309
2408
2310
2409
2311
2410
2312
2411
2313
2412
2314
2413
2315
2414
2316
2415
2317
2416
2318
2417
2319
2418
2320
2419
2321
2420
2322
2421
2323
2422
2324
2423
2325
2424
2326
2425
2327
2426
2328
2427
2329
2428
2330
2429
2331
2430
2332
2431
2333
2432
2334
2433
2335
2434
2336
2435
2337
2436
2338
2437
2339
2438
2340
2439
2341
2440
2342
2441
2343
2442
2344
2443
2345
2444
2346
2445
2347
2446
2348
2447
2349
2448
2350
2449
2351
2450
2352
2451
2353
2452
2354
2453
2355
2454
2356
2455
2357
2456
2358
2457
2359
2458
2360
2459
2361
2460
2362
2461
2363
2462
2364
2463
2365
2464
2366
2465
2367
2466
2368
2467
2369
2468
2370
2469
2371
2470
2372
2471
2373
2472
2374
2473
2375
2474
2376
2475
2377
2476
2378
2477
2379
2478
2380
2479
2381
2480
2382
2481
2383
2482
2384
2483
2385
2484
2386
2485
2387
2486
2388
2487
2389
2488
2390
2489
2391
2490
2392
2491
2393
2492
2394
2493
2395
2494
2396
2495
2397
2496
2398
2497
2399
2498
2499
2401
2500
2402
2501
2403
2502
2404
2503
2405
2504
2406
2505
2407
2506
2408
2507
2409
2508
2410
2509
2411
2510
2412
2511
2413
2512
2414
2513
2415
2514
2416
2515
2417
2516
2418
2517
2419
2518
2420
2519
2421
2520
2422
2521
2423
2522
2424
2523
2425
2524
2426
2525
2427
2526
2428
2527
2429
2528
2430
2529
2431
2530
2432
2531
2433
2532
2434
2533
2435
2534
2436
2535
2437
2536
2438
2537
2439
2538
2440
2539
2441
2540
2442
2541
2443
2542
2444
2543
2445
2544
2446
2545
2447
2546
2448
2547
2449
2548
2450
2549
2451
2550
2452
2551
2453
2552
2454
2553
2455
2554
2456
2555
2457
2556
2458
2557
2459
2558
2460
2559
2461
2560
2462
2561
2463
2562
2464
2563
2465
2564
2466
2565
2467
2566
2468
2567
2469
2568
2470
2569
2471
2570
2472
2571
2473
2572
2474
2573
2475
2574
2476
2575
2477
2576
2478
2577
2479
2578
2480
2579
2481
2580
2482
2581
2483
2582
2484
2583
2485
2584
2486
2585
2487
2586
2488
2587
2489
2588
2490
2589
2491
2590
2492
2591
2493
2592
2494
2593
2495
2594
2496
2595
2497
2596
2498
2597
2499
2598
2599
2501
2600
2502
2601
2503
2602
2504
2603
2505
2604
2506
2605
2507
2606
2508
2607
2509
2608
2510
2609
2511
2610
2512
2611
2513
2612
2514
2613
2515
2614
2516
2615
2517
2616
2518
2617
2519
2618
2520
2619
2521
2620
2522
2621
2523
2622
2524
2623
2525
2624
2526
2625
2527
2626
2528
2627
2529
2628
2530
2629
2531
2630
2532
2631
2533
2632
2534
2633
2535
2634
2536
2635
2537
2636
2538
2637
2539
2638
2540
2639
2541
2640
2542
2641
2543
2642
2544
2643
2545
2644
2546
2645
2547
2646
2548
2647
2549
2648
2550
2649
2551
2650
2552
2651
2553
2652
2554
2653
2555
2654
2556
2655
2557
2656
2558
2657
2559
2658
2560
2659
2561
2660
2562
2661
2563
2662
2564
2663
2565
2664
2566
2665
2567
2666
2568
2667
2569
2668
2570
2669
2571
2670
2572
2671
2573
2672
2574
2673
2575
2674
2576
2675
2577
2676
2578
2677
2579
2678
2580
2679
2581
2680
2582
2681
2583
2682
2584
2683
2585
2684
2586
2685
2587
2686
2588
2687
2589
2688
2590
2689
2591
2690
2592
2691
2593
2692
2594
2693
2595
2694
2596
2695
2597
2696
2598
2697
2599
2698
2699
2601
2700
2602
2701
2603
2702
2604
2703
2605
2704
2606
2705
2607
2706
2608
2707
2609
2708
2610
2709
2611
2710
2612
2711
2613
2712
2614
2713
2615
2714
2616
2715
2617
2716
2618
2717
2619
2718
2620
2719
2621
2720
2622
2721
2623
2722
2624
2723
2625
2724
2626
2725
2627
2726
2628
2727
2629
2728
2630
2729
2631
2730
2632
2731
2633
2732
2634
2733
2635
2734
2636
2735
2637
2736
2638
2737
2639
2738
2640
2739
2641
2740
2642
2741
2643
2742
2644
2743
2645
2744
2646
2745
2647
2746
2648
2747
2649
2748
2650
2749
2651
2750
2652
2751
2653
2752
2654
2753
2655
2754
2656
2755
2657
2756
2658
2757
2659
2758
2660
2759
2661
2760
2662
2761
2663
2762
2664
2763
2665
2764
2666
2765
2667
2766
2668
2767
2669
2768
2670
2769
2671
2770
2672
2771
2673
2772
2674
2773
2675
2774
2676
2775
2677
2776
2678
2777
2679
2778
2680
2779
2681
2780
2682
2781
2683
2782
2684
2783
2685
2784
2686
2785
2687
2786
2688
2787
2689
2788
2690
2789
2691
2790
2692
2791
2693
2792
2694
2793
2695
2794
2696
2795
2697
2796
2698
2797
2699
2798
2799
2701
2800
2702
2801
2703
2802
2704
2803
2705
2804
2706
2805
2707
2806
2708
2807
2709
2808
2710
2809
2711
2810
2712
2811
2713
2812
2714
2813
2715
2814
2716
2815
2717
2816
2718
2817
2719
2818
2720
2819
2721
2820
2722
2821
2723
2822
2724
2823
2725
2824
2726
2825
2727
2826
2728
2827
2729
2828
2730
2829
2731
2830
2732
2831
2733
2832
2734
2833
2735
2834
2736
2835
2737
2836
2738
2837
2739
2838
2740
2839
2741
2840
2742
2841
2743
2842
2744
2843
2745
2844
2746
2845
2747
2846
2748
2847
2749
2848
2750
2849
2751
2850
2752
2851
2753
2852
2754
2853
2755
2854
2756
2855
2757
2856
2758
2857
2759
2858
2760
2859
2761
2860
2762
2861
2763
2862
2764
2863
2765
2864
2766
2865
2767
2866
2768
2867
2769
2868
2770
2869
2771
2870
2772
2871
2773
2872
2774
2873
2775
2874
2776
2875
2777
2876
2778
2877
2779
2878
2780
2879
2781
2880
2782
2881
2783
2882
2784
2883
2785
2884
2786
2885
2787
2886
2788
2887
2789
2888
2790
2889
2791
2890
2792
2891
2793
2892
2794
2893
2795
2894
2796
2895
2797
2896
2798
2897
2799
2898
2899
2801
2900
2802
2901
2803
2902
2804
2903
2805
2904
2806
2905
2807
2906
2808
2907
2809
2908
2810
2909
2811
2910
2812
2911
2813
2912
2814
2913
2815
2914
2816
2915
2817
2916
2818
2917
2819
2918
2820
2919
2821
2920
2822
2921
2823
2922
2824
2923
2825
2924
2826
2925
2827
2926
2828
2927
2829
2928
2830
2929
2831
2930
2832
2931
2833
2932
2834
2933
2835
2934
2836
2935
2837
2936
2838
2937
2839
2938
2840
2939
2841
2940
2842
2941
2843
2942
2844
2943
2845
2944
2846
2945
2847
2946
2848
2947
2849
2948
2850
2949
2851
2950
2852
2951
2853
2952
2854
2953
2855
2954
2856
2955
2857
2956
2858
2957
2859
2958
2860
2959
2861
2960
2862
2961
2863
2962
2864
2963
2865
2964
2866
2965
2867
2966
2868
2967
2869
2968
2870
2969
2871
2970
2872
2971
2873
2972
2874
2973
2875
2974
2876
2975
2877
2976
2878
2977
2879
2978
2880
2979
2881
2980
2882
2981
2883
2982
2884
2983
2885
2984
2886
2985
2887
2986
2888
2987
2889
2988
2890
2989
2891
2990
2892
2991
2893
2992
2894
2993
2895
2994
2896
2995
2897
2996
2898
2997
2899
2998
2999
2901
3000
2902
3001
2903
3002
2904
3003
2905
3004
2906
3005
2907
3006
2908
3007
2909
3008
2910
3009
2911
3010
2912
3011
2913
3012
2914
3013
2915
3014
2916
3015
2917
3016
2918
3017
2919
3018
2920
3019
2921
3020
2922
3021
2923
3022
2924
3023
2925
3024
2926
3025
2927
3026
2928
3027
2929
3028
2930
3029
2931
3030
2932
3031
2933
3032
2934
3033
2935
3034
2936
3035
2937
3036
2938
3037
2939
3038
2940
3039
2941
3040
2942
3041
2943
3042
2944
3043
2945
3044
2946
3045
2947
3046
2948
3047
2949
3048
2950
3049
2951
3050
2952
3051
2953
3052
2954
3053
2955
3054
2956
3055
2957
3056
2958
3057
2959
3058
2960
3059
2961
3060
2962
3061
2963
3062
2964
3063
2965
3064
2966
3065
2967
3066
2968
3067
2969
3068
2970
3069
2971
3070
2972
3071
2973
3072
2974
3073
2975
3074
2976
3075
2977
3076
2978
3077
2979
3078
2980
3079
2981
3080
2982
3081
2983
3082
2984
3083
2985
3084
2986
3085
2987
3086
2988
3087
2989
3088
2990
3089
2991
3090
2992
3091
2993
3092
2994
3093
2995
3094
2996
3095
2997
3096
2998
3097
2999
3098
3099
3001
3100
3002
3101
3003
3102
3004
3103
3005
3104
3006
3105
3007
3106
3008
3107
3009
3108
3010
3109
3011
3110
3012
3111
3013
3112
3014
3113
3015
3114
3016
3115
3017
3116
3018
3117
3019
3118
3020
3119
3021
3120
3022
3121
3023
3122
3024
3123
3025
3124
3026
3125
3027
3126
3028
3127
3029
3128
3030
3129
3031
3130
3032
3131
3033
3132
3034
3133
3035
3134
3036
3135
3037
3136
3038
3137
3039
3138
3040
3139
3041
3140
3042
3141
3043
3142
3044
3143
3045
3144
3046
3145
3047
3146
3048
3147
3049
3148
3050
3149
3051
3150
3052
3151
3053
3152
3054
3153
3055
3154
3056
3155
3057
3156
3058
3157
3059
3158
3060
3159
3061
3160
3062
3161
3063
3162
3064
3163
3065
3164
3066
3165
3067
3166
3068
3167
3069
3168
3070
3169
3071
3170
3072
3171
3073
3172
3074
3173
3075
3174
3076
3175
3077
3176
3078
3177
3079
3178
3080
3179
3081
3180
3082
3181
3083
3182
3084
3183
3085
3184
3086
3185
3087
3186
3088
3187
3089
3188
3090
3189
3091
3190
3092
3191
3093
3192
3094
3193
3095
3194
3096
3195
3097
3196
3098
3197
3099
3198
3199
3101
4900
3102
4901
3103
4902
3104
4903
3105
4904
3106
4905
3107
4906
3108
4907
3109
4908
3110
4909
3111
4910
3112
4911
3113
4912
3114
4913
3115
4914
3116
4915
3117
4916
3118
4917
3119
4918
3120
4919
3121
4920
3122
4921
3123
4922
3124
4923
3125
4924
3126
4925
3127
4926
3128
4927
3129
4928
3130
4929
3131
4930
3132
4931
3133
4932
3134
4933
3135
4934
3136
4935
3137
4936
3138
4937
3139
4938
3140
4939
3141
4940
3142
4941
3143
4942
3144
4943
3145
4944
3146
4945
3147
4946
3148
4947
3149
4948
3150
4949
3151
4950
3152
4951
3153
4952
3154
4953
3155
4954
3156
4955
3157
4956
3158
4957
3159
4958
3160
4959
3161
4960
3162
4961
3163
4962
3164
4963
3165
4964
3166
4965
3167
4966
3168
4967
3169
4968
3170
4969
3171
4970
3172
4971
3173
4972
3174
4973
3175
4974
3176
4975
3177
4976
3178
4977
3179
4978
3180
4979
3181
4980
3182
4981
3183
4982
3184
4983
3185
4984
3186
4985
3187
4986
3188
4987
3189
4988
3190
4989
3191
4990
3192
4991
3193
4992
3194
4993
3195
4994
3196
4995
3197
4996
3198
4997
3199
4998
4999
3201
3220
3202
3221
3203
3222
3204
3223
3205
3224
3206
3225
3207
3226
3208
3227
3209
3228
3210
3229
3211
3230
3212
3231
3213
3232
3214
3233
3215
3234
3216
3235
3217
3236
3218
3237
3219
3238
3239
3500
3221
3240
3222
3241
3223
3242
3224
3243
3225
3244
3226
3245
3227
3246
3228
3247
3229
3248
3230
3249
3231
3250
3232
3251
3233
3252
3234
3253
3235
3254
3236
3255
3237
3256
3238
3257
3239
3258
3259
3520
3241
3260
3242
3261
3243
3262
3244
3263
3245
3264
3246
3265
3247
3266
3248
3267
3249
3268
3250
3269
3251
3270
3252
3271
3253
3272
3254
3273
3255
3274
3256
3275
3257
3276
3258
3277
3259
3278
3279
3540
3261
3280
3262
3281
3263
3282
3264
3283
3265
3284
3266
3285
3267
3286
3268
3287
3269
3288
3270
3289
3271
3290
3272
3291
3273
3292
3274
3293
3275
3294
3276
3295
3277
3296
3278
3297
3279
3298
3299
3560
3281
3300
3282
3301
3283
3302
3284
3303
3285
3304
3286
3305
3287
3306
3288
3307
3289
3308
3290
3309
3291
3310
3292
3311
3293
3312
3294
3313
3295
3314
3296
3315
3297
3316
3298
3317
3299
3318
3319
3580
3301
3320
3302
3321
3303
3322
3304
3323
3305
3324
3306
3325
3307
3326
3308
3327
3309
3328
3310
3329
3311
3330
3312
3331
3313
3332
3314
3333
3315
3334
3316
3335
3317
3336
3318
3337
3319
3338
3339
3600
3321
3340
3322
3341
3323
3342
3324
3343
3325
3344
3326
3345
3327
3346
3328
3347
3329
3348
3330
3349
3331
3350
3332
3351
3333
3352
3334
3353
3335
3354
3336
3355
3337
3356
3338
3357
3339
3358
3359
3620
3341
3360
3342
3361
3343
3362
3344
3363
3345
3364
3346
3365
3347
3366
3348
3367
3349
3368
3350
3369
3351
3370
3352
3371
3353
3372
3354
3373
3355
3374
3356
3375
3357
3376
3358
3377
3359
3378
3379
3640
3361
3380
3362
3381
3363
3382
3364
3383
3365
3384
3366
3385
3367
3386
3368
3387
3369
3388
3370
3389
3371
3390
3372
3391
3373
3392
3374
3393
3375
3394
3376
3395
3377
3396
3378
3397
3379
3398
3399
3660
3381
3400
3382
3401
3383
3402
3384
3403
3385
3404
3386
3405
3387
3406
3388
3407
3389
3408
3390
3409
3391
3410
3392
3411
3393
3412
3394
3413
3395
3414
3396
3415
3397
3416
3398
3417
3399
3418
3419
3680
3401
3420
3402
3421
3403
3422
3404
3423
3405
3424
3406
3425
3407
3426
3408
3427
3409
3428
3410
3429
3411
3430
3412
3431
3413
3432
3414
3433
3415
3434
3416
3435
3417
3436
3418
3437
3419
3438
3439
3700
3421
3440
3422
3441
3423
3442
3424
3443
3425
3444
3426
3445
3427
3446
3428
3447
3429
3448
3430
3449
3431
3450
3432
3451
3433
3452
3434
3453
3435
3454
3436
3455
3437
3456
3438
3457
3439
3458
3459
3720
3441
3460
3442
3461
3443
3462
3444
3463
3445
3464
3446
3465
3447
3466
3448
3467
3449
3468
3450
3469
3451
3470
3452
3471
3453
3472
3454
3473
3455
3474
3456
3475
3457
3476
3458
3477
3459
3478
3479
3740
3461
3480
3462
3481
3463
3482
3464
3483
3465
3484
3466
3485
3467
3486
3468
3487
3469
3488
3470
3489
3471
3490
3472
3491
3473
3492
3474
3493
3475
3494
3476
3495
3477
3496
3478
3497
3479
3498
3499
3760
3481
3482
3483
3484
3485
3486
3487
3488
3489
3490
3491
3492
3493
3494
3495
3496
3497
3498
3499
3780
3501
3520
4180
3502
3521
4181
3503
3522
4182
3504
3523
4183
3505
3524
4184
3506
3525
4185
3507
3526
4186
3508
3527
4187
3509
3528
4188
3510
3529
4189
3511
3530
4190
3512
3531
4191
3513
3532
4192
3514
3533
4193
3515
3534
4194
3516
3535
4195
3517
3536
4196
3518
3537
4197
3519
3538
4198
3539
4199
4600
3521
3540
3522
3541
3523
3542
3524
3543
3525
3544
3526
3545
3527
3546
3528
3547
3529
3548
3530
3549
3531
3550
3532
3551
3533
3552
3534
3553
3535
3554
3536
3555
3537
3556
3538
3557
3539
3558
3559
4620
3541
3560
3542
3561
3543
3562
3544
3563
3545
3564
3546
3565
3547
3566
3548
3567
3549
3568
3550
3569
3551
3570
3552
3571
3553
3572
3554
3573
3555
3574
3556
3575
3557
3576
3558
3577
3559
3578
3579
4640
3561
3580
3562
3581
3563
3582
3564
3583
3565
3584
3566
3585
3567
3586
3568
3587
3569
3588
3570
3589
3571
3590
3572
3591
3573
3592
3574
3593
3575
3594
3576
3595
3577
3596
3578
3597
3579
3598
3599
4660
3581
3600
3582
3601
3583
3602
3584
3603
3585
3604
3586
3605
3587
3606
3588
3607
3589
3608
3590
3609
3591
3610
3592
3611
3593
3612
3594
3613
3595
3614
3596
3615
3597
3616
3598
3617
3599
3618
3619
4680
3601
3620
3602
3621
3603
3622
3604
3623
3605
3624
3606
3625
3607
3626
3608
3627
3609
3628
3610
3629
3611
3630
3612
3631
3613
3632
3614
3633
3615
3634
3616
3635
3617
3636
3618
3637
3619
3638
3639
4700
3621
3640
3622
3641
3623
3642
3624
3643
3625
3644
3626
3645
3627
3646
3628
3647
3629
3648
3630
3649
3631
3650
3632
3651
3633
3652
3634
3653
3635
3654
3636
3655
3637
3656
3638
3657
3639
3658
3659
4720
3641
3660
3642
3661
3643
3662
3644
3663
3645
3664
3646
3665
3647
3666
3648
3667
3649
3668
3650
3669
3651
3670
3652
3671
3653
3672
3654
3673
3655
3674
3656
3675
3657
3676
3658
3677
3659
3678
3679
4740
3661
3680
3662
3681
3663
3682
3664
3683
3665
3684
3666
3685
3667
3686
3668
3687
3669
3688
3670
3689
3671
3690
3672
3691
3673
3692
3674
3693
3675
3694
3676
3695
3677
3696
3678
3697
3679
3698
3699
4760
3681
3700
3682
3701
3683
3702
3684
3703
3685
3704
3686
3705
3687
3706
3688
3707
3689
3708
3690
3709
3691
3710
3692
3711
3693
3712
3694
3713
3695
3714
3696
3715
3697
3716
3698
3717
3699
3718
3719
4780
3701
3720
3702
3721
3703
3722
3704
3723
3705
3724
3706
3725
3707
3726
3708
3727
3709
3728
3710
3729
3711
3730
3712
3731
3713
3732
3714
3733
3715
3734
3716
3735
3717
3736
3718
3737
3719
3738
3739
4800
3721
3740
3722
3741
3723
3742
3724
3743
3725
3744
3726
3745
3727
3746
3728
3747
3729
3748
3730
3749
3731
3750
3732
3751
3733
3752
3734
3753
3735
3754
3736
3755
3737
3756
3738
3757
3739
3758
3759
4820
3741
3760
3742
3761
3743
3762
3744
3763
3745
3764
3746
3765
3747
3766
3748
3767
3749
3768
3750
3769
3751
3770
3752
3771
3753
3772
3754
3773
3755
3774
3756
3775
3757
3776
3758
3777
3759
3778
3779
4840
3761
3780
3762
3781
3763
3782
3764
3783
3765
3784
3766
3785
3767
3786
3768
3787
3769
3788
3770
3789
3771
3790
3772
3791
3773
3792
3774
3793
3775
3794
3776
3795
3777
3796
3778
3797
3779
3798
3799
4860
3781
3782
3783
3784
3785
3786
3787
3788
3789
3790
3791
3792
3793
3794
3795
3796
3797
3798
3799
4880
3801
3820
3802
3821
3803
3822
3804
3823
3805
3824
3806
3825
3807
3826
3808
3827
3809
3828
3810
3829
3811
3830
3812
3831
3813
3832
3814
3833
3815
3834
3816
3835
3817
3836
3818
3837
3819
3838
3839
4200
3821
3840
3822
3841
3823
3842
3824
3843
3825
3844
3826
3845
3827
3846
3828
3847
3829
3848
3830
3849
3831
3850
3832
3851
3833
3852
3834
3853
3835
3854
3836
3855
3837
3856
3838
3857
3839
3858
3859
4220
3841
3860
3842
3861
3843
3862
3844
3863
3845
3864
3846
3865
3847
3866
3848
3867
3849
3868
3850
3869
3851
3870
3852
3871
3853
3872
3854
3873
3855
3874
3856
3875
3857
3876
3858
3877
3859
3878
3879
4240
3861
3880
3862
3881
3863
3882
3864
3883
3865
3884
3866
3885
3867
3886
3868
3887
3869
3888
3870
3889
3871
3890
3872
3891
3873
3892
3874
3893
3875
3894
3876
3895
3877
3896
3878
3897
3879
3898
3899
4260
3881
3900
3882
3901
3883
3902
3884
3903
3885
3904
3886
3905
3887
3906
3888
3907
3889
3908
3890
3909
3891
3910
3892
3911
3893
3912
3894
3913
3895
3914
3896
3915
3897
3916
3898
3917
3899
3918
3919
4280
3901
3920
3902
3921
3903
3922
3904
3923
3905
3924
3906
3925
3907
3926
3908
3927
3909
3928
3910
3929
3911
3930
3912
3931
3913
3932
3914
3933
3915
3934
3916
3935
3917
3936
3918
3937
3919
3938
3939
4300
3921
3940
3922
3941
3923
3942
3924
3943
3925
3944
3926
3945
3927
3946
3928
3947
3929
3948
3930
3949
3931
3950
3932
3951
3933
3952
3934
3953
3935
3954
3936
3955
3937
3956
3938
3957
3939
3958
3959
4320
3941
3960
3942
3961
3943
3962
3944
3963
3945
3964
3946
3965
3947
3966
3948
3967
3949
3968
3950
3969
3951
3970
3952
3971
3953
3972
3954
3973
3955
3974
3956
3975
3957
3976
3958
3977
3959
3978
3979
4340
3961
3980
3962
3981
3963
3982
3964
3983
3965
3984
3966
3985
3967
3986
3968
3987
3969
3988
3970
3989
3971
3990
3972
3991
3973
3992
3974
3993
3975
3994
3976
3995
3977
3996
3978
3997
3979
3998
3999
4360
3981
4000
3982
4001
3983
4002
3984
4003
3985
4004
3986
4005
3987
4006
3988
4007
3989
4008
3990
4009
3991
4010
3992
4011
3993
4012
3994
4013
3995
4014
3996
4015
3997
4016
3998
4017
3999
4018
4019
4380
4001
4020
4002
4021
4003
4022
4004
4023
4005
4024
4006
4025
4007
4026
4008
4027
4009
4028
4010
4029
4011
4030
4012
4031
4013
4032
4014
4033
4015
4034
4016
4035
4017
4036
4018
4037
4019
4038
4039
4400
4021
4040
4022
4041
4023
4042
4024
4043
4025
4044
4026
4045
4027
4046
4028
4047
4029
4048
4030
4049
4031
4050
4032
4051
4033
4052
4034
4053
4035
4054
4036
4055
4037
4056
4038
4057
4039
4058
4059
4420
4041
4060
4042
4061
4043
4062
4044
4063
4045
4064
4046
4065
4047
4066
4048
4067
4049
4068
4050
4069
4051
4070
4052
4071
4053
4072
4054
4073
4055
4074
4056
4075
4057
4076
4058
4077
4059
4078
4079
4440
4061
4080
4062
4081
4063
4082
4064
4083
4065
4084
4066
4085
4067
4086
4068
4087
4069
4088
4070
4089
4071
4090
4072
4091
4073
4092
4074
4093
4075
4094
4076
4095
4077
4096
4078
4097
4079
4098
4099
4460
4081
4100
4082
4101
4083
4102
4084
4103
4085
4104
4086
4105
4087
4106
4088
4107
4089
4108
4090
4109
4091
4110
4092
4111
4093
4112
4094
4113
4095
4114
4096
4115
4097
4116
4098
4117
4099
4118
4119
4480
4101
4120
4102
4121
4103
4122
4104
4123
4105
4124
4106
4125
4107
4126
4108
4127
4109
4128
4110
4129
4111
4130
4112
4131
4113
4132
4114
4133
4115
4134
4116
4135
4117
4136
4118
4137
4119
4138
4139
4500
4121
4140
4122
4141
4123
4142
4124
4143
4125
4144
4126
4145
4127
4146
4128
4147
4129
4148
4130
4149
4131
4150
4132
4151
4133
4152
4134
4153
4135
4154
4136
4155
4137
4156
4138
4157
4139
4158
4159
4520
4141
4160
4142
4161
4143
4162
4144
4163
4145
4164
4146
4165
4147
4166
4148
4167
4149
4168
4150
4169
4151
4170
4152
4171
4153
4172
4154
4173
4155
4174
4156
4175
4157
4176
4158
4177
4159
4178
4179
4540
4161
4180
4162
4181
4163
4182
4164
4183
4165
4184
4166
4185
4167
4186
4168
4187
4169
4188
4170
4189
4171
4190
4172
4191
4173
4192
4174
4193
4175
4194
4176
4195
4177
4196
4178
4197
4179
4198
4199
4560
4181
4182
4183
4184
4185
4186
4187
4188
4189
4190
4191
4192
4193
4194
4195
4196
4197
4198
4199
4580
4201
4220
4202
4221
4203
4222
4204
4223
4205
4224
4206
4225
4207
4226
4208
4227
4209
4228
4210
4229
4211
4230
4212
4231
4213
4232
4214
4233
4215
4234
4216
4235
4217
4236
4218
4237
4219
4238
4239
4221
4240
4222
4241
4223
4242
4224
4243
4225
4244
4226
4245
4227
4246
4228
4247
4229
4248
4230
4249
4231
4250
4232
4251
4233
4252
4234
4253
4235
4254
4236
4255
4237
4256
4238
4257
4239
4258
4259
4241
4260
4242
4261
4243
4262
4244
4263
4245
4264
4246
4265
4247
4266
4248
4267
4249
4268
4250
4269
4251
4270
4252
4271
4253
4272
4254
4273
4255
4274
4256
4275
4257
4276
4258
4277
4259
4278
4279
4261
4280
4262
4281
4263
4282
4264
4283
4265
4284
4266
4285
4267
4286
4268
4287
4269
4288
4270
4289
4271
4290
4272
4291
4273
4292
4274
4293
4275
4294
4276
4295
4277
4296
4278
4297
4279
4298
4299
4281
4300
4282
4301
4283
4302
4284
4303
4285
4304
4286
4305
4287
4306
4288
4307
4289
4308
4290
4309
4291
4310
4292
4311
4293
4312
4294
4313
4295
4314
4296
4315
4297
4316
4298
4317
4299
4318
4319
4301
4320
4302
4321
4303
4322
4304
4323
4305
4324
4306
4325
4307
4326
4308
4327
4309
4328
4310
4329
4311
4330
4312
4331
4313
4332
4314
4333
4315
4334
4316
4335
4317
4336
4318
4337
4319
4338
4339
4321
4340
4322
4341
4323
4342
4324
4343
4325
4344
4326
4345
4327
4346
4328
4347
4329
4348
4330
4349
4331
4350
4332
4351
4333
4352
4334
4353
4335
4354
4336
4355
4337
4356
4338
4357
4339
4358
4359
4341
4360
4342
4361
4343
4362
4344
4363
4345
4364
4346
4365
4347
4366
4348
4367
4349
4368
4350
4369
4351
4370
4352
4371
4353
4372
4354
4373
4355
4374
4356
4375
4357
4376
4358
4377
4359
4378
4379
4361
4380
4362
4381
4363
4382
4364
4383
4365
4384
4366
4385
4367
4386
4368
4387
4369
4388
4370
4389
4371
4390
4372
4391
4373
4392
4374
4393
4375
4394
4376
4395
4377
4396
4378
4397
4379
4398
4399
4381
4400
4382
4401
4383
4402
4384
4403
4385
4404
4386
4405
4387
4406
4388
4407
4389
4408
4390
4409
4391
4410
4392
4411
4393
4412
4394
4413
4395
4414
4396
4415
4397
4416
4398
4417
4399
4418
4419
4401
4420
4402
4421
4403
4422
4404
4423
4405
4424
4406
4425
4407
4426
4408
4427
4409
4428
4410
4429
4411
4430
4412
4431
4413
4432
4414
4433
4415
4434
4416
4435
4417
4436
4418
4437
4419
4438
4439
4421
4440
4422
4441
4423
4442
4424
4443
4425
4444
4426
4445
4427
4446
4428
4447
4429
4448
4430
4449
4431
4450
4432
4451
4433
4452
4434
4453
4435
4454
4436
4455
4437
4456
4438
4457
4439
4458
4459
4441
4460
4442
4461
4443
4462
4444
4463
4445
4464
4446
4465
4447
4466
4448
4467
4449
4468
4450
4469
4451
4470
4452
4471
4453
4472
4454
4473
4455
4474
4456
4475
4457
4476
4458
4477
4459
4478
4479
4461
4480
4462
4481
4463
4482
4464
4483
4465
4484
4466
4485
4467
4486
4468
4487
4469
4488
4470
4489
4471
4490
4472
4491
4473
4492
4474
4493
4475
4494
4476
4495
4477
4496
4478
4497
4479
4498
4499
4481
4500
4482
4501
4483
4502
4484
4503
4485
4504
4486
4505
4487
4506
4488
4507
4489
4508
4490
4509
4491
4510
4492
4511
4493
4512
4494
4513
4495
4514
4496
4515
4497
4516
4498
4517
4499
4518
4519
4501
4520
4502
4521
4503
4522
4504
4523
4505
4524
4506
4525
4507
4526
4508
4527
4509
4528
4510
4529
4511
4530
4512
4531
4513
4532
4514
4533
4515
4534
4516
4535
4517
4536
4518
4537
4519
4538
4539
4521
4540
4522
4541
4523
4542
4524
4543
4525
4544
4526
4545
4527
4546
4528
4547
4529
4548
4530
4549
4531
4550
4532
4551
4533
4552
4534
4553
4535
4554
4536
4555
4537
4556
4538
4557
4539
4558
4559
4541
4560
4542
4561
4543
4562
4544
4563
4545
4564
4546
4565
4547
4566
4548
4567
4549
4568
4550
4569
4551
4570
4552
4571
4553
4572
4554
4573
4555
4574
4556
4575
4557
4576
4558
4577
4559
4578
4579
4561
4580
4562
4581
4563
4582
4564
4583
4565
4584
4566
4585
4567
4586
4568
4587
4569
4588
4570
4589
4571
4590
4572
4591
4573
4592
4574
4593
4575
4594
4576
4595
4577
4596
4578
4597
4579
4598
4599
4581
4600
4582
4601
4583
4602
4584
4603
4585
4604
4586
4605
4587
4606
4588
4607
4589
4608
4590
4609
4591
4610
4592
4611
4593
4612
4594
4613
4595
4614
4596
4615
4597
4616
4598
4617
4599
4618
4619
4601
4620
4602
4621
4603
4622
4604
4623
4605
4624
4606
4625
4607
4626
4608
4627
4609
4628
4610
4629
4611
4630
4612
4631
4613
4632
4614
4633
4615
4634
4616
4635
4617
4636
4618
4637
4619
4638
4639
4900
4621
4640
4622
4641
4623
4642
4624
4643
4625
4644
4626
4645
4627
4646
4628
4647
4629
4648
4630
4649
4631
4650
4632
4651
4633
4652
4634
4653
4635
4654
4636
4655
4637
4656
4638
4657
4639
4658
4659
5000
4641
4660
4642
4661
4643
4662
4644
4663
4645
4664
4646
4665
4647
4666
4648
4667
4649
4668
4650
4669
4651
4670
4652
4671
4653
4672
4654
4673
4655
4674
4656
4675
4657
4676
4658
4677
4659
4678
4679
5100
4661
4680
4662
4681
4663
4682
4664
4683
4665
4684
4666
4685
4667
4686
4668
4687
4669
4688
4670
4689
4671
4690
4672
4691
4673
4692
4674
4693
4675
4694
4676
4695
4677
4696
4678
4697
4679
4698
4699
5200
4681
4700
4682
4701
4683
4702
4684
4703
4685
4704
4686
4705
4687
4706
4688
4707
4689
4708
4690
4709
4691
4710
4692
4711
4693
4712
4694
4713
4695
4714
4696
4715
4697
4716
4698
4717
4699
4718
4719
5300
4701
4720
4702
4721
4703
4722
4704
4723
4705
4724
4706
4725
4707
4726
4708
4727
4709
4728
4710
4729
4711
4730
4712
4731
4713
4732
4714
4733
4715
4734
4716
4735
4717
4736
4718
4737
4719
4738
4739
5400
4721
4740
4722
4741
4723
4742
4724
4743
4725
4744
4726
4745
4727
4746
4728
4747
4729
4748
4730
4749
4731
4750
4732
4751
4733
4752
4734
4753
4735
4754
4736
4755
4737
4756
4738
4757
4739
4758
4759
5500
4741
4760
4742
4761
4743
4762
4744
4763
4745
4764
4746
4765
4747
4766
4748
4767
4749
4768
4750
4769
4751
4770
4752
4771
4753
4772
4754
4773
4755
4774
4756
4775
4757
4776
4758
4777
4759
4778
4779
5600
4761
4780
4762
4781
4763
4782
4764
4783
4765
4784
4766
4785
4767
4786
4768
4787
4769
4788
4770
4789
4771
4790
4772
4791
4773
4792
4774
4793
4775
4794
4776
4795
4777
4796
4778
4797
4779
4798
4799
5700
4781
4800
4782
4801
4783
4802
4784
4803
4785
4804
4786
4805
4787
4806
4788
4807
4789
4808
4790
4809
4791
4810
4792
4811
4793
4812
4794
4813
4795
4814
4796
4815
4797
4816
4798
4817
4799
4818
4819
5800
4801
4820
4802
4821
4803
4822
4804
4823
4805
4824
4806
4825
4807
4826
4808
4827
4809
4828
4810
4829
4811
4830
4812
4831
4813
4832
4814
4833
4815
4834
4816
4835
4817
4836
4818
4837
4819
4838
4839
5900
4821
4840
4822
4841
4823
4842
4824
4843
4825
4844
4826
4845
4827
4846
4828
4847
4829
4848
4830
4849
4831
4850
4832
4851
4833
4852
4834
4853
4835
4854
4836
4855
4837
4856
4838
4857
4839
4858
4859
6000
4841
4860
4842
4861
4843
4862
4844
4863
4845
4864
4846
4865
4847
4866
4848
4867
4849
4868
4850
4869
4851
4870
4852
4871
4853
4872
4854
4873
4855
4874
4856
4875
4857
4876
4858
4877
4859
4878
4879
6100
4861
4880
4862
4881
4863
4882
4864
4883
4865
4884
4866
4885
4867
4886
4868
4887
4869
4888
4870
4889
4871
4890
4872
4891
4873
4892
4874
4893
4875
4894
4876
4895
4877
4896
4878
4897
4879
4898
4899
6200
4881
4882
4883
4884
4885
4886
4887
4888
4889
4890
4891
4892
4893
4894
4895
4896
4897
4898
4899
6300
4901
5000
4902
5001
4903
5002
4904
5003
4905
5004
4906
5005
4907
5006
4908
5007
4909
5008
4910
5009
4911
5010
4912
5011
4913
5012
4914
5013
4915
5014
4916
5015
4917
5016
4918
5017
4919
5018
4920
5019
4921
5020
4922
5021
4923
5022
4924
5023
4925
5024
4926
5025
4927
5026
4928
5027
4929
5028
4930
5029
4931
5030
4932
5031
4933
5032
4934
5033
4935
5034
4936
5035
4937
5036
4938
5037
4939
5038
4940
5039
4941
5040
4942
5041
4943
5042
4944
5043
4945
5044
4946
5045
4947
5046
4948
5047
4949
5048
4950
5049
4951
5050
4952
5051
4953
5052
4954
5053
4955
5054
4956
5055
4957
5056
4958
5057
4959
5058
4960
5059
4961
5060
4962
5061
4963
5062
4964
5063
4965
5064
4966
5065
4967
5066
4968
5067
4969
5068
4970
5069
4971
5070
4972
5071
4973
5072
4974
5073
4975
5074
4976
5075
4977
5076
4978
5077
4979
5078
4980
5079
4981
5080
4982
5081
4983
5082
4984
5083
4985
5084
4986
5085
4987
5086
4988
5087
4989
5088
4990
5089
4991
5090
4992
5091
4993
5092
4994
5093
4995
5094
4996
5095
4997
5096
4998
5097
4999
5098
5099
5001
5100
5002
5101
5003
5102
5004
5103
5005
5104
5006
5105
5007
5106
5008
5107
5009
5108
5010
5109
5011
5110
5012
5111
5013
5112
5014
5113
5015
5114
5016
5115
5017
5116
5018
5117
5019
5118
5020
5119
5021
5120
5022
5121
5023
5122
5024
5123
5025
5124
5026
5125
5027
5126
5028
5127
5029
5128
5030
5129
5031
5130
5032
5131
5033
5132
5034
5133
5035
5134
5036
5135
5037
5136
5038
5137
5039
5138
5040
5139
5041
5140
5042
5141
5043
5142
5044
5143
5045
5144
5046
5145
5047
5146
5048
5147
5049
5148
5050
5149
5051
5150
5052
5151
5053
5152
5054
5153
5055
5154
5056
5155
5057
5156
5058
5157
5059
5158
5060
5159
5061
5160
5062
5161
5063
5162
5064
5163
5065
5164
5066
5165
5067
5166
5068
5167
5069
5168
5070
5169
5071
5170
5072
5171
5073
5172
5074
5173
5075
5174
5076
5175
5077
5176
5078
5177
5079
5178
5080
5179
5081
5180
5082
5181
5083
5182
5084
5183
5085
5184
5086
5185
5087
5186
5088
5187
5089
5188
5090
5189
5091
5190
5092
5191
5093
5192
5094
5193
5095
5194
5096
5195
5097
5196
5098
5197
5099
5198
5199
5101
5200
5102
5201
5103
5202
5104
5203
5105
5204
5106
5205
5107
5206
5108
5207
5109
5208
5110
5209
5111
5210
5112
5211
5113
5212
5114
5213
5115
5214
5116
5215
5117
5216
5118
5217
5119
5218
5120
5219
5121
5220
5122
5221
5123
5222
5124
5223
5125
5224
5126
5225
5127
5226
5128
5227
5129
5228
5130
5229
5131
5230
5132
5231
5133
5232
5134
5233
5135
5234
5136
5235
5137
5236
5138
5237
5139
5238
5140
5239
5141
5240
5142
5241
5143
5242
5144
5243
5145
5244
5146
5245
5147
5246
5148
5247
5149
5248
5150
5249
5151
5250
5152
5251
5153
5252
5154
5253
5155
5254
5156
5255
5157
5256
5158
5257
5159
5258
5160
5259
5161
5260
5162
5261
5163
5262
5164
5263
5165
5264
5166
5265
5167
5266
5168
5267
5169
5268
5170
5269
5171
5270
5172
5271
5173
5272
5174
5273
5175
5274
5176
5275
5177
5276
5178
5277
5179
5278
5180
5279
5181
5280
5182
5281
5183
5282
5184
5283
5185
5284
5186
5285
5187
5286
5188
5287
5189
5288
5190
5289
5191
5290
5192
5291
5193
5292
5194
5293
5195
5294
5196
5295
5197
5296
5198
5297
5199
5298
5299
5201
5300
5202
5301
5203
5302
5204
5303
5205
5304
5206
5305
5207
5306
5208
5307
5209
5308
5210
5309
5211
5310
5212
5311
5213
5312
5214
5313
5215
5314
5216
5315
5217
5316
5218
5317
5219
5318
5220
5319
5221
5320
5222
5321
5223
5322
5224
5323
5225
5324
5226
5325
5227
5326
5228
5327
5229
5328
5230
5329
5231
5330
5232
5331
5233
5332
5234
5333
5235
5334
5236
5335
5237
5336
5238
5337
5239
5338
5240
5339
5241
5340
5242
5341
5243
5342
5244
5343
5245
5344
5246
5345
5247
5346
5248
5347
5249
5348
5250
5349
5251
5350
5252
5351
5253
5352
5254
5353
5255
5354
5256
5355
5257
5356
5258
5357
5259
5358
5260
5359
5261
5360
5262
5361
5263
5362
5264
5363
5265
5364
5266
5365
5267
5366
5268
5367
5269
5368
5270
5369
5271
5370
5272
5371
5273
5372
5274
5373
5275
5374
5276
5375
5277
5376
5278
5377
5279
5378
5280
5379
5281
5380
5282
5381
5283
5382
5284
5383
5285
5384
5286
5385
5287
5386
5288
5387
5289
5388
5290
5389
5291
5390
5292
5391
5293
5392
5294
5393
5295
5394
5296
5395
5297
5396
5298
5397
5299
5398
5399
5301
5400
5302
5401
5303
5402
5304
5403
5305
5404
5306
5405
5307
5406
5308
5407
5309
5408
5310
5409
5311
5410
5312
5411
5313
5412
5314
5413
5315
5414
5316
5415
5317
5416
5318
5417
5319
5418
5320
5419
5321
5420
5322
5421
5323
5422
5324
5423
5325
5424
5326
5425
5327
5426
5328
5427
5329
5428
5330
5429
5331
5430
5332
5431
5333
5432
5334
5433
5335
5434
5336
5435
5337
5436
5338
5437
5339
5438
5340
5439
5341
5440
5342
5441
5343
5442
5344
5443
5345
5444
5346
5445
5347
5446
5348
5447
5349
5448
5350
5449
5351
5450
5352
5451
5353
5452
5354
5453
5355
5454
5356
5455
5357
5456
5358
5457
5359
5458
5360
5459
5361
5460
5362
5461
5363
5462
5364
5463
5365
5464
5366
5465
5367
5466
5368
5467
5369
5468
5370
5469
5371
5470
5372
5471
5373
5472
5374
5473
5375
5474
5376
5475
5377
5476
5378
5477
5379
5478
5380
5479
5381
5480
5382
5481
5383
5482
5384
5483
5385
5484
5386
5485
5387
5486
5388
5487
5389
5488
5390
5489
5391
5490
5392
5491
5393
5492
5394
5493
5395
5494
5396
5495
5397
5496
5398
5497
5399
5498
5499
5401
5500
5402
5501
5403
5502
5404
5503
5405
5504
5406
5505
5407
5506
5408
5507
5409
5508
5410
5509
5411
5510
5412
5511
5413
5512
5414
5513
5415
5514
5416
5515
5417
5516
5418
5517
5419
5518
5420
5519
5421
5520
5422
5521
5423
5522
5424
5523
5425
5524
5426
5525
5427
5526
5428
5527
5429
5528
5430
5529
5431
5530
5432
5531
5433
5532
5434
5533
5435
5534
5436
5535
5437
5536
5438
5537
5439
5538
5440
5539
5441
5540
5442
5541
5443
5542
5444
5543
5445
5544
5446
5545
5447
5546
5448
5547
5449
5548
5450
5549
5451
5550
5452
5551
5453
5552
5454
5553
5455
5554
5456
5555
5457
5556
5458
5557
5459
5558
5460
5559
5461
5560
5462
5561
5463
5562
5464
5563
5465
5564
5466
5565
5467
5566
5468
5567
5469
5568
5470
5569
5471
5570
5472
5571
5473
5572
5474
5573
5475
5574
5476
5575
5477
5576
5478
5577
5479
5578
5480
5579
5481
5580
5482
5581
5483
5582
5484
5583
5485
5584
5486
5585
5487
5586
5488
5587
5489
5588
5490
5589
5491
5590
5492
5591
5493
5592
5494
5593
5495
5594
5496
5595
5497
5596
5498
5597
5499
5598
5599
5501
5600
5502
5601
5503
5602
5504
5603
5505
5604
5506
5605
5507
5606
5508
5607
5509
5608
5510
5609
5511
5610
5512
5611
5513
5612
5514
5613
5515
5614
5516
5615
5517
5616
5518
5617
5519
5618
5520
5619
5521
5620
5522
5621
5523
5622
5524
5623
5525
5624
5526
5625
5527
5626
5528
5627
5529
5628
5530
5629
5531
5630
5532
5631
5533
5632
5534
5633
5535
5634
5536
5635
5537
5636
5538
5637
5539
5638
5540
5639
5541
5640
5542
5641
5543
5642
5544
5643
5545
5644
5546
5645
5547
5646
5548
5647
5549
5648
5550
5649
5551
5650
5552
5651
5553
5652
5554
5653
5555
5654
5556
5655
5557
5656
5558
5657
5559
5658
5560
5659
5561
5660
5562
5661
5563
5662
5564
5663
5565
5664
5566
5665
5567
5666
5568
5667
5569
5668
5570
5669
5571
5670
5572
5671
5573
5672
5574
5673
5575
5674
5576
5675
5577
5676
5578
5677
5579
5678
5580
5679
5581
5680
5582
5681
5583
5682
5584
5683
5585
5684
5586
5685
5587
5686
5588
5687
5589
5688
5590
5689
5591
5690
5592
5691
5593
5692
5594
5693
5595
5694
5596
5695
5597
5696
5598
5697
5599
5698
5699
5601
5700
5602
5701
5603
5702
5604
5703
5605
5704
5606
5705
5607
5706
5608
5707
5609
5708
5610
5709
5611
5710
5612
5711
5613
5712
5614
5713
5615
5714
5616
5715
5617
5716
5618
5717
5619
5718
5620
5719
5621
5720
5622
5721
5623
5722
5624
5723
5625
5724
5626
5725
5627
5726
5628
5727
5629
5728
5630
5729
5631
5730
5632
5731
5633
5732
5634
5733
5635
5734
5636
5735
5637
5736
5638
5737
5639
5738
5640
5739
5641
5740
5642
5741
5643
5742
5644
5743
5645
5744
5646
5745
5647
5746
5648
5747
5649
5748
5650
5749
5651
5750
5652
5751
5653
5752
5654
5753
5655
5754
5656
5755
5657
5756
5658
5757
5659
5758
5660
5759
5661
5760
5662
5761
5663
5762
5664
5763
5665
5764
5666
5765
5667
5766
5668
5767
5669
5768
5670
5769
5671
5770
5672
5771
5673
5772
5674
5773
5675
5774
5676
5775
5677
5776
5678
5777
5679
5778
5680
5779
5681
5780
5682
5781
5683
5782
5684
5783
5685
5784
5686
5785
5687
5786
5688
5787
5689
5788
5690
5789
5691
5790
5692
5791
5693
5792
5694
5793
5695
5794
5696
5795
5697
5796
5698
5797
5699
5798
5799
5701
5800
5702
5801
5703
5802
5704
5803
5705
5804
5706
5805
5707
5806
5708
5807
5709
5808
5710
5809
5711
5810
5712
5811
5713
5812
5714
5813
5715
5814
5716
5815
5717
5816
5718
5817
5719
5818
5720
5819
5721
5820
5722
5821
5723
5822
5724
5823
5725
5824
5726
5825
5727
5826
5728
5827
5729
5828
5730
5829
5731
5830
5732
5831
5733
5832
5734
5833
5735
5834
5736
5835
5737
5836
5738
5837
5739
5838
5740
5839
5741
5840
5742
5841
5743
5842
5744
5843
5745
5844
5746
5845
5747
5846
5748
5847
5749
5848
5750
5849
5751
5850
5752
5851
5753
5852
5754
5853
5755
5854
5756
5855
5757
5856
5758
5857
5759
5858
5760
5859
5761
5860
5762
5861
5763
5862
5764
5863
5765
5864
5766
5865
5767
5866
5768
5867
5769
5868
5770
5869
5771
5870
5772
5871
5773
5872
5774
5873
5775
5874
5776
5875
5777
5876
5778
5877
5779
5878
5780
5879
5781
5880
5782
5881
5783
5882
5784
5883
5785
5884
5786
5885
5787
5886
5788
5887
5789
5888
5790
5889
5791
5890
5792
5891
5793
5892
5794
5893
5795
5894
5796
5895
5797
5896
5798
5897
5799
5898
5899
5801
5900
5802
5901
5803
5902
5804
5903
5805
5904
5806
5905
5807
5906
5808
5907
5809
5908
5810
5909
5811
5910
5812
5911
5813
5912
5814
5913
5815
5914
5816
5915
5817
5916
5818
5917
5819
5918
5820
5919
5821
5920
5822
5921
5823
5922
5824
5923
5825
5924
5826
5925
5827
5926
5828
5927
5829
5928
5830
5929
5831
5930
5832
5931
5833
5932
5834
5933
5835
5934
5836
5935
5837
5936
5838
5937
5839
5938
5840
5939
5841
5940
5842
5941
5843
5942
5844
5943
5845
5944
5846
5945
5847
5946
5848
5947
5849
5948
5850
5949
5851
5950
5852
5951
5853
5952
5854
5953
5855
5954
5856
5955
5857
5956
5858
5957
5859
5958
5860
5959
5861
5960
5862
5961
5863
5962
5864
5963
5865
5964
5866
5965
5867
5966
5868
5967
5869
5968
5870
5969
5871
5970
5872
5971
5873
5972
5874
5973
5875
5974
5876
5975
5877
5976
5878
5977
5879
5978
5880
5979
5881
5980
5882
5981
5883
5982
5884
5983
5885
5984
5886
5985
5887
5986
5888
5987
5889
5988
5890
5989
5891
5990
5892
5991
5893
5992
5894
5993
5895
5994
5896
5995
5897
5996
5898
5997
5899
5998
5999
5901
6000
5902
6001
5903
6002
5904
6003
5905
6004
5906
6005
5907
6006
5908
6007
5909
6008
5910
6009
5911
6010
5912
6011
5913
6012
5914
6013
5915
6014
5916
6015
5917
6016
5918
6017
5919
6018
5920
6019
5921
6020
5922
6021
5923
6022
5924
6023
5925
6024
5926
6025
5927
6026
5928
6027
5929
6028
5930
6029
5931
6030
5932
6031
5933
6032
5934
6033
5935
6034
5936
6035
5937
6036
5938
6037
5939
6038
5940
6039
5941
6040
5942
6041
5943
6042
5944
6043
5945
6044
5946
6045
5947
6046
5948
6047
5949
6048
5950
6049
5951
6050
5952
6051
5953
6052
5954
6053
5955
6054
5956
6055
5957
6056
5958
6057
5959
6058
5960
6059
5961
6060
5962
6061
5963
6062
5964
6063
5965
6064
5966
6065
5967
6066
5968
6067
5969
6068
5970
6069
5971
6070
5972
6071
5973
6072
5974
6073
5975
6074
5976
6075
5977
6076
5978
6077
5979
6078
5980
6079
5981
6080
5982
6081
5983
6082
5984
6083
5985
6084
5986
6085
5987
6086
5988
6087
5989
6088
5990
6089
5991
6090
5992
6091
5993
6092
5994
6093
5995
6094
5996
6095
5997
6096
5998
6097
5999
6098
6099
6001
6100
6002
6101
6003
6102
6004
6103
6005
6104
6006
6105
6007
6106
6008
6107
6009
6108
6010
6109
6011
6110
6012
6111
6013
6112
6014
6113
6015
6114
6016
6115
6017
6116
6018
6117
6019
6118
6020
6119
6021
6120
6022
6121
6023
6122
6024
6123
6025
6124
6026
6125
6027
6126
6028
6127
6029
6128
6030
6129
6031
6130
6032
6131
6033
6132
6034
6133
6035
6134
6036
6135
6037
6136
6038
6137
6039
6138
6040
6139
6041
6140
6042
6141
6043
6142
6044
6143
6045
6144
6046
6145
6047
6146
6048
6147
6049
6148
6050
6149
6051
6150
6052
6151
6053
6152
6054
6153
6055
6154
6056
6155
6057
6156
6058
6157
6059
6158
6060
6159
6061
6160
6062
6161
6063
6162
6064
6163
6065
6164
6066
6165
6067
6166
6068
6167
6069
6168
6070
6169
6071
6170
6072
6171
6073
6172
6074
6173
6075
6174
6076
6175
6077
6176
6078
6177
6079
6178
6080
6179
6081
6180
6082
6181
6083
6182
6084
6183
6085
6184
6086
6185
6087
6186
6088
6187
6089
6188
6090
6189
6091
6190
6092
6191
6093
6192
6094
6193
6095
6194
6096
6195
6097
6196
6098
6197
6099
6198
6199
6101
6200
6102
6201
6103
6202
6104
6203
6105
6204
6106
6205
6107
6206
6108
6207
6109
6208
6110
6209
6111
6210
6112
6211
6113
6212
6114
6213
6115
6214
6116
6215
6117
6216
6118
6217
6119
6218
6120
6219
6121
6220
6122
6221
6123
6222
6124
6223
6125
6224
6126
6225
6127
6226
6128
6227
6129
6228
6130
6229
6131
6230
6132
6231
6133
6232
6134
6233
6135
6234
6136
6235
6137
6236
6138
6237
6139
6238
6140
6239
6141
6240
6142
6241
6143
6242
6144
6243
6145
6244
6146
6245
6147
6246
6148
6247
6149
6248
6150
6249
6151
6250
6152
6251
6153
6252
6154
6253
6155
6254
6156
6255
6157
6256
6158
6257
6159
6258
6160
6259
6161
6260
6162
6261
6163
6262
6164
6263
6165
6264
6166
6265
6167
6266
6168
6267
6169
6268
6170
6269
6171
6270
6172
6271
6173
6272
6174
6273
6175
6274
6176
6275
6177
6276
6178
6277
6179
6278
6180
6279
6181
6280
6182
6281
6183
6282
6184
6283
6185
6284
6186
6285
6187
6286
6188
6287
6189
6288
6190
6289
6191
6290
6192
6291
6193
6292
6194
6293
6195
6294
6196
6295
6197
6296
6198
6297
6199
6298
6299
6201
6300
6202
6301
6203
6302
6204
6303
6205
6304
6206
6305
6207
6306
6208
6307
6209
6308
6210
6309
6211
6310
6212
6311
6213
6312
6214
6313
6215
6314
6216
6315
6217
6316
6218
6317
6219
6318
6220
6319
6221
6320
6222
6321
6223
6322
6224
6323
6225
6324
6226
6325
6227
6326
6228
6327
6229
6328
6230
6329
6231
6330
6232
6331
6233
6332
6234
6333
6235
6334
6236
6335
6237
6336
6238
6337
6239
6338
6240
6339
6241
6340
6242
6341
6243
6342
6244
6343
6245
6344
6246
6345
6247
6346
6248
6347
6249
6348
6250
6349
6251
6350
6252
6351
6253
6352
6254
6353
6255
6354
6256
6355
6257
6356
6258
6357
6259
6358
6260
6359
6261
6360
6262
6361
6263
6362
6264
6363
6265
6364
6266
6365
6267
6366
6268
6367
6269
6368
6270
6369
6271
6370
6272
6371
6273
6372
6274
6373
6275
6374
6276
6375
6277
6376
6278
6377
6279
6378
6280
6379
6281
6380
6282
6381
6283
6382
6284
6383
6285
6384
6286
6385
6287
6386
6288
6387
6289
6388
6290
6389
6291
6390
6292
6391
6293
6392
6294
6393
6295
6394
6296
6395
6297
6396
6298
6397
6299
6398
6399
6301
6302
6303
6304
6305
6306
6307
6308
6309
6310
6311
6312
6313
6314
6315
6316
6317
6318
6319
6320
6321
6322
6323
6324
6325
6326
6327
6328
6329
6330
6331
6332
6333
6334
6335
6336
6337
6338
6339
6340
6341
6342
6343
6344
6345
6346
6347
6348
6349
6350
6351
6352
6353
6354
6355
6356
6357
6358
6359
6360
6361
6362
6363
6364
6365
6366
6367
6368
6369
6370
6371
6372
6373
6374
6375
6376
6377
6378
6379
6380
6381
6382
6383
6384
6385
6386
6387
6388
6389
6390
6391
6392
6393
6394
6395
6396
6397
6398
6399
)


// ************************************************************************* //
