/*--------------------------------*- C++ -*----------------------------------*\
| =========                 |                                                 |
| \\      /  F ield         | OpenFOAM: The Open Source CFD Toolbox           |
|  \\    /   O peration     | Version:  5.x                                   |
|   \\  /    A nd           | Web:      www.OpenFOAM.org                      |
|    \\/     M anipulation  |                                                 |
\*---------------------------------------------------------------------------*/
FoamFile
{
    version     2.0;
    format      ascii;
    class       vectorField;
    location    "constant/polyMesh";
    object      points;
}
// * * * * * * * * * * * * * * * * * * * * * * * * * * * * * * * * * * * * * //


3350
(
(-3 -5 0)
(-2.770710678 -5 0)
(-2.541421356 -5 0)
(-2.312132034 -5 0)
(-2.082842712 -5 0)
(-1.85355339 -5 0)
(-1.624264068 -5 0)
(-1.394974746 -5 0)
(-1.165685424 -5 0)
(-0.936396102 -5 0)
(-0.70710678 -5 0)
(-3 -4.570710678 0)
(-2.770710678 -4.570710678 0)
(-2.541421356 -4.570710678 0)
(-2.312132034 -4.570710678 0)
(-2.082842712 -4.570710678 0)
(-1.85355339 -4.570710678 0)
(-1.624264068 -4.570710678 0)
(-1.394974746 -4.570710678 0)
(-1.165685424 -4.570710678 0)
(-0.936396102 -4.570710678 0)
(-0.70710678 -4.570710678 0)
(-3 -4.141421356 0)
(-2.770710678 -4.141421356 0)
(-2.541421356 -4.141421356 0)
(-2.312132034 -4.141421356 0)
(-2.082842712 -4.141421356 0)
(-1.85355339 -4.141421356 0)
(-1.624264068 -4.141421356 0)
(-1.394974746 -4.141421356 0)
(-1.165685424 -4.141421356 0)
(-0.936396102 -4.141421356 0)
(-0.70710678 -4.141421356 0)
(-3 -3.712132034 0)
(-2.770710678 -3.712132034 0)
(-2.541421356 -3.712132034 0)
(-2.312132034 -3.712132034 0)
(-2.082842712 -3.712132034 0)
(-1.85355339 -3.712132034 0)
(-1.624264068 -3.712132034 0)
(-1.394974746 -3.712132034 0)
(-1.165685424 -3.712132034 0)
(-0.936396102 -3.712132034 0)
(-0.70710678 -3.712132034 0)
(-3 -3.282842712 0)
(-2.770710678 -3.282842712 0)
(-2.541421356 -3.282842712 0)
(-2.312132034 -3.282842712 0)
(-2.082842712 -3.282842712 0)
(-1.85355339 -3.282842712 0)
(-1.624264068 -3.282842712 0)
(-1.394974746 -3.282842712 0)
(-1.165685424 -3.282842712 0)
(-0.936396102 -3.282842712 0)
(-0.70710678 -3.282842712 0)
(-3 -2.85355339 0)
(-2.770710678 -2.85355339 0)
(-2.541421356 -2.85355339 0)
(-2.312132034 -2.85355339 0)
(-2.082842712 -2.85355339 0)
(-1.85355339 -2.85355339 0)
(-1.624264068 -2.85355339 0)
(-1.394974746 -2.85355339 0)
(-1.165685424 -2.85355339 0)
(-0.936396102 -2.85355339 0)
(-0.70710678 -2.85355339 0)
(-3 -2.424264068 0)
(-2.770710678 -2.424264068 0)
(-2.541421356 -2.424264068 0)
(-2.312132034 -2.424264068 0)
(-2.082842712 -2.424264068 0)
(-1.85355339 -2.424264068 0)
(-1.624264068 -2.424264068 0)
(-1.394974746 -2.424264068 0)
(-1.165685424 -2.424264068 0)
(-0.936396102 -2.424264068 0)
(-0.70710678 -2.424264068 0)
(-3 -1.994974746 0)
(-2.770710678 -1.994974746 0)
(-2.541421356 -1.994974746 0)
(-2.312132034 -1.994974746 0)
(-2.082842712 -1.994974746 0)
(-1.85355339 -1.994974746 0)
(-1.624264068 -1.994974746 0)
(-1.394974746 -1.994974746 0)
(-1.165685424 -1.994974746 0)
(-0.936396102 -1.994974746 0)
(-0.70710678 -1.994974746 0)
(-3 -1.565685424 0)
(-2.770710678 -1.565685424 0)
(-2.541421356 -1.565685424 0)
(-2.312132034 -1.565685424 0)
(-2.082842712 -1.565685424 0)
(-1.85355339 -1.565685424 0)
(-1.624264068 -1.565685424 0)
(-1.394974746 -1.565685424 0)
(-1.165685424 -1.565685424 0)
(-0.936396102 -1.565685424 0)
(-0.70710678 -1.565685424 0)
(-3 -1.136396102 0)
(-2.770710678 -1.136396102 0)
(-2.541421356 -1.136396102 0)
(-2.312132034 -1.136396102 0)
(-2.082842712 -1.136396102 0)
(-1.85355339 -1.136396102 0)
(-1.624264068 -1.136396102 0)
(-1.394974746 -1.136396102 0)
(-1.165685424 -1.136396102 0)
(-0.936396102 -1.136396102 0)
(-0.70710678 -1.136396102 0)
(-3 -0.70710678 0)
(-2.770710678 -0.70710678 0)
(-2.541421356 -0.70710678 0)
(-2.312132034 -0.70710678 0)
(-2.082842712 -0.70710678 0)
(-1.85355339 -0.70710678 0)
(-1.624264068 -0.70710678 0)
(-1.394974746 -0.70710678 0)
(-1.165685424 -0.70710678 0)
(-0.936396102 -0.70710678 0)
(-0.70710678 -0.70710678 0)
(-3 -5 0.1)
(-2.770710678 -5 0.1)
(-2.541421356 -5 0.1)
(-2.312132034 -5 0.1)
(-2.082842712 -5 0.1)
(-1.85355339 -5 0.1)
(-1.624264068 -5 0.1)
(-1.394974746 -5 0.1)
(-1.165685424 -5 0.1)
(-0.936396102 -5 0.1)
(-0.70710678 -5 0.1)
(-3 -4.570710678 0.1)
(-2.770710678 -4.570710678 0.1)
(-2.541421356 -4.570710678 0.1)
(-2.312132034 -4.570710678 0.1)
(-2.082842712 -4.570710678 0.1)
(-1.85355339 -4.570710678 0.1)
(-1.624264068 -4.570710678 0.1)
(-1.394974746 -4.570710678 0.1)
(-1.165685424 -4.570710678 0.1)
(-0.936396102 -4.570710678 0.1)
(-0.70710678 -4.570710678 0.1)
(-3 -4.141421356 0.1)
(-2.770710678 -4.141421356 0.1)
(-2.541421356 -4.141421356 0.1)
(-2.312132034 -4.141421356 0.1)
(-2.082842712 -4.141421356 0.1)
(-1.85355339 -4.141421356 0.1)
(-1.624264068 -4.141421356 0.1)
(-1.394974746 -4.141421356 0.1)
(-1.165685424 -4.141421356 0.1)
(-0.936396102 -4.141421356 0.1)
(-0.70710678 -4.141421356 0.1)
(-3 -3.712132034 0.1)
(-2.770710678 -3.712132034 0.1)
(-2.541421356 -3.712132034 0.1)
(-2.312132034 -3.712132034 0.1)
(-2.082842712 -3.712132034 0.1)
(-1.85355339 -3.712132034 0.1)
(-1.624264068 -3.712132034 0.1)
(-1.394974746 -3.712132034 0.1)
(-1.165685424 -3.712132034 0.1)
(-0.936396102 -3.712132034 0.1)
(-0.70710678 -3.712132034 0.1)
(-3 -3.282842712 0.1)
(-2.770710678 -3.282842712 0.1)
(-2.541421356 -3.282842712 0.1)
(-2.312132034 -3.282842712 0.1)
(-2.082842712 -3.282842712 0.1)
(-1.85355339 -3.282842712 0.1)
(-1.624264068 -3.282842712 0.1)
(-1.394974746 -3.282842712 0.1)
(-1.165685424 -3.282842712 0.1)
(-0.936396102 -3.282842712 0.1)
(-0.70710678 -3.282842712 0.1)
(-3 -2.85355339 0.1)
(-2.770710678 -2.85355339 0.1)
(-2.541421356 -2.85355339 0.1)
(-2.312132034 -2.85355339 0.1)
(-2.082842712 -2.85355339 0.1)
(-1.85355339 -2.85355339 0.1)
(-1.624264068 -2.85355339 0.1)
(-1.394974746 -2.85355339 0.1)
(-1.165685424 -2.85355339 0.1)
(-0.936396102 -2.85355339 0.1)
(-0.70710678 -2.85355339 0.1)
(-3 -2.424264068 0.1)
(-2.770710678 -2.424264068 0.1)
(-2.541421356 -2.424264068 0.1)
(-2.312132034 -2.424264068 0.1)
(-2.082842712 -2.424264068 0.1)
(-1.85355339 -2.424264068 0.1)
(-1.624264068 -2.424264068 0.1)
(-1.394974746 -2.424264068 0.1)
(-1.165685424 -2.424264068 0.1)
(-0.936396102 -2.424264068 0.1)
(-0.70710678 -2.424264068 0.1)
(-3 -1.994974746 0.1)
(-2.770710678 -1.994974746 0.1)
(-2.541421356 -1.994974746 0.1)
(-2.312132034 -1.994974746 0.1)
(-2.082842712 -1.994974746 0.1)
(-1.85355339 -1.994974746 0.1)
(-1.624264068 -1.994974746 0.1)
(-1.394974746 -1.994974746 0.1)
(-1.165685424 -1.994974746 0.1)
(-0.936396102 -1.994974746 0.1)
(-0.70710678 -1.994974746 0.1)
(-3 -1.565685424 0.1)
(-2.770710678 -1.565685424 0.1)
(-2.541421356 -1.565685424 0.1)
(-2.312132034 -1.565685424 0.1)
(-2.082842712 -1.565685424 0.1)
(-1.85355339 -1.565685424 0.1)
(-1.624264068 -1.565685424 0.1)
(-1.394974746 -1.565685424 0.1)
(-1.165685424 -1.565685424 0.1)
(-0.936396102 -1.565685424 0.1)
(-0.70710678 -1.565685424 0.1)
(-3 -1.136396102 0.1)
(-2.770710678 -1.136396102 0.1)
(-2.541421356 -1.136396102 0.1)
(-2.312132034 -1.136396102 0.1)
(-2.082842712 -1.136396102 0.1)
(-1.85355339 -1.136396102 0.1)
(-1.624264068 -1.136396102 0.1)
(-1.394974746 -1.136396102 0.1)
(-1.165685424 -1.136396102 0.1)
(-0.936396102 -1.136396102 0.1)
(-0.70710678 -1.136396102 0.1)
(-3 -0.70710678 0.1)
(-2.770710678 -0.70710678 0.1)
(-2.541421356 -0.70710678 0.1)
(-2.312132034 -0.70710678 0.1)
(-2.082842712 -0.70710678 0.1)
(-1.85355339 -0.70710678 0.1)
(-1.624264068 -0.70710678 0.1)
(-1.394974746 -0.70710678 0.1)
(-1.165685424 -0.70710678 0.1)
(-0.936396102 -0.70710678 0.1)
(-0.70710678 -0.70710678 0.1)
(-0.47140452 -5 0)
(-0.23570226 -5 0)
(0 -5 0)
(0.23570226 -5 0)
(0.47140452 -5 0)
(0.70710678 -5 0)
(-0.4742640679 -4.58660254 0)
(-0.2380139385 -4.596592583 0)
(0 -4.6 0)
(0.2380139385 -4.596592583 0)
(0.4742640679 -4.58660254 0)
(0.70710678 -4.570710678 0)
(-0.4771236159 -4.173205081 0)
(-0.240325617 -4.193185165 0)
(0 -4.2 0)
(0.240325617 -4.193185165 0)
(0.4771236159 -4.173205081 0)
(0.70710678 -4.141421356 0)
(-0.4799831638 -3.759807621 0)
(-0.2426372955 -3.789777748 0)
(0 -3.8 0)
(0.2426372955 -3.789777748 0)
(0.4799831638 -3.759807621 0)
(0.70710678 -3.712132034 0)
(-0.4828427118 -3.346410161 0)
(-0.244948974 -3.38637033 0)
(0 -3.4 0)
(0.244948974 -3.38637033 0)
(0.4828427118 -3.346410161 0)
(0.70710678 -3.282842712 0)
(-0.4857022597 -2.933012702 0)
(-0.2472606525 -2.982962913 0)
(0 -3 0)
(0.2472606525 -2.982962913 0)
(0.4857022597 -2.933012702 0)
(0.70710678 -2.85355339 0)
(-0.4885618077 -2.519615242 0)
(-0.249572331 -2.579555496 0)
(0 -2.6 0)
(0.249572331 -2.579555496 0)
(0.4885618077 -2.519615242 0)
(0.70710678 -2.424264068 0)
(-0.4914213556 -2.106217782 0)
(-0.2518840094 -2.176148078 0)
(0 -2.2 0)
(0.2518840094 -2.176148078 0)
(0.4914213556 -2.106217782 0)
(0.70710678 -1.994974746 0)
(-0.4942809036 -1.692820323 0)
(-0.2541956879 -1.772740661 0)
(0 -1.8 0)
(0.2541956879 -1.772740661 0)
(0.4942809036 -1.692820323 0)
(0.70710678 -1.565685424 0)
(-0.4971404515 -1.279422863 0)
(-0.2565073664 -1.369333244 0)
(0 -1.4 0)
(0.2565073664 -1.369333244 0)
(0.4971404515 -1.279422863 0)
(0.70710678 -1.136396102 0)
(-0.4999999995 -0.8660254032 0)
(-0.2588190449 -0.9659258261 0)
(0 -1 0)
(0.2588190449 -0.9659258261 0)
(0.4999999995 -0.8660254032 0)
(0.70710678 -0.70710678 0)
(-0.47140452 -5 0.1)
(-0.23570226 -5 0.1)
(0 -5 0.1)
(0.23570226 -5 0.1)
(0.47140452 -5 0.1)
(0.70710678 -5 0.1)
(-0.4742640679 -4.58660254 0.1)
(-0.2380139385 -4.596592583 0.1)
(0 -4.6 0.1)
(0.2380139385 -4.596592583 0.1)
(0.4742640679 -4.58660254 0.1)
(0.70710678 -4.570710678 0.1)
(-0.4771236159 -4.173205081 0.1)
(-0.240325617 -4.193185165 0.1)
(0 -4.2 0.1)
(0.240325617 -4.193185165 0.1)
(0.4771236159 -4.173205081 0.1)
(0.70710678 -4.141421356 0.1)
(-0.4799831638 -3.759807621 0.1)
(-0.2426372955 -3.789777748 0.1)
(0 -3.8 0.1)
(0.2426372955 -3.789777748 0.1)
(0.4799831638 -3.759807621 0.1)
(0.70710678 -3.712132034 0.1)
(-0.4828427118 -3.346410161 0.1)
(-0.244948974 -3.38637033 0.1)
(0 -3.4 0.1)
(0.244948974 -3.38637033 0.1)
(0.4828427118 -3.346410161 0.1)
(0.70710678 -3.282842712 0.1)
(-0.4857022597 -2.933012702 0.1)
(-0.2472606525 -2.982962913 0.1)
(0 -3 0.1)
(0.2472606525 -2.982962913 0.1)
(0.4857022597 -2.933012702 0.1)
(0.70710678 -2.85355339 0.1)
(-0.4885618077 -2.519615242 0.1)
(-0.249572331 -2.579555496 0.1)
(0 -2.6 0.1)
(0.249572331 -2.579555496 0.1)
(0.4885618077 -2.519615242 0.1)
(0.70710678 -2.424264068 0.1)
(-0.4914213556 -2.106217782 0.1)
(-0.2518840094 -2.176148078 0.1)
(0 -2.2 0.1)
(0.2518840094 -2.176148078 0.1)
(0.4914213556 -2.106217782 0.1)
(0.70710678 -1.994974746 0.1)
(-0.4942809036 -1.692820323 0.1)
(-0.2541956879 -1.772740661 0.1)
(0 -1.8 0.1)
(0.2541956879 -1.772740661 0.1)
(0.4942809036 -1.692820323 0.1)
(0.70710678 -1.565685424 0.1)
(-0.4971404515 -1.279422863 0.1)
(-0.2565073664 -1.369333244 0.1)
(0 -1.4 0.1)
(0.2565073664 -1.369333244 0.1)
(0.4971404515 -1.279422863 0.1)
(0.70710678 -1.136396102 0.1)
(-0.4999999995 -0.8660254032 0.1)
(-0.2588190449 -0.9659258261 0.1)
(0 -1 0.1)
(0.2588190449 -0.9659258261 0.1)
(0.4999999995 -0.8660254032 0.1)
(0.70710678 -0.70710678 0.1)
(0.9136155182 -5 0)
(1.120124256 -5 0)
(1.326632995 -5 0)
(1.533141733 -5 0)
(1.739650471 -5 0)
(1.946159209 -5 0)
(2.152667948 -5 0)
(2.359176686 -5 0)
(2.565685424 -5 0)
(2.772194162 -5 0)
(2.9787029 -5 0)
(3.185211639 -5 0)
(3.391720377 -5 0)
(3.598229115 -5 0)
(3.804737853 -5 0)
(4.011246592 -5 0)
(4.21775533 -5 0)
(4.424264068 -5 0)
(4.630772806 -5 0)
(4.837281544 -5 0)
(5.043790283 -5 0)
(5.250299021 -5 0)
(5.456807759 -5 0)
(5.663316497 -5 0)
(5.869825236 -5 0)
(6.076333974 -5 0)
(6.282842712 -5 0)
(6.48935145 -5 0)
(6.695860188 -5 0)
(6.902368927 -5 0)
(7.108877665 -5 0)
(7.315386403 -5 0)
(7.521895141 -5 0)
(7.72840388 -5 0)
(7.934912618 -5 0)
(8.141421356 -5 0)
(8.347930094 -5 0)
(8.554438832 -5 0)
(8.760947571 -5 0)
(8.967456309 -5 0)
(9.173965047 -5 0)
(9.380473785 -5 0)
(9.586982524 -5 0)
(9.793491262 -5 0)
(10 -5 0)
(0.9136155182 -4.570710678 0)
(1.120124256 -4.570710678 0)
(1.326632995 -4.570710678 0)
(1.533141733 -4.570710678 0)
(1.739650471 -4.570710678 0)
(1.946159209 -4.570710678 0)
(2.152667948 -4.570710678 0)
(2.359176686 -4.570710678 0)
(2.565685424 -4.570710678 0)
(2.772194162 -4.570710678 0)
(2.9787029 -4.570710678 0)
(3.185211639 -4.570710678 0)
(3.391720377 -4.570710678 0)
(3.598229115 -4.570710678 0)
(3.804737853 -4.570710678 0)
(4.011246592 -4.570710678 0)
(4.21775533 -4.570710678 0)
(4.424264068 -4.570710678 0)
(4.630772806 -4.570710678 0)
(4.837281544 -4.570710678 0)
(5.043790283 -4.570710678 0)
(5.250299021 -4.570710678 0)
(5.456807759 -4.570710678 0)
(5.663316497 -4.570710678 0)
(5.869825236 -4.570710678 0)
(6.076333974 -4.570710678 0)
(6.282842712 -4.570710678 0)
(6.48935145 -4.570710678 0)
(6.695860188 -4.570710678 0)
(6.902368927 -4.570710678 0)
(7.108877665 -4.570710678 0)
(7.315386403 -4.570710678 0)
(7.521895141 -4.570710678 0)
(7.72840388 -4.570710678 0)
(7.934912618 -4.570710678 0)
(8.141421356 -4.570710678 0)
(8.347930094 -4.570710678 0)
(8.554438832 -4.570710678 0)
(8.760947571 -4.570710678 0)
(8.967456309 -4.570710678 0)
(9.173965047 -4.570710678 0)
(9.380473785 -4.570710678 0)
(9.586982524 -4.570710678 0)
(9.793491262 -4.570710678 0)
(10 -4.570710678 0)
(0.9136155182 -4.141421356 0)
(1.120124256 -4.141421356 0)
(1.326632995 -4.141421356 0)
(1.533141733 -4.141421356 0)
(1.739650471 -4.141421356 0)
(1.946159209 -4.141421356 0)
(2.152667948 -4.141421356 0)
(2.359176686 -4.141421356 0)
(2.565685424 -4.141421356 0)
(2.772194162 -4.141421356 0)
(2.9787029 -4.141421356 0)
(3.185211639 -4.141421356 0)
(3.391720377 -4.141421356 0)
(3.598229115 -4.141421356 0)
(3.804737853 -4.141421356 0)
(4.011246592 -4.141421356 0)
(4.21775533 -4.141421356 0)
(4.424264068 -4.141421356 0)
(4.630772806 -4.141421356 0)
(4.837281544 -4.141421356 0)
(5.043790283 -4.141421356 0)
(5.250299021 -4.141421356 0)
(5.456807759 -4.141421356 0)
(5.663316497 -4.141421356 0)
(5.869825236 -4.141421356 0)
(6.076333974 -4.141421356 0)
(6.282842712 -4.141421356 0)
(6.48935145 -4.141421356 0)
(6.695860188 -4.141421356 0)
(6.902368927 -4.141421356 0)
(7.108877665 -4.141421356 0)
(7.315386403 -4.141421356 0)
(7.521895141 -4.141421356 0)
(7.72840388 -4.141421356 0)
(7.934912618 -4.141421356 0)
(8.141421356 -4.141421356 0)
(8.347930094 -4.141421356 0)
(8.554438832 -4.141421356 0)
(8.760947571 -4.141421356 0)
(8.967456309 -4.141421356 0)
(9.173965047 -4.141421356 0)
(9.380473785 -4.141421356 0)
(9.586982524 -4.141421356 0)
(9.793491262 -4.141421356 0)
(10 -4.141421356 0)
(0.9136155182 -3.712132034 0)
(1.120124256 -3.712132034 0)
(1.326632995 -3.712132034 0)
(1.533141733 -3.712132034 0)
(1.739650471 -3.712132034 0)
(1.946159209 -3.712132034 0)
(2.152667948 -3.712132034 0)
(2.359176686 -3.712132034 0)
(2.565685424 -3.712132034 0)
(2.772194162 -3.712132034 0)
(2.9787029 -3.712132034 0)
(3.185211639 -3.712132034 0)
(3.391720377 -3.712132034 0)
(3.598229115 -3.712132034 0)
(3.804737853 -3.712132034 0)
(4.011246592 -3.712132034 0)
(4.21775533 -3.712132034 0)
(4.424264068 -3.712132034 0)
(4.630772806 -3.712132034 0)
(4.837281544 -3.712132034 0)
(5.043790283 -3.712132034 0)
(5.250299021 -3.712132034 0)
(5.456807759 -3.712132034 0)
(5.663316497 -3.712132034 0)
(5.869825236 -3.712132034 0)
(6.076333974 -3.712132034 0)
(6.282842712 -3.712132034 0)
(6.48935145 -3.712132034 0)
(6.695860188 -3.712132034 0)
(6.902368927 -3.712132034 0)
(7.108877665 -3.712132034 0)
(7.315386403 -3.712132034 0)
(7.521895141 -3.712132034 0)
(7.72840388 -3.712132034 0)
(7.934912618 -3.712132034 0)
(8.141421356 -3.712132034 0)
(8.347930094 -3.712132034 0)
(8.554438832 -3.712132034 0)
(8.760947571 -3.712132034 0)
(8.967456309 -3.712132034 0)
(9.173965047 -3.712132034 0)
(9.380473785 -3.712132034 0)
(9.586982524 -3.712132034 0)
(9.793491262 -3.712132034 0)
(10 -3.712132034 0)
(0.9136155182 -3.282842712 0)
(1.120124256 -3.282842712 0)
(1.326632995 -3.282842712 0)
(1.533141733 -3.282842712 0)
(1.739650471 -3.282842712 0)
(1.946159209 -3.282842712 0)
(2.152667948 -3.282842712 0)
(2.359176686 -3.282842712 0)
(2.565685424 -3.282842712 0)
(2.772194162 -3.282842712 0)
(2.9787029 -3.282842712 0)
(3.185211639 -3.282842712 0)
(3.391720377 -3.282842712 0)
(3.598229115 -3.282842712 0)
(3.804737853 -3.282842712 0)
(4.011246592 -3.282842712 0)
(4.21775533 -3.282842712 0)
(4.424264068 -3.282842712 0)
(4.630772806 -3.282842712 0)
(4.837281544 -3.282842712 0)
(5.043790283 -3.282842712 0)
(5.250299021 -3.282842712 0)
(5.456807759 -3.282842712 0)
(5.663316497 -3.282842712 0)
(5.869825236 -3.282842712 0)
(6.076333974 -3.282842712 0)
(6.282842712 -3.282842712 0)
(6.48935145 -3.282842712 0)
(6.695860188 -3.282842712 0)
(6.902368927 -3.282842712 0)
(7.108877665 -3.282842712 0)
(7.315386403 -3.282842712 0)
(7.521895141 -3.282842712 0)
(7.72840388 -3.282842712 0)
(7.934912618 -3.282842712 0)
(8.141421356 -3.282842712 0)
(8.347930094 -3.282842712 0)
(8.554438832 -3.282842712 0)
(8.760947571 -3.282842712 0)
(8.967456309 -3.282842712 0)
(9.173965047 -3.282842712 0)
(9.380473785 -3.282842712 0)
(9.586982524 -3.282842712 0)
(9.793491262 -3.282842712 0)
(10 -3.282842712 0)
(0.9136155182 -2.85355339 0)
(1.120124256 -2.85355339 0)
(1.326632995 -2.85355339 0)
(1.533141733 -2.85355339 0)
(1.739650471 -2.85355339 0)
(1.946159209 -2.85355339 0)
(2.152667948 -2.85355339 0)
(2.359176686 -2.85355339 0)
(2.565685424 -2.85355339 0)
(2.772194162 -2.85355339 0)
(2.9787029 -2.85355339 0)
(3.185211639 -2.85355339 0)
(3.391720377 -2.85355339 0)
(3.598229115 -2.85355339 0)
(3.804737853 -2.85355339 0)
(4.011246592 -2.85355339 0)
(4.21775533 -2.85355339 0)
(4.424264068 -2.85355339 0)
(4.630772806 -2.85355339 0)
(4.837281544 -2.85355339 0)
(5.043790283 -2.85355339 0)
(5.250299021 -2.85355339 0)
(5.456807759 -2.85355339 0)
(5.663316497 -2.85355339 0)
(5.869825236 -2.85355339 0)
(6.076333974 -2.85355339 0)
(6.282842712 -2.85355339 0)
(6.48935145 -2.85355339 0)
(6.695860188 -2.85355339 0)
(6.902368927 -2.85355339 0)
(7.108877665 -2.85355339 0)
(7.315386403 -2.85355339 0)
(7.521895141 -2.85355339 0)
(7.72840388 -2.85355339 0)
(7.934912618 -2.85355339 0)
(8.141421356 -2.85355339 0)
(8.347930094 -2.85355339 0)
(8.554438832 -2.85355339 0)
(8.760947571 -2.85355339 0)
(8.967456309 -2.85355339 0)
(9.173965047 -2.85355339 0)
(9.380473785 -2.85355339 0)
(9.586982524 -2.85355339 0)
(9.793491262 -2.85355339 0)
(10 -2.85355339 0)
(0.9136155182 -2.424264068 0)
(1.120124256 -2.424264068 0)
(1.326632995 -2.424264068 0)
(1.533141733 -2.424264068 0)
(1.739650471 -2.424264068 0)
(1.946159209 -2.424264068 0)
(2.152667948 -2.424264068 0)
(2.359176686 -2.424264068 0)
(2.565685424 -2.424264068 0)
(2.772194162 -2.424264068 0)
(2.9787029 -2.424264068 0)
(3.185211639 -2.424264068 0)
(3.391720377 -2.424264068 0)
(3.598229115 -2.424264068 0)
(3.804737853 -2.424264068 0)
(4.011246592 -2.424264068 0)
(4.21775533 -2.424264068 0)
(4.424264068 -2.424264068 0)
(4.630772806 -2.424264068 0)
(4.837281544 -2.424264068 0)
(5.043790283 -2.424264068 0)
(5.250299021 -2.424264068 0)
(5.456807759 -2.424264068 0)
(5.663316497 -2.424264068 0)
(5.869825236 -2.424264068 0)
(6.076333974 -2.424264068 0)
(6.282842712 -2.424264068 0)
(6.48935145 -2.424264068 0)
(6.695860188 -2.424264068 0)
(6.902368927 -2.424264068 0)
(7.108877665 -2.424264068 0)
(7.315386403 -2.424264068 0)
(7.521895141 -2.424264068 0)
(7.72840388 -2.424264068 0)
(7.934912618 -2.424264068 0)
(8.141421356 -2.424264068 0)
(8.347930094 -2.424264068 0)
(8.554438832 -2.424264068 0)
(8.760947571 -2.424264068 0)
(8.967456309 -2.424264068 0)
(9.173965047 -2.424264068 0)
(9.380473785 -2.424264068 0)
(9.586982524 -2.424264068 0)
(9.793491262 -2.424264068 0)
(10 -2.424264068 0)
(0.9136155182 -1.994974746 0)
(1.120124256 -1.994974746 0)
(1.326632995 -1.994974746 0)
(1.533141733 -1.994974746 0)
(1.739650471 -1.994974746 0)
(1.946159209 -1.994974746 0)
(2.152667948 -1.994974746 0)
(2.359176686 -1.994974746 0)
(2.565685424 -1.994974746 0)
(2.772194162 -1.994974746 0)
(2.9787029 -1.994974746 0)
(3.185211639 -1.994974746 0)
(3.391720377 -1.994974746 0)
(3.598229115 -1.994974746 0)
(3.804737853 -1.994974746 0)
(4.011246592 -1.994974746 0)
(4.21775533 -1.994974746 0)
(4.424264068 -1.994974746 0)
(4.630772806 -1.994974746 0)
(4.837281544 -1.994974746 0)
(5.043790283 -1.994974746 0)
(5.250299021 -1.994974746 0)
(5.456807759 -1.994974746 0)
(5.663316497 -1.994974746 0)
(5.869825236 -1.994974746 0)
(6.076333974 -1.994974746 0)
(6.282842712 -1.994974746 0)
(6.48935145 -1.994974746 0)
(6.695860188 -1.994974746 0)
(6.902368927 -1.994974746 0)
(7.108877665 -1.994974746 0)
(7.315386403 -1.994974746 0)
(7.521895141 -1.994974746 0)
(7.72840388 -1.994974746 0)
(7.934912618 -1.994974746 0)
(8.141421356 -1.994974746 0)
(8.347930094 -1.994974746 0)
(8.554438832 -1.994974746 0)
(8.760947571 -1.994974746 0)
(8.967456309 -1.994974746 0)
(9.173965047 -1.994974746 0)
(9.380473785 -1.994974746 0)
(9.586982524 -1.994974746 0)
(9.793491262 -1.994974746 0)
(10 -1.994974746 0)
(0.9136155182 -1.565685424 0)
(1.120124256 -1.565685424 0)
(1.326632995 -1.565685424 0)
(1.533141733 -1.565685424 0)
(1.739650471 -1.565685424 0)
(1.946159209 -1.565685424 0)
(2.152667948 -1.565685424 0)
(2.359176686 -1.565685424 0)
(2.565685424 -1.565685424 0)
(2.772194162 -1.565685424 0)
(2.9787029 -1.565685424 0)
(3.185211639 -1.565685424 0)
(3.391720377 -1.565685424 0)
(3.598229115 -1.565685424 0)
(3.804737853 -1.565685424 0)
(4.011246592 -1.565685424 0)
(4.21775533 -1.565685424 0)
(4.424264068 -1.565685424 0)
(4.630772806 -1.565685424 0)
(4.837281544 -1.565685424 0)
(5.043790283 -1.565685424 0)
(5.250299021 -1.565685424 0)
(5.456807759 -1.565685424 0)
(5.663316497 -1.565685424 0)
(5.869825236 -1.565685424 0)
(6.076333974 -1.565685424 0)
(6.282842712 -1.565685424 0)
(6.48935145 -1.565685424 0)
(6.695860188 -1.565685424 0)
(6.902368927 -1.565685424 0)
(7.108877665 -1.565685424 0)
(7.315386403 -1.565685424 0)
(7.521895141 -1.565685424 0)
(7.72840388 -1.565685424 0)
(7.934912618 -1.565685424 0)
(8.141421356 -1.565685424 0)
(8.347930094 -1.565685424 0)
(8.554438832 -1.565685424 0)
(8.760947571 -1.565685424 0)
(8.967456309 -1.565685424 0)
(9.173965047 -1.565685424 0)
(9.380473785 -1.565685424 0)
(9.586982524 -1.565685424 0)
(9.793491262 -1.565685424 0)
(10 -1.565685424 0)
(0.9136155182 -1.136396102 0)
(1.120124256 -1.136396102 0)
(1.326632995 -1.136396102 0)
(1.533141733 -1.136396102 0)
(1.739650471 -1.136396102 0)
(1.946159209 -1.136396102 0)
(2.152667948 -1.136396102 0)
(2.359176686 -1.136396102 0)
(2.565685424 -1.136396102 0)
(2.772194162 -1.136396102 0)
(2.9787029 -1.136396102 0)
(3.185211639 -1.136396102 0)
(3.391720377 -1.136396102 0)
(3.598229115 -1.136396102 0)
(3.804737853 -1.136396102 0)
(4.011246592 -1.136396102 0)
(4.21775533 -1.136396102 0)
(4.424264068 -1.136396102 0)
(4.630772806 -1.136396102 0)
(4.837281544 -1.136396102 0)
(5.043790283 -1.136396102 0)
(5.250299021 -1.136396102 0)
(5.456807759 -1.136396102 0)
(5.663316497 -1.136396102 0)
(5.869825236 -1.136396102 0)
(6.076333974 -1.136396102 0)
(6.282842712 -1.136396102 0)
(6.48935145 -1.136396102 0)
(6.695860188 -1.136396102 0)
(6.902368927 -1.136396102 0)
(7.108877665 -1.136396102 0)
(7.315386403 -1.136396102 0)
(7.521895141 -1.136396102 0)
(7.72840388 -1.136396102 0)
(7.934912618 -1.136396102 0)
(8.141421356 -1.136396102 0)
(8.347930094 -1.136396102 0)
(8.554438832 -1.136396102 0)
(8.760947571 -1.136396102 0)
(8.967456309 -1.136396102 0)
(9.173965047 -1.136396102 0)
(9.380473785 -1.136396102 0)
(9.586982524 -1.136396102 0)
(9.793491262 -1.136396102 0)
(10 -1.136396102 0)
(0.9136155182 -0.70710678 0)
(1.120124256 -0.70710678 0)
(1.326632995 -0.70710678 0)
(1.533141733 -0.70710678 0)
(1.739650471 -0.70710678 0)
(1.946159209 -0.70710678 0)
(2.152667948 -0.70710678 0)
(2.359176686 -0.70710678 0)
(2.565685424 -0.70710678 0)
(2.772194162 -0.70710678 0)
(2.9787029 -0.70710678 0)
(3.185211639 -0.70710678 0)
(3.391720377 -0.70710678 0)
(3.598229115 -0.70710678 0)
(3.804737853 -0.70710678 0)
(4.011246592 -0.70710678 0)
(4.21775533 -0.70710678 0)
(4.424264068 -0.70710678 0)
(4.630772806 -0.70710678 0)
(4.837281544 -0.70710678 0)
(5.043790283 -0.70710678 0)
(5.250299021 -0.70710678 0)
(5.456807759 -0.70710678 0)
(5.663316497 -0.70710678 0)
(5.869825236 -0.70710678 0)
(6.076333974 -0.70710678 0)
(6.282842712 -0.70710678 0)
(6.48935145 -0.70710678 0)
(6.695860188 -0.70710678 0)
(6.902368927 -0.70710678 0)
(7.108877665 -0.70710678 0)
(7.315386403 -0.70710678 0)
(7.521895141 -0.70710678 0)
(7.72840388 -0.70710678 0)
(7.934912618 -0.70710678 0)
(8.141421356 -0.70710678 0)
(8.347930094 -0.70710678 0)
(8.554438832 -0.70710678 0)
(8.760947571 -0.70710678 0)
(8.967456309 -0.70710678 0)
(9.173965047 -0.70710678 0)
(9.380473785 -0.70710678 0)
(9.586982524 -0.70710678 0)
(9.793491262 -0.70710678 0)
(10 -0.70710678 0)
(0.9136155182 -5 0.1)
(1.120124256 -5 0.1)
(1.326632995 -5 0.1)
(1.533141733 -5 0.1)
(1.739650471 -5 0.1)
(1.946159209 -5 0.1)
(2.152667948 -5 0.1)
(2.359176686 -5 0.1)
(2.565685424 -5 0.1)
(2.772194162 -5 0.1)
(2.9787029 -5 0.1)
(3.185211639 -5 0.1)
(3.391720377 -5 0.1)
(3.598229115 -5 0.1)
(3.804737853 -5 0.1)
(4.011246592 -5 0.1)
(4.21775533 -5 0.1)
(4.424264068 -5 0.1)
(4.630772806 -5 0.1)
(4.837281544 -5 0.1)
(5.043790283 -5 0.1)
(5.250299021 -5 0.1)
(5.456807759 -5 0.1)
(5.663316497 -5 0.1)
(5.869825236 -5 0.1)
(6.076333974 -5 0.1)
(6.282842712 -5 0.1)
(6.48935145 -5 0.1)
(6.695860188 -5 0.1)
(6.902368927 -5 0.1)
(7.108877665 -5 0.1)
(7.315386403 -5 0.1)
(7.521895141 -5 0.1)
(7.72840388 -5 0.1)
(7.934912618 -5 0.1)
(8.141421356 -5 0.1)
(8.347930094 -5 0.1)
(8.554438832 -5 0.1)
(8.760947571 -5 0.1)
(8.967456309 -5 0.1)
(9.173965047 -5 0.1)
(9.380473785 -5 0.1)
(9.586982524 -5 0.1)
(9.793491262 -5 0.1)
(10 -5 0.1)
(0.9136155182 -4.570710678 0.1)
(1.120124256 -4.570710678 0.1)
(1.326632995 -4.570710678 0.1)
(1.533141733 -4.570710678 0.1)
(1.739650471 -4.570710678 0.1)
(1.946159209 -4.570710678 0.1)
(2.152667948 -4.570710678 0.1)
(2.359176686 -4.570710678 0.1)
(2.565685424 -4.570710678 0.1)
(2.772194162 -4.570710678 0.1)
(2.9787029 -4.570710678 0.1)
(3.185211639 -4.570710678 0.1)
(3.391720377 -4.570710678 0.1)
(3.598229115 -4.570710678 0.1)
(3.804737853 -4.570710678 0.1)
(4.011246592 -4.570710678 0.1)
(4.21775533 -4.570710678 0.1)
(4.424264068 -4.570710678 0.1)
(4.630772806 -4.570710678 0.1)
(4.837281544 -4.570710678 0.1)
(5.043790283 -4.570710678 0.1)
(5.250299021 -4.570710678 0.1)
(5.456807759 -4.570710678 0.1)
(5.663316497 -4.570710678 0.1)
(5.869825236 -4.570710678 0.1)
(6.076333974 -4.570710678 0.1)
(6.282842712 -4.570710678 0.1)
(6.48935145 -4.570710678 0.1)
(6.695860188 -4.570710678 0.1)
(6.902368927 -4.570710678 0.1)
(7.108877665 -4.570710678 0.1)
(7.315386403 -4.570710678 0.1)
(7.521895141 -4.570710678 0.1)
(7.72840388 -4.570710678 0.1)
(7.934912618 -4.570710678 0.1)
(8.141421356 -4.570710678 0.1)
(8.347930094 -4.570710678 0.1)
(8.554438832 -4.570710678 0.1)
(8.760947571 -4.570710678 0.1)
(8.967456309 -4.570710678 0.1)
(9.173965047 -4.570710678 0.1)
(9.380473785 -4.570710678 0.1)
(9.586982524 -4.570710678 0.1)
(9.793491262 -4.570710678 0.1)
(10 -4.570710678 0.1)
(0.9136155182 -4.141421356 0.1)
(1.120124256 -4.141421356 0.1)
(1.326632995 -4.141421356 0.1)
(1.533141733 -4.141421356 0.1)
(1.739650471 -4.141421356 0.1)
(1.946159209 -4.141421356 0.1)
(2.152667948 -4.141421356 0.1)
(2.359176686 -4.141421356 0.1)
(2.565685424 -4.141421356 0.1)
(2.772194162 -4.141421356 0.1)
(2.9787029 -4.141421356 0.1)
(3.185211639 -4.141421356 0.1)
(3.391720377 -4.141421356 0.1)
(3.598229115 -4.141421356 0.1)
(3.804737853 -4.141421356 0.1)
(4.011246592 -4.141421356 0.1)
(4.21775533 -4.141421356 0.1)
(4.424264068 -4.141421356 0.1)
(4.630772806 -4.141421356 0.1)
(4.837281544 -4.141421356 0.1)
(5.043790283 -4.141421356 0.1)
(5.250299021 -4.141421356 0.1)
(5.456807759 -4.141421356 0.1)
(5.663316497 -4.141421356 0.1)
(5.869825236 -4.141421356 0.1)
(6.076333974 -4.141421356 0.1)
(6.282842712 -4.141421356 0.1)
(6.48935145 -4.141421356 0.1)
(6.695860188 -4.141421356 0.1)
(6.902368927 -4.141421356 0.1)
(7.108877665 -4.141421356 0.1)
(7.315386403 -4.141421356 0.1)
(7.521895141 -4.141421356 0.1)
(7.72840388 -4.141421356 0.1)
(7.934912618 -4.141421356 0.1)
(8.141421356 -4.141421356 0.1)
(8.347930094 -4.141421356 0.1)
(8.554438832 -4.141421356 0.1)
(8.760947571 -4.141421356 0.1)
(8.967456309 -4.141421356 0.1)
(9.173965047 -4.141421356 0.1)
(9.380473785 -4.141421356 0.1)
(9.586982524 -4.141421356 0.1)
(9.793491262 -4.141421356 0.1)
(10 -4.141421356 0.1)
(0.9136155182 -3.712132034 0.1)
(1.120124256 -3.712132034 0.1)
(1.326632995 -3.712132034 0.1)
(1.533141733 -3.712132034 0.1)
(1.739650471 -3.712132034 0.1)
(1.946159209 -3.712132034 0.1)
(2.152667948 -3.712132034 0.1)
(2.359176686 -3.712132034 0.1)
(2.565685424 -3.712132034 0.1)
(2.772194162 -3.712132034 0.1)
(2.9787029 -3.712132034 0.1)
(3.185211639 -3.712132034 0.1)
(3.391720377 -3.712132034 0.1)
(3.598229115 -3.712132034 0.1)
(3.804737853 -3.712132034 0.1)
(4.011246592 -3.712132034 0.1)
(4.21775533 -3.712132034 0.1)
(4.424264068 -3.712132034 0.1)
(4.630772806 -3.712132034 0.1)
(4.837281544 -3.712132034 0.1)
(5.043790283 -3.712132034 0.1)
(5.250299021 -3.712132034 0.1)
(5.456807759 -3.712132034 0.1)
(5.663316497 -3.712132034 0.1)
(5.869825236 -3.712132034 0.1)
(6.076333974 -3.712132034 0.1)
(6.282842712 -3.712132034 0.1)
(6.48935145 -3.712132034 0.1)
(6.695860188 -3.712132034 0.1)
(6.902368927 -3.712132034 0.1)
(7.108877665 -3.712132034 0.1)
(7.315386403 -3.712132034 0.1)
(7.521895141 -3.712132034 0.1)
(7.72840388 -3.712132034 0.1)
(7.934912618 -3.712132034 0.1)
(8.141421356 -3.712132034 0.1)
(8.347930094 -3.712132034 0.1)
(8.554438832 -3.712132034 0.1)
(8.760947571 -3.712132034 0.1)
(8.967456309 -3.712132034 0.1)
(9.173965047 -3.712132034 0.1)
(9.380473785 -3.712132034 0.1)
(9.586982524 -3.712132034 0.1)
(9.793491262 -3.712132034 0.1)
(10 -3.712132034 0.1)
(0.9136155182 -3.282842712 0.1)
(1.120124256 -3.282842712 0.1)
(1.326632995 -3.282842712 0.1)
(1.533141733 -3.282842712 0.1)
(1.739650471 -3.282842712 0.1)
(1.946159209 -3.282842712 0.1)
(2.152667948 -3.282842712 0.1)
(2.359176686 -3.282842712 0.1)
(2.565685424 -3.282842712 0.1)
(2.772194162 -3.282842712 0.1)
(2.9787029 -3.282842712 0.1)
(3.185211639 -3.282842712 0.1)
(3.391720377 -3.282842712 0.1)
(3.598229115 -3.282842712 0.1)
(3.804737853 -3.282842712 0.1)
(4.011246592 -3.282842712 0.1)
(4.21775533 -3.282842712 0.1)
(4.424264068 -3.282842712 0.1)
(4.630772806 -3.282842712 0.1)
(4.837281544 -3.282842712 0.1)
(5.043790283 -3.282842712 0.1)
(5.250299021 -3.282842712 0.1)
(5.456807759 -3.282842712 0.1)
(5.663316497 -3.282842712 0.1)
(5.869825236 -3.282842712 0.1)
(6.076333974 -3.282842712 0.1)
(6.282842712 -3.282842712 0.1)
(6.48935145 -3.282842712 0.1)
(6.695860188 -3.282842712 0.1)
(6.902368927 -3.282842712 0.1)
(7.108877665 -3.282842712 0.1)
(7.315386403 -3.282842712 0.1)
(7.521895141 -3.282842712 0.1)
(7.72840388 -3.282842712 0.1)
(7.934912618 -3.282842712 0.1)
(8.141421356 -3.282842712 0.1)
(8.347930094 -3.282842712 0.1)
(8.554438832 -3.282842712 0.1)
(8.760947571 -3.282842712 0.1)
(8.967456309 -3.282842712 0.1)
(9.173965047 -3.282842712 0.1)
(9.380473785 -3.282842712 0.1)
(9.586982524 -3.282842712 0.1)
(9.793491262 -3.282842712 0.1)
(10 -3.282842712 0.1)
(0.9136155182 -2.85355339 0.1)
(1.120124256 -2.85355339 0.1)
(1.326632995 -2.85355339 0.1)
(1.533141733 -2.85355339 0.1)
(1.739650471 -2.85355339 0.1)
(1.946159209 -2.85355339 0.1)
(2.152667948 -2.85355339 0.1)
(2.359176686 -2.85355339 0.1)
(2.565685424 -2.85355339 0.1)
(2.772194162 -2.85355339 0.1)
(2.9787029 -2.85355339 0.1)
(3.185211639 -2.85355339 0.1)
(3.391720377 -2.85355339 0.1)
(3.598229115 -2.85355339 0.1)
(3.804737853 -2.85355339 0.1)
(4.011246592 -2.85355339 0.1)
(4.21775533 -2.85355339 0.1)
(4.424264068 -2.85355339 0.1)
(4.630772806 -2.85355339 0.1)
(4.837281544 -2.85355339 0.1)
(5.043790283 -2.85355339 0.1)
(5.250299021 -2.85355339 0.1)
(5.456807759 -2.85355339 0.1)
(5.663316497 -2.85355339 0.1)
(5.869825236 -2.85355339 0.1)
(6.076333974 -2.85355339 0.1)
(6.282842712 -2.85355339 0.1)
(6.48935145 -2.85355339 0.1)
(6.695860188 -2.85355339 0.1)
(6.902368927 -2.85355339 0.1)
(7.108877665 -2.85355339 0.1)
(7.315386403 -2.85355339 0.1)
(7.521895141 -2.85355339 0.1)
(7.72840388 -2.85355339 0.1)
(7.934912618 -2.85355339 0.1)
(8.141421356 -2.85355339 0.1)
(8.347930094 -2.85355339 0.1)
(8.554438832 -2.85355339 0.1)
(8.760947571 -2.85355339 0.1)
(8.967456309 -2.85355339 0.1)
(9.173965047 -2.85355339 0.1)
(9.380473785 -2.85355339 0.1)
(9.586982524 -2.85355339 0.1)
(9.793491262 -2.85355339 0.1)
(10 -2.85355339 0.1)
(0.9136155182 -2.424264068 0.1)
(1.120124256 -2.424264068 0.1)
(1.326632995 -2.424264068 0.1)
(1.533141733 -2.424264068 0.1)
(1.739650471 -2.424264068 0.1)
(1.946159209 -2.424264068 0.1)
(2.152667948 -2.424264068 0.1)
(2.359176686 -2.424264068 0.1)
(2.565685424 -2.424264068 0.1)
(2.772194162 -2.424264068 0.1)
(2.9787029 -2.424264068 0.1)
(3.185211639 -2.424264068 0.1)
(3.391720377 -2.424264068 0.1)
(3.598229115 -2.424264068 0.1)
(3.804737853 -2.424264068 0.1)
(4.011246592 -2.424264068 0.1)
(4.21775533 -2.424264068 0.1)
(4.424264068 -2.424264068 0.1)
(4.630772806 -2.424264068 0.1)
(4.837281544 -2.424264068 0.1)
(5.043790283 -2.424264068 0.1)
(5.250299021 -2.424264068 0.1)
(5.456807759 -2.424264068 0.1)
(5.663316497 -2.424264068 0.1)
(5.869825236 -2.424264068 0.1)
(6.076333974 -2.424264068 0.1)
(6.282842712 -2.424264068 0.1)
(6.48935145 -2.424264068 0.1)
(6.695860188 -2.424264068 0.1)
(6.902368927 -2.424264068 0.1)
(7.108877665 -2.424264068 0.1)
(7.315386403 -2.424264068 0.1)
(7.521895141 -2.424264068 0.1)
(7.72840388 -2.424264068 0.1)
(7.934912618 -2.424264068 0.1)
(8.141421356 -2.424264068 0.1)
(8.347930094 -2.424264068 0.1)
(8.554438832 -2.424264068 0.1)
(8.760947571 -2.424264068 0.1)
(8.967456309 -2.424264068 0.1)
(9.173965047 -2.424264068 0.1)
(9.380473785 -2.424264068 0.1)
(9.586982524 -2.424264068 0.1)
(9.793491262 -2.424264068 0.1)
(10 -2.424264068 0.1)
(0.9136155182 -1.994974746 0.1)
(1.120124256 -1.994974746 0.1)
(1.326632995 -1.994974746 0.1)
(1.533141733 -1.994974746 0.1)
(1.739650471 -1.994974746 0.1)
(1.946159209 -1.994974746 0.1)
(2.152667948 -1.994974746 0.1)
(2.359176686 -1.994974746 0.1)
(2.565685424 -1.994974746 0.1)
(2.772194162 -1.994974746 0.1)
(2.9787029 -1.994974746 0.1)
(3.185211639 -1.994974746 0.1)
(3.391720377 -1.994974746 0.1)
(3.598229115 -1.994974746 0.1)
(3.804737853 -1.994974746 0.1)
(4.011246592 -1.994974746 0.1)
(4.21775533 -1.994974746 0.1)
(4.424264068 -1.994974746 0.1)
(4.630772806 -1.994974746 0.1)
(4.837281544 -1.994974746 0.1)
(5.043790283 -1.994974746 0.1)
(5.250299021 -1.994974746 0.1)
(5.456807759 -1.994974746 0.1)
(5.663316497 -1.994974746 0.1)
(5.869825236 -1.994974746 0.1)
(6.076333974 -1.994974746 0.1)
(6.282842712 -1.994974746 0.1)
(6.48935145 -1.994974746 0.1)
(6.695860188 -1.994974746 0.1)
(6.902368927 -1.994974746 0.1)
(7.108877665 -1.994974746 0.1)
(7.315386403 -1.994974746 0.1)
(7.521895141 -1.994974746 0.1)
(7.72840388 -1.994974746 0.1)
(7.934912618 -1.994974746 0.1)
(8.141421356 -1.994974746 0.1)
(8.347930094 -1.994974746 0.1)
(8.554438832 -1.994974746 0.1)
(8.760947571 -1.994974746 0.1)
(8.967456309 -1.994974746 0.1)
(9.173965047 -1.994974746 0.1)
(9.380473785 -1.994974746 0.1)
(9.586982524 -1.994974746 0.1)
(9.793491262 -1.994974746 0.1)
(10 -1.994974746 0.1)
(0.9136155182 -1.565685424 0.1)
(1.120124256 -1.565685424 0.1)
(1.326632995 -1.565685424 0.1)
(1.533141733 -1.565685424 0.1)
(1.739650471 -1.565685424 0.1)
(1.946159209 -1.565685424 0.1)
(2.152667948 -1.565685424 0.1)
(2.359176686 -1.565685424 0.1)
(2.565685424 -1.565685424 0.1)
(2.772194162 -1.565685424 0.1)
(2.9787029 -1.565685424 0.1)
(3.185211639 -1.565685424 0.1)
(3.391720377 -1.565685424 0.1)
(3.598229115 -1.565685424 0.1)
(3.804737853 -1.565685424 0.1)
(4.011246592 -1.565685424 0.1)
(4.21775533 -1.565685424 0.1)
(4.424264068 -1.565685424 0.1)
(4.630772806 -1.565685424 0.1)
(4.837281544 -1.565685424 0.1)
(5.043790283 -1.565685424 0.1)
(5.250299021 -1.565685424 0.1)
(5.456807759 -1.565685424 0.1)
(5.663316497 -1.565685424 0.1)
(5.869825236 -1.565685424 0.1)
(6.076333974 -1.565685424 0.1)
(6.282842712 -1.565685424 0.1)
(6.48935145 -1.565685424 0.1)
(6.695860188 -1.565685424 0.1)
(6.902368927 -1.565685424 0.1)
(7.108877665 -1.565685424 0.1)
(7.315386403 -1.565685424 0.1)
(7.521895141 -1.565685424 0.1)
(7.72840388 -1.565685424 0.1)
(7.934912618 -1.565685424 0.1)
(8.141421356 -1.565685424 0.1)
(8.347930094 -1.565685424 0.1)
(8.554438832 -1.565685424 0.1)
(8.760947571 -1.565685424 0.1)
(8.967456309 -1.565685424 0.1)
(9.173965047 -1.565685424 0.1)
(9.380473785 -1.565685424 0.1)
(9.586982524 -1.565685424 0.1)
(9.793491262 -1.565685424 0.1)
(10 -1.565685424 0.1)
(0.9136155182 -1.136396102 0.1)
(1.120124256 -1.136396102 0.1)
(1.326632995 -1.136396102 0.1)
(1.533141733 -1.136396102 0.1)
(1.739650471 -1.136396102 0.1)
(1.946159209 -1.136396102 0.1)
(2.152667948 -1.136396102 0.1)
(2.359176686 -1.136396102 0.1)
(2.565685424 -1.136396102 0.1)
(2.772194162 -1.136396102 0.1)
(2.9787029 -1.136396102 0.1)
(3.185211639 -1.136396102 0.1)
(3.391720377 -1.136396102 0.1)
(3.598229115 -1.136396102 0.1)
(3.804737853 -1.136396102 0.1)
(4.011246592 -1.136396102 0.1)
(4.21775533 -1.136396102 0.1)
(4.424264068 -1.136396102 0.1)
(4.630772806 -1.136396102 0.1)
(4.837281544 -1.136396102 0.1)
(5.043790283 -1.136396102 0.1)
(5.250299021 -1.136396102 0.1)
(5.456807759 -1.136396102 0.1)
(5.663316497 -1.136396102 0.1)
(5.869825236 -1.136396102 0.1)
(6.076333974 -1.136396102 0.1)
(6.282842712 -1.136396102 0.1)
(6.48935145 -1.136396102 0.1)
(6.695860188 -1.136396102 0.1)
(6.902368927 -1.136396102 0.1)
(7.108877665 -1.136396102 0.1)
(7.315386403 -1.136396102 0.1)
(7.521895141 -1.136396102 0.1)
(7.72840388 -1.136396102 0.1)
(7.934912618 -1.136396102 0.1)
(8.141421356 -1.136396102 0.1)
(8.347930094 -1.136396102 0.1)
(8.554438832 -1.136396102 0.1)
(8.760947571 -1.136396102 0.1)
(8.967456309 -1.136396102 0.1)
(9.173965047 -1.136396102 0.1)
(9.380473785 -1.136396102 0.1)
(9.586982524 -1.136396102 0.1)
(9.793491262 -1.136396102 0.1)
(10 -1.136396102 0.1)
(0.9136155182 -0.70710678 0.1)
(1.120124256 -0.70710678 0.1)
(1.326632995 -0.70710678 0.1)
(1.533141733 -0.70710678 0.1)
(1.739650471 -0.70710678 0.1)
(1.946159209 -0.70710678 0.1)
(2.152667948 -0.70710678 0.1)
(2.359176686 -0.70710678 0.1)
(2.565685424 -0.70710678 0.1)
(2.772194162 -0.70710678 0.1)
(2.9787029 -0.70710678 0.1)
(3.185211639 -0.70710678 0.1)
(3.391720377 -0.70710678 0.1)
(3.598229115 -0.70710678 0.1)
(3.804737853 -0.70710678 0.1)
(4.011246592 -0.70710678 0.1)
(4.21775533 -0.70710678 0.1)
(4.424264068 -0.70710678 0.1)
(4.630772806 -0.70710678 0.1)
(4.837281544 -0.70710678 0.1)
(5.043790283 -0.70710678 0.1)
(5.250299021 -0.70710678 0.1)
(5.456807759 -0.70710678 0.1)
(5.663316497 -0.70710678 0.1)
(5.869825236 -0.70710678 0.1)
(6.076333974 -0.70710678 0.1)
(6.282842712 -0.70710678 0.1)
(6.48935145 -0.70710678 0.1)
(6.695860188 -0.70710678 0.1)
(6.902368927 -0.70710678 0.1)
(7.108877665 -0.70710678 0.1)
(7.315386403 -0.70710678 0.1)
(7.521895141 -0.70710678 0.1)
(7.72840388 -0.70710678 0.1)
(7.934912618 -0.70710678 0.1)
(8.141421356 -0.70710678 0.1)
(8.347930094 -0.70710678 0.1)
(8.554438832 -0.70710678 0.1)
(8.760947571 -0.70710678 0.1)
(8.967456309 -0.70710678 0.1)
(9.173965047 -0.70710678 0.1)
(9.380473785 -0.70710678 0.1)
(9.586982524 -0.70710678 0.1)
(9.793491262 -0.70710678 0.1)
(10 -0.70710678 0.1)
(0.9238795322 -0.382683432 0)
(1.125571098 -0.3820360978 0)
(1.327262664 -0.3813887635 0)
(1.52895423 -0.3807414292 0)
(1.730645796 -0.380094095 0)
(1.932337362 -0.3794467607 0)
(2.134028928 -0.3787994264 0)
(2.335720494 -0.3781520922 0)
(2.53741206 -0.3775047579 0)
(2.739103626 -0.3768574236 0)
(2.940795192 -0.3762100894 0)
(3.142486758 -0.3755627551 0)
(3.344178324 -0.3749154208 0)
(3.54586989 -0.3742680866 0)
(3.747561455 -0.3736207523 0)
(3.949253021 -0.372973418 0)
(4.150944587 -0.3723260838 0)
(4.352636153 -0.3716787495 0)
(4.554327719 -0.3710314152 0)
(4.756019285 -0.370384081 0)
(4.957710851 -0.3697367467 0)
(5.159402417 -0.3690894124 0)
(5.361093983 -0.3684420782 0)
(5.562785549 -0.3677947439 0)
(5.764477115 -0.3671474096 0)
(5.966168681 -0.3665000754 0)
(6.167860247 -0.3658527411 0)
(6.369551813 -0.3652054068 0)
(6.571243379 -0.3645580725 0)
(6.772934945 -0.3639107383 0)
(6.974626511 -0.363263404 0)
(7.176318077 -0.3626160697 0)
(7.378009643 -0.3619687355 0)
(7.579701209 -0.3613214012 0)
(7.781392775 -0.3606740669 0)
(7.98308434 -0.3600267327 0)
(8.184775906 -0.3593793984 0)
(8.386467472 -0.3587320641 0)
(8.588159038 -0.3580847299 0)
(8.789850604 -0.3574373956 0)
(8.99154217 -0.3567900613 0)
(9.193233736 -0.3561427271 0)
(9.394925302 -0.3554953928 0)
(9.596616868 -0.3548480585 0)
(9.798308434 -0.3542007243 0)
(10 -0.35355339 0)
(1 0 0)
(1.2 0 0)
(1.4 0 0)
(1.6 0 0)
(1.8 0 0)
(2 0 0)
(2.2 0 0)
(2.4 0 0)
(2.6 0 0)
(2.8 0 0)
(3 0 0)
(3.2 1.850371708e-17 0)
(3.4 0 0)
(3.6 -1.850371708e-17 0)
(3.8 0 0)
(4 -9.251858539e-18 0)
(4.2 0 0)
(4.4 0 0)
(4.6 0 0)
(4.8 9.251858539e-18 0)
(5 0 0)
(5.2 0 0)
(5.4 9.251858539e-18 0)
(5.6 0 0)
(5.8 0 0)
(6 0 0)
(6.2 0 0)
(6.4 0 0)
(6.6 0 0)
(6.8 0 0)
(7 0 0)
(7.2 4.625929269e-18 0)
(7.4 -9.251858539e-18 0)
(7.6 -9.251858539e-18 0)
(7.8 -4.625929269e-18 0)
(8 0 0)
(8.2 4.625929269e-18 0)
(8.4 4.625929269e-18 0)
(8.6 -6.938893904e-18 0)
(8.8 -2.312964635e-18 0)
(9 -2.312964635e-18 0)
(9.2 2.312964635e-18 0)
(9.4 8.095376221e-18 0)
(9.6 -4.625929269e-18 0)
(9.8 -5.204170428e-18 0)
(10 0 0)
(0.9238795322 0.382683432 0)
(1.125571098 0.3820360978 0)
(1.327262664 0.3813887635 0)
(1.52895423 0.3807414292 0)
(1.730645796 0.380094095 0)
(1.932337362 0.3794467607 0)
(2.134028928 0.3787994264 0)
(2.335720494 0.3781520922 0)
(2.53741206 0.3775047579 0)
(2.739103626 0.3768574236 0)
(2.940795192 0.3762100894 0)
(3.142486758 0.3755627551 0)
(3.344178324 0.3749154208 0)
(3.54586989 0.3742680866 0)
(3.747561455 0.3736207523 0)
(3.949253021 0.372973418 0)
(4.150944587 0.3723260838 0)
(4.352636153 0.3716787495 0)
(4.554327719 0.3710314152 0)
(4.756019285 0.370384081 0)
(4.957710851 0.3697367467 0)
(5.159402417 0.3690894124 0)
(5.361093983 0.3684420782 0)
(5.562785549 0.3677947439 0)
(5.764477115 0.3671474096 0)
(5.966168681 0.3665000754 0)
(6.167860247 0.3658527411 0)
(6.369551813 0.3652054068 0)
(6.571243379 0.3645580725 0)
(6.772934945 0.3639107383 0)
(6.974626511 0.363263404 0)
(7.176318077 0.3626160697 0)
(7.378009643 0.3619687355 0)
(7.579701209 0.3613214012 0)
(7.781392775 0.3606740669 0)
(7.98308434 0.3600267327 0)
(8.184775906 0.3593793984 0)
(8.386467472 0.3587320641 0)
(8.588159038 0.3580847299 0)
(8.789850604 0.3574373956 0)
(8.99154217 0.3567900613 0)
(9.193233736 0.3561427271 0)
(9.394925302 0.3554953928 0)
(9.596616868 0.3548480585 0)
(9.798308434 0.3542007243 0)
(10 0.35355339 0)
(0.70710678 0.70710678 0)
(0.9136155182 0.70710678 0)
(1.120124256 0.70710678 0)
(1.326632995 0.70710678 0)
(1.533141733 0.70710678 0)
(1.739650471 0.70710678 0)
(1.946159209 0.70710678 0)
(2.152667948 0.70710678 0)
(2.359176686 0.70710678 0)
(2.565685424 0.70710678 0)
(2.772194162 0.70710678 0)
(2.9787029 0.70710678 0)
(3.185211639 0.70710678 0)
(3.391720377 0.70710678 0)
(3.598229115 0.70710678 0)
(3.804737853 0.70710678 0)
(4.011246592 0.70710678 0)
(4.21775533 0.70710678 0)
(4.424264068 0.70710678 0)
(4.630772806 0.70710678 0)
(4.837281544 0.70710678 0)
(5.043790283 0.70710678 0)
(5.250299021 0.70710678 0)
(5.456807759 0.70710678 0)
(5.663316497 0.70710678 0)
(5.869825236 0.70710678 0)
(6.076333974 0.70710678 0)
(6.282842712 0.70710678 0)
(6.48935145 0.70710678 0)
(6.695860188 0.70710678 0)
(6.902368927 0.70710678 0)
(7.108877665 0.70710678 0)
(7.315386403 0.70710678 0)
(7.521895141 0.70710678 0)
(7.72840388 0.70710678 0)
(7.934912618 0.70710678 0)
(8.141421356 0.70710678 0)
(8.347930094 0.70710678 0)
(8.554438832 0.70710678 0)
(8.760947571 0.70710678 0)
(8.967456309 0.70710678 0)
(9.173965047 0.70710678 0)
(9.380473785 0.70710678 0)
(9.586982524 0.70710678 0)
(9.793491262 0.70710678 0)
(10 0.70710678 0)
(0.9238795322 -0.382683432 0.1)
(1.125571098 -0.3820360978 0.1)
(1.327262664 -0.3813887635 0.1)
(1.52895423 -0.3807414292 0.1)
(1.730645796 -0.380094095 0.1)
(1.932337362 -0.3794467607 0.1)
(2.134028928 -0.3787994264 0.1)
(2.335720494 -0.3781520922 0.1)
(2.53741206 -0.3775047579 0.1)
(2.739103626 -0.3768574236 0.1)
(2.940795192 -0.3762100894 0.1)
(3.142486758 -0.3755627551 0.1)
(3.344178324 -0.3749154208 0.1)
(3.54586989 -0.3742680866 0.1)
(3.747561455 -0.3736207523 0.1)
(3.949253021 -0.372973418 0.1)
(4.150944587 -0.3723260838 0.1)
(4.352636153 -0.3716787495 0.1)
(4.554327719 -0.3710314152 0.1)
(4.756019285 -0.370384081 0.1)
(4.957710851 -0.3697367467 0.1)
(5.159402417 -0.3690894124 0.1)
(5.361093983 -0.3684420782 0.1)
(5.562785549 -0.3677947439 0.1)
(5.764477115 -0.3671474096 0.1)
(5.966168681 -0.3665000754 0.1)
(6.167860247 -0.3658527411 0.1)
(6.369551813 -0.3652054068 0.1)
(6.571243379 -0.3645580725 0.1)
(6.772934945 -0.3639107383 0.1)
(6.974626511 -0.363263404 0.1)
(7.176318077 -0.3626160697 0.1)
(7.378009643 -0.3619687355 0.1)
(7.579701209 -0.3613214012 0.1)
(7.781392775 -0.3606740669 0.1)
(7.98308434 -0.3600267327 0.1)
(8.184775906 -0.3593793984 0.1)
(8.386467472 -0.3587320641 0.1)
(8.588159038 -0.3580847299 0.1)
(8.789850604 -0.3574373956 0.1)
(8.99154217 -0.3567900613 0.1)
(9.193233736 -0.3561427271 0.1)
(9.394925302 -0.3554953928 0.1)
(9.596616868 -0.3548480585 0.1)
(9.798308434 -0.3542007243 0.1)
(10 -0.35355339 0.1)
(1 0 0.1)
(1.2 0 0.1)
(1.4 0 0.1)
(1.6 0 0.1)
(1.8 0 0.1)
(2 0 0.1)
(2.2 0 0.1)
(2.4 0 0.1)
(2.6 0 0.1)
(2.8 0 0.1)
(3 0 0.1)
(3.2 1.850371708e-17 0.1)
(3.4 0 0.1)
(3.6 -1.850371708e-17 0.1)
(3.8 0 0.1)
(4 -9.251858539e-18 0.1)
(4.2 0 0.1)
(4.4 0 0.1)
(4.6 0 0.1)
(4.8 9.251858539e-18 0.1)
(5 0 0.1)
(5.2 0 0.1)
(5.4 9.251858539e-18 0.1)
(5.6 0 0.1)
(5.8 0 0.1)
(6 0 0.1)
(6.2 0 0.1)
(6.4 0 0.1)
(6.6 0 0.1)
(6.8 0 0.1)
(7 0 0.1)
(7.2 4.625929269e-18 0.1)
(7.4 -9.251858539e-18 0.1)
(7.6 -9.251858539e-18 0.1)
(7.8 -4.625929269e-18 0.1)
(8 0 0.1)
(8.2 4.625929269e-18 0.1)
(8.4 4.625929269e-18 0.1)
(8.6 -6.938893904e-18 0.1)
(8.8 -2.312964635e-18 0.1)
(9 -2.312964635e-18 0.1)
(9.2 2.312964635e-18 0.1)
(9.4 8.095376221e-18 0.1)
(9.6 -4.625929269e-18 0.1)
(9.8 -5.204170428e-18 0.1)
(10 0 0.1)
(0.9238795322 0.382683432 0.1)
(1.125571098 0.3820360978 0.1)
(1.327262664 0.3813887635 0.1)
(1.52895423 0.3807414292 0.1)
(1.730645796 0.380094095 0.1)
(1.932337362 0.3794467607 0.1)
(2.134028928 0.3787994264 0.1)
(2.335720494 0.3781520922 0.1)
(2.53741206 0.3775047579 0.1)
(2.739103626 0.3768574236 0.1)
(2.940795192 0.3762100894 0.1)
(3.142486758 0.3755627551 0.1)
(3.344178324 0.3749154208 0.1)
(3.54586989 0.3742680866 0.1)
(3.747561455 0.3736207523 0.1)
(3.949253021 0.372973418 0.1)
(4.150944587 0.3723260838 0.1)
(4.352636153 0.3716787495 0.1)
(4.554327719 0.3710314152 0.1)
(4.756019285 0.370384081 0.1)
(4.957710851 0.3697367467 0.1)
(5.159402417 0.3690894124 0.1)
(5.361093983 0.3684420782 0.1)
(5.562785549 0.3677947439 0.1)
(5.764477115 0.3671474096 0.1)
(5.966168681 0.3665000754 0.1)
(6.167860247 0.3658527411 0.1)
(6.369551813 0.3652054068 0.1)
(6.571243379 0.3645580725 0.1)
(6.772934945 0.3639107383 0.1)
(6.974626511 0.363263404 0.1)
(7.176318077 0.3626160697 0.1)
(7.378009643 0.3619687355 0.1)
(7.579701209 0.3613214012 0.1)
(7.781392775 0.3606740669 0.1)
(7.98308434 0.3600267327 0.1)
(8.184775906 0.3593793984 0.1)
(8.386467472 0.3587320641 0.1)
(8.588159038 0.3580847299 0.1)
(8.789850604 0.3574373956 0.1)
(8.99154217 0.3567900613 0.1)
(9.193233736 0.3561427271 0.1)
(9.394925302 0.3554953928 0.1)
(9.596616868 0.3548480585 0.1)
(9.798308434 0.3542007243 0.1)
(10 0.35355339 0.1)
(0.70710678 0.70710678 0.1)
(0.9136155182 0.70710678 0.1)
(1.120124256 0.70710678 0.1)
(1.326632995 0.70710678 0.1)
(1.533141733 0.70710678 0.1)
(1.739650471 0.70710678 0.1)
(1.946159209 0.70710678 0.1)
(2.152667948 0.70710678 0.1)
(2.359176686 0.70710678 0.1)
(2.565685424 0.70710678 0.1)
(2.772194162 0.70710678 0.1)
(2.9787029 0.70710678 0.1)
(3.185211639 0.70710678 0.1)
(3.391720377 0.70710678 0.1)
(3.598229115 0.70710678 0.1)
(3.804737853 0.70710678 0.1)
(4.011246592 0.70710678 0.1)
(4.21775533 0.70710678 0.1)
(4.424264068 0.70710678 0.1)
(4.630772806 0.70710678 0.1)
(4.837281544 0.70710678 0.1)
(5.043790283 0.70710678 0.1)
(5.250299021 0.70710678 0.1)
(5.456807759 0.70710678 0.1)
(5.663316497 0.70710678 0.1)
(5.869825236 0.70710678 0.1)
(6.076333974 0.70710678 0.1)
(6.282842712 0.70710678 0.1)
(6.48935145 0.70710678 0.1)
(6.695860188 0.70710678 0.1)
(6.902368927 0.70710678 0.1)
(7.108877665 0.70710678 0.1)
(7.315386403 0.70710678 0.1)
(7.521895141 0.70710678 0.1)
(7.72840388 0.70710678 0.1)
(7.934912618 0.70710678 0.1)
(8.141421356 0.70710678 0.1)
(8.347930094 0.70710678 0.1)
(8.554438832 0.70710678 0.1)
(8.760947571 0.70710678 0.1)
(8.967456309 0.70710678 0.1)
(9.173965047 0.70710678 0.1)
(9.380473785 0.70710678 0.1)
(9.586982524 0.70710678 0.1)
(9.793491262 0.70710678 0.1)
(10 0.70710678 0.1)
(0.70710678 1.136396102 0)
(0.9136155182 1.136396102 0)
(1.120124256 1.136396102 0)
(1.326632995 1.136396102 0)
(1.533141733 1.136396102 0)
(1.739650471 1.136396102 0)
(1.946159209 1.136396102 0)
(2.152667948 1.136396102 0)
(2.359176686 1.136396102 0)
(2.565685424 1.136396102 0)
(2.772194162 1.136396102 0)
(2.9787029 1.136396102 0)
(3.185211639 1.136396102 0)
(3.391720377 1.136396102 0)
(3.598229115 1.136396102 0)
(3.804737853 1.136396102 0)
(4.011246592 1.136396102 0)
(4.21775533 1.136396102 0)
(4.424264068 1.136396102 0)
(4.630772806 1.136396102 0)
(4.837281544 1.136396102 0)
(5.043790283 1.136396102 0)
(5.250299021 1.136396102 0)
(5.456807759 1.136396102 0)
(5.663316497 1.136396102 0)
(5.869825236 1.136396102 0)
(6.076333974 1.136396102 0)
(6.282842712 1.136396102 0)
(6.48935145 1.136396102 0)
(6.695860188 1.136396102 0)
(6.902368927 1.136396102 0)
(7.108877665 1.136396102 0)
(7.315386403 1.136396102 0)
(7.521895141 1.136396102 0)
(7.72840388 1.136396102 0)
(7.934912618 1.136396102 0)
(8.141421356 1.136396102 0)
(8.347930094 1.136396102 0)
(8.554438832 1.136396102 0)
(8.760947571 1.136396102 0)
(8.967456309 1.136396102 0)
(9.173965047 1.136396102 0)
(9.380473785 1.136396102 0)
(9.586982524 1.136396102 0)
(9.793491262 1.136396102 0)
(10 1.136396102 0)
(0.70710678 1.565685424 0)
(0.9136155182 1.565685424 0)
(1.120124256 1.565685424 0)
(1.326632995 1.565685424 0)
(1.533141733 1.565685424 0)
(1.739650471 1.565685424 0)
(1.946159209 1.565685424 0)
(2.152667948 1.565685424 0)
(2.359176686 1.565685424 0)
(2.565685424 1.565685424 0)
(2.772194162 1.565685424 0)
(2.9787029 1.565685424 0)
(3.185211639 1.565685424 0)
(3.391720377 1.565685424 0)
(3.598229115 1.565685424 0)
(3.804737853 1.565685424 0)
(4.011246592 1.565685424 0)
(4.21775533 1.565685424 0)
(4.424264068 1.565685424 0)
(4.630772806 1.565685424 0)
(4.837281544 1.565685424 0)
(5.043790283 1.565685424 0)
(5.250299021 1.565685424 0)
(5.456807759 1.565685424 0)
(5.663316497 1.565685424 0)
(5.869825236 1.565685424 0)
(6.076333974 1.565685424 0)
(6.282842712 1.565685424 0)
(6.48935145 1.565685424 0)
(6.695860188 1.565685424 0)
(6.902368927 1.565685424 0)
(7.108877665 1.565685424 0)
(7.315386403 1.565685424 0)
(7.521895141 1.565685424 0)
(7.72840388 1.565685424 0)
(7.934912618 1.565685424 0)
(8.141421356 1.565685424 0)
(8.347930094 1.565685424 0)
(8.554438832 1.565685424 0)
(8.760947571 1.565685424 0)
(8.967456309 1.565685424 0)
(9.173965047 1.565685424 0)
(9.380473785 1.565685424 0)
(9.586982524 1.565685424 0)
(9.793491262 1.565685424 0)
(10 1.565685424 0)
(0.70710678 1.994974746 0)
(0.9136155182 1.994974746 0)
(1.120124256 1.994974746 0)
(1.326632995 1.994974746 0)
(1.533141733 1.994974746 0)
(1.739650471 1.994974746 0)
(1.946159209 1.994974746 0)
(2.152667948 1.994974746 0)
(2.359176686 1.994974746 0)
(2.565685424 1.994974746 0)
(2.772194162 1.994974746 0)
(2.9787029 1.994974746 0)
(3.185211639 1.994974746 0)
(3.391720377 1.994974746 0)
(3.598229115 1.994974746 0)
(3.804737853 1.994974746 0)
(4.011246592 1.994974746 0)
(4.21775533 1.994974746 0)
(4.424264068 1.994974746 0)
(4.630772806 1.994974746 0)
(4.837281544 1.994974746 0)
(5.043790283 1.994974746 0)
(5.250299021 1.994974746 0)
(5.456807759 1.994974746 0)
(5.663316497 1.994974746 0)
(5.869825236 1.994974746 0)
(6.076333974 1.994974746 0)
(6.282842712 1.994974746 0)
(6.48935145 1.994974746 0)
(6.695860188 1.994974746 0)
(6.902368927 1.994974746 0)
(7.108877665 1.994974746 0)
(7.315386403 1.994974746 0)
(7.521895141 1.994974746 0)
(7.72840388 1.994974746 0)
(7.934912618 1.994974746 0)
(8.141421356 1.994974746 0)
(8.347930094 1.994974746 0)
(8.554438832 1.994974746 0)
(8.760947571 1.994974746 0)
(8.967456309 1.994974746 0)
(9.173965047 1.994974746 0)
(9.380473785 1.994974746 0)
(9.586982524 1.994974746 0)
(9.793491262 1.994974746 0)
(10 1.994974746 0)
(0.70710678 2.424264068 0)
(0.9136155182 2.424264068 0)
(1.120124256 2.424264068 0)
(1.326632995 2.424264068 0)
(1.533141733 2.424264068 0)
(1.739650471 2.424264068 0)
(1.946159209 2.424264068 0)
(2.152667948 2.424264068 0)
(2.359176686 2.424264068 0)
(2.565685424 2.424264068 0)
(2.772194162 2.424264068 0)
(2.9787029 2.424264068 0)
(3.185211639 2.424264068 0)
(3.391720377 2.424264068 0)
(3.598229115 2.424264068 0)
(3.804737853 2.424264068 0)
(4.011246592 2.424264068 0)
(4.21775533 2.424264068 0)
(4.424264068 2.424264068 0)
(4.630772806 2.424264068 0)
(4.837281544 2.424264068 0)
(5.043790283 2.424264068 0)
(5.250299021 2.424264068 0)
(5.456807759 2.424264068 0)
(5.663316497 2.424264068 0)
(5.869825236 2.424264068 0)
(6.076333974 2.424264068 0)
(6.282842712 2.424264068 0)
(6.48935145 2.424264068 0)
(6.695860188 2.424264068 0)
(6.902368927 2.424264068 0)
(7.108877665 2.424264068 0)
(7.315386403 2.424264068 0)
(7.521895141 2.424264068 0)
(7.72840388 2.424264068 0)
(7.934912618 2.424264068 0)
(8.141421356 2.424264068 0)
(8.347930094 2.424264068 0)
(8.554438832 2.424264068 0)
(8.760947571 2.424264068 0)
(8.967456309 2.424264068 0)
(9.173965047 2.424264068 0)
(9.380473785 2.424264068 0)
(9.586982524 2.424264068 0)
(9.793491262 2.424264068 0)
(10 2.424264068 0)
(0.70710678 2.85355339 0)
(0.9136155182 2.85355339 0)
(1.120124256 2.85355339 0)
(1.326632995 2.85355339 0)
(1.533141733 2.85355339 0)
(1.739650471 2.85355339 0)
(1.946159209 2.85355339 0)
(2.152667948 2.85355339 0)
(2.359176686 2.85355339 0)
(2.565685424 2.85355339 0)
(2.772194162 2.85355339 0)
(2.9787029 2.85355339 0)
(3.185211639 2.85355339 0)
(3.391720377 2.85355339 0)
(3.598229115 2.85355339 0)
(3.804737853 2.85355339 0)
(4.011246592 2.85355339 0)
(4.21775533 2.85355339 0)
(4.424264068 2.85355339 0)
(4.630772806 2.85355339 0)
(4.837281544 2.85355339 0)
(5.043790283 2.85355339 0)
(5.250299021 2.85355339 0)
(5.456807759 2.85355339 0)
(5.663316497 2.85355339 0)
(5.869825236 2.85355339 0)
(6.076333974 2.85355339 0)
(6.282842712 2.85355339 0)
(6.48935145 2.85355339 0)
(6.695860188 2.85355339 0)
(6.902368927 2.85355339 0)
(7.108877665 2.85355339 0)
(7.315386403 2.85355339 0)
(7.521895141 2.85355339 0)
(7.72840388 2.85355339 0)
(7.934912618 2.85355339 0)
(8.141421356 2.85355339 0)
(8.347930094 2.85355339 0)
(8.554438832 2.85355339 0)
(8.760947571 2.85355339 0)
(8.967456309 2.85355339 0)
(9.173965047 2.85355339 0)
(9.380473785 2.85355339 0)
(9.586982524 2.85355339 0)
(9.793491262 2.85355339 0)
(10 2.85355339 0)
(0.70710678 3.282842712 0)
(0.9136155182 3.282842712 0)
(1.120124256 3.282842712 0)
(1.326632995 3.282842712 0)
(1.533141733 3.282842712 0)
(1.739650471 3.282842712 0)
(1.946159209 3.282842712 0)
(2.152667948 3.282842712 0)
(2.359176686 3.282842712 0)
(2.565685424 3.282842712 0)
(2.772194162 3.282842712 0)
(2.9787029 3.282842712 0)
(3.185211639 3.282842712 0)
(3.391720377 3.282842712 0)
(3.598229115 3.282842712 0)
(3.804737853 3.282842712 0)
(4.011246592 3.282842712 0)
(4.21775533 3.282842712 0)
(4.424264068 3.282842712 0)
(4.630772806 3.282842712 0)
(4.837281544 3.282842712 0)
(5.043790283 3.282842712 0)
(5.250299021 3.282842712 0)
(5.456807759 3.282842712 0)
(5.663316497 3.282842712 0)
(5.869825236 3.282842712 0)
(6.076333974 3.282842712 0)
(6.282842712 3.282842712 0)
(6.48935145 3.282842712 0)
(6.695860188 3.282842712 0)
(6.902368927 3.282842712 0)
(7.108877665 3.282842712 0)
(7.315386403 3.282842712 0)
(7.521895141 3.282842712 0)
(7.72840388 3.282842712 0)
(7.934912618 3.282842712 0)
(8.141421356 3.282842712 0)
(8.347930094 3.282842712 0)
(8.554438832 3.282842712 0)
(8.760947571 3.282842712 0)
(8.967456309 3.282842712 0)
(9.173965047 3.282842712 0)
(9.380473785 3.282842712 0)
(9.586982524 3.282842712 0)
(9.793491262 3.282842712 0)
(10 3.282842712 0)
(0.70710678 3.712132034 0)
(0.9136155182 3.712132034 0)
(1.120124256 3.712132034 0)
(1.326632995 3.712132034 0)
(1.533141733 3.712132034 0)
(1.739650471 3.712132034 0)
(1.946159209 3.712132034 0)
(2.152667948 3.712132034 0)
(2.359176686 3.712132034 0)
(2.565685424 3.712132034 0)
(2.772194162 3.712132034 0)
(2.9787029 3.712132034 0)
(3.185211639 3.712132034 0)
(3.391720377 3.712132034 0)
(3.598229115 3.712132034 0)
(3.804737853 3.712132034 0)
(4.011246592 3.712132034 0)
(4.21775533 3.712132034 0)
(4.424264068 3.712132034 0)
(4.630772806 3.712132034 0)
(4.837281544 3.712132034 0)
(5.043790283 3.712132034 0)
(5.250299021 3.712132034 0)
(5.456807759 3.712132034 0)
(5.663316497 3.712132034 0)
(5.869825236 3.712132034 0)
(6.076333974 3.712132034 0)
(6.282842712 3.712132034 0)
(6.48935145 3.712132034 0)
(6.695860188 3.712132034 0)
(6.902368927 3.712132034 0)
(7.108877665 3.712132034 0)
(7.315386403 3.712132034 0)
(7.521895141 3.712132034 0)
(7.72840388 3.712132034 0)
(7.934912618 3.712132034 0)
(8.141421356 3.712132034 0)
(8.347930094 3.712132034 0)
(8.554438832 3.712132034 0)
(8.760947571 3.712132034 0)
(8.967456309 3.712132034 0)
(9.173965047 3.712132034 0)
(9.380473785 3.712132034 0)
(9.586982524 3.712132034 0)
(9.793491262 3.712132034 0)
(10 3.712132034 0)
(0.70710678 4.141421356 0)
(0.9136155182 4.141421356 0)
(1.120124256 4.141421356 0)
(1.326632995 4.141421356 0)
(1.533141733 4.141421356 0)
(1.739650471 4.141421356 0)
(1.946159209 4.141421356 0)
(2.152667948 4.141421356 0)
(2.359176686 4.141421356 0)
(2.565685424 4.141421356 0)
(2.772194162 4.141421356 0)
(2.9787029 4.141421356 0)
(3.185211639 4.141421356 0)
(3.391720377 4.141421356 0)
(3.598229115 4.141421356 0)
(3.804737853 4.141421356 0)
(4.011246592 4.141421356 0)
(4.21775533 4.141421356 0)
(4.424264068 4.141421356 0)
(4.630772806 4.141421356 0)
(4.837281544 4.141421356 0)
(5.043790283 4.141421356 0)
(5.250299021 4.141421356 0)
(5.456807759 4.141421356 0)
(5.663316497 4.141421356 0)
(5.869825236 4.141421356 0)
(6.076333974 4.141421356 0)
(6.282842712 4.141421356 0)
(6.48935145 4.141421356 0)
(6.695860188 4.141421356 0)
(6.902368927 4.141421356 0)
(7.108877665 4.141421356 0)
(7.315386403 4.141421356 0)
(7.521895141 4.141421356 0)
(7.72840388 4.141421356 0)
(7.934912618 4.141421356 0)
(8.141421356 4.141421356 0)
(8.347930094 4.141421356 0)
(8.554438832 4.141421356 0)
(8.760947571 4.141421356 0)
(8.967456309 4.141421356 0)
(9.173965047 4.141421356 0)
(9.380473785 4.141421356 0)
(9.586982524 4.141421356 0)
(9.793491262 4.141421356 0)
(10 4.141421356 0)
(0.70710678 4.570710678 0)
(0.9136155182 4.570710678 0)
(1.120124256 4.570710678 0)
(1.326632995 4.570710678 0)
(1.533141733 4.570710678 0)
(1.739650471 4.570710678 0)
(1.946159209 4.570710678 0)
(2.152667948 4.570710678 0)
(2.359176686 4.570710678 0)
(2.565685424 4.570710678 0)
(2.772194162 4.570710678 0)
(2.9787029 4.570710678 0)
(3.185211639 4.570710678 0)
(3.391720377 4.570710678 0)
(3.598229115 4.570710678 0)
(3.804737853 4.570710678 0)
(4.011246592 4.570710678 0)
(4.21775533 4.570710678 0)
(4.424264068 4.570710678 0)
(4.630772806 4.570710678 0)
(4.837281544 4.570710678 0)
(5.043790283 4.570710678 0)
(5.250299021 4.570710678 0)
(5.456807759 4.570710678 0)
(5.663316497 4.570710678 0)
(5.869825236 4.570710678 0)
(6.076333974 4.570710678 0)
(6.282842712 4.570710678 0)
(6.48935145 4.570710678 0)
(6.695860188 4.570710678 0)
(6.902368927 4.570710678 0)
(7.108877665 4.570710678 0)
(7.315386403 4.570710678 0)
(7.521895141 4.570710678 0)
(7.72840388 4.570710678 0)
(7.934912618 4.570710678 0)
(8.141421356 4.570710678 0)
(8.347930094 4.570710678 0)
(8.554438832 4.570710678 0)
(8.760947571 4.570710678 0)
(8.967456309 4.570710678 0)
(9.173965047 4.570710678 0)
(9.380473785 4.570710678 0)
(9.586982524 4.570710678 0)
(9.793491262 4.570710678 0)
(10 4.570710678 0)
(0.70710678 5 0)
(0.9136155182 5 0)
(1.120124256 5 0)
(1.326632995 5 0)
(1.533141733 5 0)
(1.739650471 5 0)
(1.946159209 5 0)
(2.152667948 5 0)
(2.359176686 5 0)
(2.565685424 5 0)
(2.772194162 5 0)
(2.9787029 5 0)
(3.185211639 5 0)
(3.391720377 5 0)
(3.598229115 5 0)
(3.804737853 5 0)
(4.011246592 5 0)
(4.21775533 5 0)
(4.424264068 5 0)
(4.630772806 5 0)
(4.837281544 5 0)
(5.043790283 5 0)
(5.250299021 5 0)
(5.456807759 5 0)
(5.663316497 5 0)
(5.869825236 5 0)
(6.076333974 5 0)
(6.282842712 5 0)
(6.48935145 5 0)
(6.695860188 5 0)
(6.902368927 5 0)
(7.108877665 5 0)
(7.315386403 5 0)
(7.521895141 5 0)
(7.72840388 5 0)
(7.934912618 5 0)
(8.141421356 5 0)
(8.347930094 5 0)
(8.554438832 5 0)
(8.760947571 5 0)
(8.967456309 5 0)
(9.173965047 5 0)
(9.380473785 5 0)
(9.586982524 5 0)
(9.793491262 5 0)
(10 5 0)
(0.70710678 1.136396102 0.1)
(0.9136155182 1.136396102 0.1)
(1.120124256 1.136396102 0.1)
(1.326632995 1.136396102 0.1)
(1.533141733 1.136396102 0.1)
(1.739650471 1.136396102 0.1)
(1.946159209 1.136396102 0.1)
(2.152667948 1.136396102 0.1)
(2.359176686 1.136396102 0.1)
(2.565685424 1.136396102 0.1)
(2.772194162 1.136396102 0.1)
(2.9787029 1.136396102 0.1)
(3.185211639 1.136396102 0.1)
(3.391720377 1.136396102 0.1)
(3.598229115 1.136396102 0.1)
(3.804737853 1.136396102 0.1)
(4.011246592 1.136396102 0.1)
(4.21775533 1.136396102 0.1)
(4.424264068 1.136396102 0.1)
(4.630772806 1.136396102 0.1)
(4.837281544 1.136396102 0.1)
(5.043790283 1.136396102 0.1)
(5.250299021 1.136396102 0.1)
(5.456807759 1.136396102 0.1)
(5.663316497 1.136396102 0.1)
(5.869825236 1.136396102 0.1)
(6.076333974 1.136396102 0.1)
(6.282842712 1.136396102 0.1)
(6.48935145 1.136396102 0.1)
(6.695860188 1.136396102 0.1)
(6.902368927 1.136396102 0.1)
(7.108877665 1.136396102 0.1)
(7.315386403 1.136396102 0.1)
(7.521895141 1.136396102 0.1)
(7.72840388 1.136396102 0.1)
(7.934912618 1.136396102 0.1)
(8.141421356 1.136396102 0.1)
(8.347930094 1.136396102 0.1)
(8.554438832 1.136396102 0.1)
(8.760947571 1.136396102 0.1)
(8.967456309 1.136396102 0.1)
(9.173965047 1.136396102 0.1)
(9.380473785 1.136396102 0.1)
(9.586982524 1.136396102 0.1)
(9.793491262 1.136396102 0.1)
(10 1.136396102 0.1)
(0.70710678 1.565685424 0.1)
(0.9136155182 1.565685424 0.1)
(1.120124256 1.565685424 0.1)
(1.326632995 1.565685424 0.1)
(1.533141733 1.565685424 0.1)
(1.739650471 1.565685424 0.1)
(1.946159209 1.565685424 0.1)
(2.152667948 1.565685424 0.1)
(2.359176686 1.565685424 0.1)
(2.565685424 1.565685424 0.1)
(2.772194162 1.565685424 0.1)
(2.9787029 1.565685424 0.1)
(3.185211639 1.565685424 0.1)
(3.391720377 1.565685424 0.1)
(3.598229115 1.565685424 0.1)
(3.804737853 1.565685424 0.1)
(4.011246592 1.565685424 0.1)
(4.21775533 1.565685424 0.1)
(4.424264068 1.565685424 0.1)
(4.630772806 1.565685424 0.1)
(4.837281544 1.565685424 0.1)
(5.043790283 1.565685424 0.1)
(5.250299021 1.565685424 0.1)
(5.456807759 1.565685424 0.1)
(5.663316497 1.565685424 0.1)
(5.869825236 1.565685424 0.1)
(6.076333974 1.565685424 0.1)
(6.282842712 1.565685424 0.1)
(6.48935145 1.565685424 0.1)
(6.695860188 1.565685424 0.1)
(6.902368927 1.565685424 0.1)
(7.108877665 1.565685424 0.1)
(7.315386403 1.565685424 0.1)
(7.521895141 1.565685424 0.1)
(7.72840388 1.565685424 0.1)
(7.934912618 1.565685424 0.1)
(8.141421356 1.565685424 0.1)
(8.347930094 1.565685424 0.1)
(8.554438832 1.565685424 0.1)
(8.760947571 1.565685424 0.1)
(8.967456309 1.565685424 0.1)
(9.173965047 1.565685424 0.1)
(9.380473785 1.565685424 0.1)
(9.586982524 1.565685424 0.1)
(9.793491262 1.565685424 0.1)
(10 1.565685424 0.1)
(0.70710678 1.994974746 0.1)
(0.9136155182 1.994974746 0.1)
(1.120124256 1.994974746 0.1)
(1.326632995 1.994974746 0.1)
(1.533141733 1.994974746 0.1)
(1.739650471 1.994974746 0.1)
(1.946159209 1.994974746 0.1)
(2.152667948 1.994974746 0.1)
(2.359176686 1.994974746 0.1)
(2.565685424 1.994974746 0.1)
(2.772194162 1.994974746 0.1)
(2.9787029 1.994974746 0.1)
(3.185211639 1.994974746 0.1)
(3.391720377 1.994974746 0.1)
(3.598229115 1.994974746 0.1)
(3.804737853 1.994974746 0.1)
(4.011246592 1.994974746 0.1)
(4.21775533 1.994974746 0.1)
(4.424264068 1.994974746 0.1)
(4.630772806 1.994974746 0.1)
(4.837281544 1.994974746 0.1)
(5.043790283 1.994974746 0.1)
(5.250299021 1.994974746 0.1)
(5.456807759 1.994974746 0.1)
(5.663316497 1.994974746 0.1)
(5.869825236 1.994974746 0.1)
(6.076333974 1.994974746 0.1)
(6.282842712 1.994974746 0.1)
(6.48935145 1.994974746 0.1)
(6.695860188 1.994974746 0.1)
(6.902368927 1.994974746 0.1)
(7.108877665 1.994974746 0.1)
(7.315386403 1.994974746 0.1)
(7.521895141 1.994974746 0.1)
(7.72840388 1.994974746 0.1)
(7.934912618 1.994974746 0.1)
(8.141421356 1.994974746 0.1)
(8.347930094 1.994974746 0.1)
(8.554438832 1.994974746 0.1)
(8.760947571 1.994974746 0.1)
(8.967456309 1.994974746 0.1)
(9.173965047 1.994974746 0.1)
(9.380473785 1.994974746 0.1)
(9.586982524 1.994974746 0.1)
(9.793491262 1.994974746 0.1)
(10 1.994974746 0.1)
(0.70710678 2.424264068 0.1)
(0.9136155182 2.424264068 0.1)
(1.120124256 2.424264068 0.1)
(1.326632995 2.424264068 0.1)
(1.533141733 2.424264068 0.1)
(1.739650471 2.424264068 0.1)
(1.946159209 2.424264068 0.1)
(2.152667948 2.424264068 0.1)
(2.359176686 2.424264068 0.1)
(2.565685424 2.424264068 0.1)
(2.772194162 2.424264068 0.1)
(2.9787029 2.424264068 0.1)
(3.185211639 2.424264068 0.1)
(3.391720377 2.424264068 0.1)
(3.598229115 2.424264068 0.1)
(3.804737853 2.424264068 0.1)
(4.011246592 2.424264068 0.1)
(4.21775533 2.424264068 0.1)
(4.424264068 2.424264068 0.1)
(4.630772806 2.424264068 0.1)
(4.837281544 2.424264068 0.1)
(5.043790283 2.424264068 0.1)
(5.250299021 2.424264068 0.1)
(5.456807759 2.424264068 0.1)
(5.663316497 2.424264068 0.1)
(5.869825236 2.424264068 0.1)
(6.076333974 2.424264068 0.1)
(6.282842712 2.424264068 0.1)
(6.48935145 2.424264068 0.1)
(6.695860188 2.424264068 0.1)
(6.902368927 2.424264068 0.1)
(7.108877665 2.424264068 0.1)
(7.315386403 2.424264068 0.1)
(7.521895141 2.424264068 0.1)
(7.72840388 2.424264068 0.1)
(7.934912618 2.424264068 0.1)
(8.141421356 2.424264068 0.1)
(8.347930094 2.424264068 0.1)
(8.554438832 2.424264068 0.1)
(8.760947571 2.424264068 0.1)
(8.967456309 2.424264068 0.1)
(9.173965047 2.424264068 0.1)
(9.380473785 2.424264068 0.1)
(9.586982524 2.424264068 0.1)
(9.793491262 2.424264068 0.1)
(10 2.424264068 0.1)
(0.70710678 2.85355339 0.1)
(0.9136155182 2.85355339 0.1)
(1.120124256 2.85355339 0.1)
(1.326632995 2.85355339 0.1)
(1.533141733 2.85355339 0.1)
(1.739650471 2.85355339 0.1)
(1.946159209 2.85355339 0.1)
(2.152667948 2.85355339 0.1)
(2.359176686 2.85355339 0.1)
(2.565685424 2.85355339 0.1)
(2.772194162 2.85355339 0.1)
(2.9787029 2.85355339 0.1)
(3.185211639 2.85355339 0.1)
(3.391720377 2.85355339 0.1)
(3.598229115 2.85355339 0.1)
(3.804737853 2.85355339 0.1)
(4.011246592 2.85355339 0.1)
(4.21775533 2.85355339 0.1)
(4.424264068 2.85355339 0.1)
(4.630772806 2.85355339 0.1)
(4.837281544 2.85355339 0.1)
(5.043790283 2.85355339 0.1)
(5.250299021 2.85355339 0.1)
(5.456807759 2.85355339 0.1)
(5.663316497 2.85355339 0.1)
(5.869825236 2.85355339 0.1)
(6.076333974 2.85355339 0.1)
(6.282842712 2.85355339 0.1)
(6.48935145 2.85355339 0.1)
(6.695860188 2.85355339 0.1)
(6.902368927 2.85355339 0.1)
(7.108877665 2.85355339 0.1)
(7.315386403 2.85355339 0.1)
(7.521895141 2.85355339 0.1)
(7.72840388 2.85355339 0.1)
(7.934912618 2.85355339 0.1)
(8.141421356 2.85355339 0.1)
(8.347930094 2.85355339 0.1)
(8.554438832 2.85355339 0.1)
(8.760947571 2.85355339 0.1)
(8.967456309 2.85355339 0.1)
(9.173965047 2.85355339 0.1)
(9.380473785 2.85355339 0.1)
(9.586982524 2.85355339 0.1)
(9.793491262 2.85355339 0.1)
(10 2.85355339 0.1)
(0.70710678 3.282842712 0.1)
(0.9136155182 3.282842712 0.1)
(1.120124256 3.282842712 0.1)
(1.326632995 3.282842712 0.1)
(1.533141733 3.282842712 0.1)
(1.739650471 3.282842712 0.1)
(1.946159209 3.282842712 0.1)
(2.152667948 3.282842712 0.1)
(2.359176686 3.282842712 0.1)
(2.565685424 3.282842712 0.1)
(2.772194162 3.282842712 0.1)
(2.9787029 3.282842712 0.1)
(3.185211639 3.282842712 0.1)
(3.391720377 3.282842712 0.1)
(3.598229115 3.282842712 0.1)
(3.804737853 3.282842712 0.1)
(4.011246592 3.282842712 0.1)
(4.21775533 3.282842712 0.1)
(4.424264068 3.282842712 0.1)
(4.630772806 3.282842712 0.1)
(4.837281544 3.282842712 0.1)
(5.043790283 3.282842712 0.1)
(5.250299021 3.282842712 0.1)
(5.456807759 3.282842712 0.1)
(5.663316497 3.282842712 0.1)
(5.869825236 3.282842712 0.1)
(6.076333974 3.282842712 0.1)
(6.282842712 3.282842712 0.1)
(6.48935145 3.282842712 0.1)
(6.695860188 3.282842712 0.1)
(6.902368927 3.282842712 0.1)
(7.108877665 3.282842712 0.1)
(7.315386403 3.282842712 0.1)
(7.521895141 3.282842712 0.1)
(7.72840388 3.282842712 0.1)
(7.934912618 3.282842712 0.1)
(8.141421356 3.282842712 0.1)
(8.347930094 3.282842712 0.1)
(8.554438832 3.282842712 0.1)
(8.760947571 3.282842712 0.1)
(8.967456309 3.282842712 0.1)
(9.173965047 3.282842712 0.1)
(9.380473785 3.282842712 0.1)
(9.586982524 3.282842712 0.1)
(9.793491262 3.282842712 0.1)
(10 3.282842712 0.1)
(0.70710678 3.712132034 0.1)
(0.9136155182 3.712132034 0.1)
(1.120124256 3.712132034 0.1)
(1.326632995 3.712132034 0.1)
(1.533141733 3.712132034 0.1)
(1.739650471 3.712132034 0.1)
(1.946159209 3.712132034 0.1)
(2.152667948 3.712132034 0.1)
(2.359176686 3.712132034 0.1)
(2.565685424 3.712132034 0.1)
(2.772194162 3.712132034 0.1)
(2.9787029 3.712132034 0.1)
(3.185211639 3.712132034 0.1)
(3.391720377 3.712132034 0.1)
(3.598229115 3.712132034 0.1)
(3.804737853 3.712132034 0.1)
(4.011246592 3.712132034 0.1)
(4.21775533 3.712132034 0.1)
(4.424264068 3.712132034 0.1)
(4.630772806 3.712132034 0.1)
(4.837281544 3.712132034 0.1)
(5.043790283 3.712132034 0.1)
(5.250299021 3.712132034 0.1)
(5.456807759 3.712132034 0.1)
(5.663316497 3.712132034 0.1)
(5.869825236 3.712132034 0.1)
(6.076333974 3.712132034 0.1)
(6.282842712 3.712132034 0.1)
(6.48935145 3.712132034 0.1)
(6.695860188 3.712132034 0.1)
(6.902368927 3.712132034 0.1)
(7.108877665 3.712132034 0.1)
(7.315386403 3.712132034 0.1)
(7.521895141 3.712132034 0.1)
(7.72840388 3.712132034 0.1)
(7.934912618 3.712132034 0.1)
(8.141421356 3.712132034 0.1)
(8.347930094 3.712132034 0.1)
(8.554438832 3.712132034 0.1)
(8.760947571 3.712132034 0.1)
(8.967456309 3.712132034 0.1)
(9.173965047 3.712132034 0.1)
(9.380473785 3.712132034 0.1)
(9.586982524 3.712132034 0.1)
(9.793491262 3.712132034 0.1)
(10 3.712132034 0.1)
(0.70710678 4.141421356 0.1)
(0.9136155182 4.141421356 0.1)
(1.120124256 4.141421356 0.1)
(1.326632995 4.141421356 0.1)
(1.533141733 4.141421356 0.1)
(1.739650471 4.141421356 0.1)
(1.946159209 4.141421356 0.1)
(2.152667948 4.141421356 0.1)
(2.359176686 4.141421356 0.1)
(2.565685424 4.141421356 0.1)
(2.772194162 4.141421356 0.1)
(2.9787029 4.141421356 0.1)
(3.185211639 4.141421356 0.1)
(3.391720377 4.141421356 0.1)
(3.598229115 4.141421356 0.1)
(3.804737853 4.141421356 0.1)
(4.011246592 4.141421356 0.1)
(4.21775533 4.141421356 0.1)
(4.424264068 4.141421356 0.1)
(4.630772806 4.141421356 0.1)
(4.837281544 4.141421356 0.1)
(5.043790283 4.141421356 0.1)
(5.250299021 4.141421356 0.1)
(5.456807759 4.141421356 0.1)
(5.663316497 4.141421356 0.1)
(5.869825236 4.141421356 0.1)
(6.076333974 4.141421356 0.1)
(6.282842712 4.141421356 0.1)
(6.48935145 4.141421356 0.1)
(6.695860188 4.141421356 0.1)
(6.902368927 4.141421356 0.1)
(7.108877665 4.141421356 0.1)
(7.315386403 4.141421356 0.1)
(7.521895141 4.141421356 0.1)
(7.72840388 4.141421356 0.1)
(7.934912618 4.141421356 0.1)
(8.141421356 4.141421356 0.1)
(8.347930094 4.141421356 0.1)
(8.554438832 4.141421356 0.1)
(8.760947571 4.141421356 0.1)
(8.967456309 4.141421356 0.1)
(9.173965047 4.141421356 0.1)
(9.380473785 4.141421356 0.1)
(9.586982524 4.141421356 0.1)
(9.793491262 4.141421356 0.1)
(10 4.141421356 0.1)
(0.70710678 4.570710678 0.1)
(0.9136155182 4.570710678 0.1)
(1.120124256 4.570710678 0.1)
(1.326632995 4.570710678 0.1)
(1.533141733 4.570710678 0.1)
(1.739650471 4.570710678 0.1)
(1.946159209 4.570710678 0.1)
(2.152667948 4.570710678 0.1)
(2.359176686 4.570710678 0.1)
(2.565685424 4.570710678 0.1)
(2.772194162 4.570710678 0.1)
(2.9787029 4.570710678 0.1)
(3.185211639 4.570710678 0.1)
(3.391720377 4.570710678 0.1)
(3.598229115 4.570710678 0.1)
(3.804737853 4.570710678 0.1)
(4.011246592 4.570710678 0.1)
(4.21775533 4.570710678 0.1)
(4.424264068 4.570710678 0.1)
(4.630772806 4.570710678 0.1)
(4.837281544 4.570710678 0.1)
(5.043790283 4.570710678 0.1)
(5.250299021 4.570710678 0.1)
(5.456807759 4.570710678 0.1)
(5.663316497 4.570710678 0.1)
(5.869825236 4.570710678 0.1)
(6.076333974 4.570710678 0.1)
(6.282842712 4.570710678 0.1)
(6.48935145 4.570710678 0.1)
(6.695860188 4.570710678 0.1)
(6.902368927 4.570710678 0.1)
(7.108877665 4.570710678 0.1)
(7.315386403 4.570710678 0.1)
(7.521895141 4.570710678 0.1)
(7.72840388 4.570710678 0.1)
(7.934912618 4.570710678 0.1)
(8.141421356 4.570710678 0.1)
(8.347930094 4.570710678 0.1)
(8.554438832 4.570710678 0.1)
(8.760947571 4.570710678 0.1)
(8.967456309 4.570710678 0.1)
(9.173965047 4.570710678 0.1)
(9.380473785 4.570710678 0.1)
(9.586982524 4.570710678 0.1)
(9.793491262 4.570710678 0.1)
(10 4.570710678 0.1)
(0.70710678 5 0.1)
(0.9136155182 5 0.1)
(1.120124256 5 0.1)
(1.326632995 5 0.1)
(1.533141733 5 0.1)
(1.739650471 5 0.1)
(1.946159209 5 0.1)
(2.152667948 5 0.1)
(2.359176686 5 0.1)
(2.565685424 5 0.1)
(2.772194162 5 0.1)
(2.9787029 5 0.1)
(3.185211639 5 0.1)
(3.391720377 5 0.1)
(3.598229115 5 0.1)
(3.804737853 5 0.1)
(4.011246592 5 0.1)
(4.21775533 5 0.1)
(4.424264068 5 0.1)
(4.630772806 5 0.1)
(4.837281544 5 0.1)
(5.043790283 5 0.1)
(5.250299021 5 0.1)
(5.456807759 5 0.1)
(5.663316497 5 0.1)
(5.869825236 5 0.1)
(6.076333974 5 0.1)
(6.282842712 5 0.1)
(6.48935145 5 0.1)
(6.695860188 5 0.1)
(6.902368927 5 0.1)
(7.108877665 5 0.1)
(7.315386403 5 0.1)
(7.521895141 5 0.1)
(7.72840388 5 0.1)
(7.934912618 5 0.1)
(8.141421356 5 0.1)
(8.347930094 5 0.1)
(8.554438832 5 0.1)
(8.760947571 5 0.1)
(8.967456309 5 0.1)
(9.173965047 5 0.1)
(9.380473785 5 0.1)
(9.586982524 5 0.1)
(9.793491262 5 0.1)
(10 5 0.1)
(-0.70710678 0.70710678 0)
(-0.4999999995 0.8660254032 0)
(-0.2588190449 0.9659258261 0)
(0 1 0)
(0.2588190449 0.9659258261 0)
(0.4999999995 0.8660254032 0)
(-0.70710678 1.136396102 0)
(-0.4971404515 1.279422863 0)
(-0.2565073664 1.369333244 0)
(0 1.4 0)
(0.2565073664 1.369333244 0)
(0.4971404515 1.279422863 0)
(-0.70710678 1.565685424 0)
(-0.4942809036 1.692820323 0)
(-0.2541956879 1.772740661 0)
(0 1.8 0)
(0.2541956879 1.772740661 0)
(0.4942809036 1.692820323 0)
(-0.70710678 1.994974746 0)
(-0.4914213556 2.106217782 0)
(-0.2518840094 2.176148078 0)
(0 2.2 0)
(0.2518840094 2.176148078 0)
(0.4914213556 2.106217782 0)
(-0.70710678 2.424264068 0)
(-0.4885618077 2.519615242 0)
(-0.249572331 2.579555496 0)
(0 2.6 0)
(0.249572331 2.579555496 0)
(0.4885618077 2.519615242 0)
(-0.70710678 2.85355339 0)
(-0.4857022597 2.933012702 0)
(-0.2472606525 2.982962913 0)
(0 3 0)
(0.2472606525 2.982962913 0)
(0.4857022597 2.933012702 0)
(-0.70710678 3.282842712 0)
(-0.4828427118 3.346410161 0)
(-0.244948974 3.38637033 0)
(0 3.4 0)
(0.244948974 3.38637033 0)
(0.4828427118 3.346410161 0)
(-0.70710678 3.712132034 0)
(-0.4799831638 3.759807621 0)
(-0.2426372955 3.789777748 0)
(0 3.8 0)
(0.2426372955 3.789777748 0)
(0.4799831638 3.759807621 0)
(-0.70710678 4.141421356 0)
(-0.4771236159 4.173205081 0)
(-0.240325617 4.193185165 0)
(0 4.2 0)
(0.240325617 4.193185165 0)
(0.4771236159 4.173205081 0)
(-0.70710678 4.570710678 0)
(-0.4742640679 4.58660254 0)
(-0.2380139385 4.596592583 0)
(0 4.6 0)
(0.2380139385 4.596592583 0)
(0.4742640679 4.58660254 0)
(-0.70710678 5 0)
(-0.47140452 5 0)
(-0.23570226 5 0)
(0 5 0)
(0.23570226 5 0)
(0.47140452 5 0)
(-0.70710678 0.70710678 0.1)
(-0.4999999995 0.8660254032 0.1)
(-0.2588190449 0.9659258261 0.1)
(0 1 0.1)
(0.2588190449 0.9659258261 0.1)
(0.4999999995 0.8660254032 0.1)
(-0.70710678 1.136396102 0.1)
(-0.4971404515 1.279422863 0.1)
(-0.2565073664 1.369333244 0.1)
(0 1.4 0.1)
(0.2565073664 1.369333244 0.1)
(0.4971404515 1.279422863 0.1)
(-0.70710678 1.565685424 0.1)
(-0.4942809036 1.692820323 0.1)
(-0.2541956879 1.772740661 0.1)
(0 1.8 0.1)
(0.2541956879 1.772740661 0.1)
(0.4942809036 1.692820323 0.1)
(-0.70710678 1.994974746 0.1)
(-0.4914213556 2.106217782 0.1)
(-0.2518840094 2.176148078 0.1)
(0 2.2 0.1)
(0.2518840094 2.176148078 0.1)
(0.4914213556 2.106217782 0.1)
(-0.70710678 2.424264068 0.1)
(-0.4885618077 2.519615242 0.1)
(-0.249572331 2.579555496 0.1)
(0 2.6 0.1)
(0.249572331 2.579555496 0.1)
(0.4885618077 2.519615242 0.1)
(-0.70710678 2.85355339 0.1)
(-0.4857022597 2.933012702 0.1)
(-0.2472606525 2.982962913 0.1)
(0 3 0.1)
(0.2472606525 2.982962913 0.1)
(0.4857022597 2.933012702 0.1)
(-0.70710678 3.282842712 0.1)
(-0.4828427118 3.346410161 0.1)
(-0.244948974 3.38637033 0.1)
(0 3.4 0.1)
(0.244948974 3.38637033 0.1)
(0.4828427118 3.346410161 0.1)
(-0.70710678 3.712132034 0.1)
(-0.4799831638 3.759807621 0.1)
(-0.2426372955 3.789777748 0.1)
(0 3.8 0.1)
(0.2426372955 3.789777748 0.1)
(0.4799831638 3.759807621 0.1)
(-0.70710678 4.141421356 0.1)
(-0.4771236159 4.173205081 0.1)
(-0.240325617 4.193185165 0.1)
(0 4.2 0.1)
(0.240325617 4.193185165 0.1)
(0.4771236159 4.173205081 0.1)
(-0.70710678 4.570710678 0.1)
(-0.4742640679 4.58660254 0.1)
(-0.2380139385 4.596592583 0.1)
(0 4.6 0.1)
(0.2380139385 4.596592583 0.1)
(0.4742640679 4.58660254 0.1)
(-0.70710678 5 0.1)
(-0.47140452 5 0.1)
(-0.23570226 5 0.1)
(0 5 0.1)
(0.23570226 5 0.1)
(0.47140452 5 0.1)
(-3 0.70710678 0)
(-2.770710678 0.70710678 0)
(-2.541421356 0.70710678 0)
(-2.312132034 0.70710678 0)
(-2.082842712 0.70710678 0)
(-1.85355339 0.70710678 0)
(-1.624264068 0.70710678 0)
(-1.394974746 0.70710678 0)
(-1.165685424 0.70710678 0)
(-0.936396102 0.70710678 0)
(-3 1.136396102 0)
(-2.770710678 1.136396102 0)
(-2.541421356 1.136396102 0)
(-2.312132034 1.136396102 0)
(-2.082842712 1.136396102 0)
(-1.85355339 1.136396102 0)
(-1.624264068 1.136396102 0)
(-1.394974746 1.136396102 0)
(-1.165685424 1.136396102 0)
(-0.936396102 1.136396102 0)
(-3 1.565685424 0)
(-2.770710678 1.565685424 0)
(-2.541421356 1.565685424 0)
(-2.312132034 1.565685424 0)
(-2.082842712 1.565685424 0)
(-1.85355339 1.565685424 0)
(-1.624264068 1.565685424 0)
(-1.394974746 1.565685424 0)
(-1.165685424 1.565685424 0)
(-0.936396102 1.565685424 0)
(-3 1.994974746 0)
(-2.770710678 1.994974746 0)
(-2.541421356 1.994974746 0)
(-2.312132034 1.994974746 0)
(-2.082842712 1.994974746 0)
(-1.85355339 1.994974746 0)
(-1.624264068 1.994974746 0)
(-1.394974746 1.994974746 0)
(-1.165685424 1.994974746 0)
(-0.936396102 1.994974746 0)
(-3 2.424264068 0)
(-2.770710678 2.424264068 0)
(-2.541421356 2.424264068 0)
(-2.312132034 2.424264068 0)
(-2.082842712 2.424264068 0)
(-1.85355339 2.424264068 0)
(-1.624264068 2.424264068 0)
(-1.394974746 2.424264068 0)
(-1.165685424 2.424264068 0)
(-0.936396102 2.424264068 0)
(-3 2.85355339 0)
(-2.770710678 2.85355339 0)
(-2.541421356 2.85355339 0)
(-2.312132034 2.85355339 0)
(-2.082842712 2.85355339 0)
(-1.85355339 2.85355339 0)
(-1.624264068 2.85355339 0)
(-1.394974746 2.85355339 0)
(-1.165685424 2.85355339 0)
(-0.936396102 2.85355339 0)
(-3 3.282842712 0)
(-2.770710678 3.282842712 0)
(-2.541421356 3.282842712 0)
(-2.312132034 3.282842712 0)
(-2.082842712 3.282842712 0)
(-1.85355339 3.282842712 0)
(-1.624264068 3.282842712 0)
(-1.394974746 3.282842712 0)
(-1.165685424 3.282842712 0)
(-0.936396102 3.282842712 0)
(-3 3.712132034 0)
(-2.770710678 3.712132034 0)
(-2.541421356 3.712132034 0)
(-2.312132034 3.712132034 0)
(-2.082842712 3.712132034 0)
(-1.85355339 3.712132034 0)
(-1.624264068 3.712132034 0)
(-1.394974746 3.712132034 0)
(-1.165685424 3.712132034 0)
(-0.936396102 3.712132034 0)
(-3 4.141421356 0)
(-2.770710678 4.141421356 0)
(-2.541421356 4.141421356 0)
(-2.312132034 4.141421356 0)
(-2.082842712 4.141421356 0)
(-1.85355339 4.141421356 0)
(-1.624264068 4.141421356 0)
(-1.394974746 4.141421356 0)
(-1.165685424 4.141421356 0)
(-0.936396102 4.141421356 0)
(-3 4.570710678 0)
(-2.770710678 4.570710678 0)
(-2.541421356 4.570710678 0)
(-2.312132034 4.570710678 0)
(-2.082842712 4.570710678 0)
(-1.85355339 4.570710678 0)
(-1.624264068 4.570710678 0)
(-1.394974746 4.570710678 0)
(-1.165685424 4.570710678 0)
(-0.936396102 4.570710678 0)
(-3 5 0)
(-2.770710678 5 0)
(-2.541421356 5 0)
(-2.312132034 5 0)
(-2.082842712 5 0)
(-1.85355339 5 0)
(-1.624264068 5 0)
(-1.394974746 5 0)
(-1.165685424 5 0)
(-0.936396102 5 0)
(-3 0.70710678 0.1)
(-2.770710678 0.70710678 0.1)
(-2.541421356 0.70710678 0.1)
(-2.312132034 0.70710678 0.1)
(-2.082842712 0.70710678 0.1)
(-1.85355339 0.70710678 0.1)
(-1.624264068 0.70710678 0.1)
(-1.394974746 0.70710678 0.1)
(-1.165685424 0.70710678 0.1)
(-0.936396102 0.70710678 0.1)
(-3 1.136396102 0.1)
(-2.770710678 1.136396102 0.1)
(-2.541421356 1.136396102 0.1)
(-2.312132034 1.136396102 0.1)
(-2.082842712 1.136396102 0.1)
(-1.85355339 1.136396102 0.1)
(-1.624264068 1.136396102 0.1)
(-1.394974746 1.136396102 0.1)
(-1.165685424 1.136396102 0.1)
(-0.936396102 1.136396102 0.1)
(-3 1.565685424 0.1)
(-2.770710678 1.565685424 0.1)
(-2.541421356 1.565685424 0.1)
(-2.312132034 1.565685424 0.1)
(-2.082842712 1.565685424 0.1)
(-1.85355339 1.565685424 0.1)
(-1.624264068 1.565685424 0.1)
(-1.394974746 1.565685424 0.1)
(-1.165685424 1.565685424 0.1)
(-0.936396102 1.565685424 0.1)
(-3 1.994974746 0.1)
(-2.770710678 1.994974746 0.1)
(-2.541421356 1.994974746 0.1)
(-2.312132034 1.994974746 0.1)
(-2.082842712 1.994974746 0.1)
(-1.85355339 1.994974746 0.1)
(-1.624264068 1.994974746 0.1)
(-1.394974746 1.994974746 0.1)
(-1.165685424 1.994974746 0.1)
(-0.936396102 1.994974746 0.1)
(-3 2.424264068 0.1)
(-2.770710678 2.424264068 0.1)
(-2.541421356 2.424264068 0.1)
(-2.312132034 2.424264068 0.1)
(-2.082842712 2.424264068 0.1)
(-1.85355339 2.424264068 0.1)
(-1.624264068 2.424264068 0.1)
(-1.394974746 2.424264068 0.1)
(-1.165685424 2.424264068 0.1)
(-0.936396102 2.424264068 0.1)
(-3 2.85355339 0.1)
(-2.770710678 2.85355339 0.1)
(-2.541421356 2.85355339 0.1)
(-2.312132034 2.85355339 0.1)
(-2.082842712 2.85355339 0.1)
(-1.85355339 2.85355339 0.1)
(-1.624264068 2.85355339 0.1)
(-1.394974746 2.85355339 0.1)
(-1.165685424 2.85355339 0.1)
(-0.936396102 2.85355339 0.1)
(-3 3.282842712 0.1)
(-2.770710678 3.282842712 0.1)
(-2.541421356 3.282842712 0.1)
(-2.312132034 3.282842712 0.1)
(-2.082842712 3.282842712 0.1)
(-1.85355339 3.282842712 0.1)
(-1.624264068 3.282842712 0.1)
(-1.394974746 3.282842712 0.1)
(-1.165685424 3.282842712 0.1)
(-0.936396102 3.282842712 0.1)
(-3 3.712132034 0.1)
(-2.770710678 3.712132034 0.1)
(-2.541421356 3.712132034 0.1)
(-2.312132034 3.712132034 0.1)
(-2.082842712 3.712132034 0.1)
(-1.85355339 3.712132034 0.1)
(-1.624264068 3.712132034 0.1)
(-1.394974746 3.712132034 0.1)
(-1.165685424 3.712132034 0.1)
(-0.936396102 3.712132034 0.1)
(-3 4.141421356 0.1)
(-2.770710678 4.141421356 0.1)
(-2.541421356 4.141421356 0.1)
(-2.312132034 4.141421356 0.1)
(-2.082842712 4.141421356 0.1)
(-1.85355339 4.141421356 0.1)
(-1.624264068 4.141421356 0.1)
(-1.394974746 4.141421356 0.1)
(-1.165685424 4.141421356 0.1)
(-0.936396102 4.141421356 0.1)
(-3 4.570710678 0.1)
(-2.770710678 4.570710678 0.1)
(-2.541421356 4.570710678 0.1)
(-2.312132034 4.570710678 0.1)
(-2.082842712 4.570710678 0.1)
(-1.85355339 4.570710678 0.1)
(-1.624264068 4.570710678 0.1)
(-1.394974746 4.570710678 0.1)
(-1.165685424 4.570710678 0.1)
(-0.936396102 4.570710678 0.1)
(-3 5 0.1)
(-2.770710678 5 0.1)
(-2.541421356 5 0.1)
(-2.312132034 5 0.1)
(-2.082842712 5 0.1)
(-1.85355339 5 0.1)
(-1.624264068 5 0.1)
(-1.394974746 5 0.1)
(-1.165685424 5 0.1)
(-0.936396102 5 0.1)
(-3 -0.35355339 0)
(-2.792387953 -0.3564663942 0)
(-2.584775906 -0.3593793984 0)
(-2.37716386 -0.3622924026 0)
(-2.169551813 -0.3652054068 0)
(-1.961939766 -0.368118411 0)
(-1.754327719 -0.3710314152 0)
(-1.546715673 -0.3739444194 0)
(-1.339103626 -0.3768574236 0)
(-1.131491579 -0.3797704278 0)
(-0.9238795322 -0.382683432 0)
(-3 0 0)
(-2.8 0 0)
(-2.6 0 0)
(-2.4 0 0)
(-2.2 0 0)
(-2 0 0)
(-1.8 0 0)
(-1.6 4.625929269e-18 0)
(-1.4 4.625929269e-18 0)
(-1.2 2.312964635e-18 0)
(-1 0 0)
(-3 0.35355339 0)
(-2.792387953 0.3564663942 0)
(-2.584775906 0.3593793984 0)
(-2.37716386 0.3622924026 0)
(-2.169551813 0.3652054068 0)
(-1.961939766 0.368118411 0)
(-1.754327719 0.3710314152 0)
(-1.546715673 0.3739444194 0)
(-1.339103626 0.3768574236 0)
(-1.131491579 0.3797704278 0)
(-0.9238795322 0.382683432 0)
(-3 -0.35355339 0.1)
(-2.792387953 -0.3564663942 0.1)
(-2.584775906 -0.3593793984 0.1)
(-2.37716386 -0.3622924026 0.1)
(-2.169551813 -0.3652054068 0.1)
(-1.961939766 -0.368118411 0.1)
(-1.754327719 -0.3710314152 0.1)
(-1.546715673 -0.3739444194 0.1)
(-1.339103626 -0.3768574236 0.1)
(-1.131491579 -0.3797704278 0.1)
(-0.9238795322 -0.382683432 0.1)
(-3 0 0.1)
(-2.8 0 0.1)
(-2.6 0 0.1)
(-2.4 0 0.1)
(-2.2 0 0.1)
(-2 0 0.1)
(-1.8 0 0.1)
(-1.6 4.625929269e-18 0.1)
(-1.4 4.625929269e-18 0.1)
(-1.2 2.312964635e-18 0.1)
(-1 0 0.1)
(-3 0.35355339 0.1)
(-2.792387953 0.3564663942 0.1)
(-2.584775906 0.3593793984 0.1)
(-2.37716386 0.3622924026 0.1)
(-2.169551813 0.3652054068 0.1)
(-1.961939766 0.368118411 0.1)
(-1.754327719 0.3710314152 0.1)
(-1.546715673 0.3739444194 0.1)
(-1.339103626 0.3768574236 0.1)
(-1.131491579 0.3797704278 0.1)
(-0.9238795322 0.382683432 0.1)
(-0.58618844 -0.58618844 0)
(-0.5038077339 -0.5038077339 0)
(-0.4476824123 -0.4476824123 0)
(-0.4094446757 -0.4094446757 0)
(-0.3833936091 -0.3833936091 0)
(-0.365645224 -0.365645224 0)
(-0.35355339 -0.35355339 0)
(-0.7658921071 -0.3172428979 0)
(-0.6582565274 -0.2726587811 0)
(-0.5849252607 -0.2422839758 0)
(-0.5349652502 -0.2215898619 0)
(-0.5009278913 -0.2074911262 0)
(-0.4777385086 -0.1978857694 0)
(-0.4619397661 -0.191341716 0)
(-0.8289956433 -9.251858539e-18 0)
(-0.7124917314 -9.251858539e-18 0)
(-0.6331185401 0 0)
(-0.5790422144 0 0)
(-0.5422004426 4.625929269e-18 0)
(-0.5171004357 0 0)
(-0.5 0 0)
(-0.7658921071 0.3172428979 0)
(-0.6582565274 0.2726587811 0)
(-0.5849252607 0.2422839758 0)
(-0.5349652502 0.2215898619 0)
(-0.5009278913 0.2074911262 0)
(-0.4777385086 0.1978857694 0)
(-0.4619397661 0.191341716 0)
(-0.58618844 0.58618844 0)
(-0.5038077339 0.5038077339 0)
(-0.4476824123 0.4476824123 0)
(-0.4094446757 0.4094446757 0)
(-0.3833936091 0.3833936091 0)
(-0.365645224 0.365645224 0)
(-0.35355339 0.35355339 0)
(-0.58618844 -0.58618844 0.1)
(-0.5038077339 -0.5038077339 0.1)
(-0.4476824123 -0.4476824123 0.1)
(-0.4094446757 -0.4094446757 0.1)
(-0.3833936091 -0.3833936091 0.1)
(-0.365645224 -0.365645224 0.1)
(-0.35355339 -0.35355339 0.1)
(-0.7658921071 -0.3172428979 0.1)
(-0.6582565274 -0.2726587811 0.1)
(-0.5849252607 -0.2422839758 0.1)
(-0.5349652502 -0.2215898619 0.1)
(-0.5009278913 -0.2074911262 0.1)
(-0.4777385086 -0.1978857694 0.1)
(-0.4619397661 -0.191341716 0.1)
(-0.8289956433 -9.251858539e-18 0.1)
(-0.7124917314 -9.251858539e-18 0.1)
(-0.6331185401 0 0.1)
(-0.5790422144 0 0.1)
(-0.5422004426 4.625929269e-18 0.1)
(-0.5171004357 0 0.1)
(-0.5 0 0.1)
(-0.7658921071 0.3172428979 0.1)
(-0.6582565274 0.2726587811 0.1)
(-0.5849252607 0.2422839758 0.1)
(-0.5349652502 0.2215898619 0.1)
(-0.5009278913 0.2074911262 0.1)
(-0.4777385086 0.1978857694 0.1)
(-0.4619397661 0.191341716 0.1)
(-0.58618844 0.58618844 0.1)
(-0.5038077339 0.5038077339 0.1)
(-0.4476824123 0.4476824123 0.1)
(-0.4094446757 0.4094446757 0.1)
(-0.3833936091 0.3833936091 0.1)
(-0.365645224 0.365645224 0.1)
(-0.35355339 0.35355339 0.1)
(-0.4144978212 -0.7179312863 0)
(-0.2145598607 -0.8007483016 0)
(0 -0.8289956433 0)
(0.2145598607 -0.8007483016 0)
(0.4144978212 -0.7179312863 0)
(0.58618844 -0.58618844 0)
(-0.3562458653 -0.6170359389 0)
(-0.1844064294 -0.6882141642 0)
(0 -0.7124917314 0)
(0.1844064294 -0.6882141642 0)
(0.3562458653 -0.6170359389 0)
(0.5038077339 -0.5038077339 0)
(-0.3165592697 -0.548296739 0)
(-0.1638631359 -0.6115455489 0)
(0 -0.6331185401 0)
(0.1638631359 -0.6115455489 0)
(0.3165592697 -0.548296739 0)
(0.4476824123 -0.4476824123 0)
(-0.2895211069 -0.5014652672 0)
(-0.1498671529 -0.5593118293 0)
(0 -0.5790422144 0)
(0.1498671529 -0.5593118293 0)
(0.2895211069 -0.5014652672 0)
(0.4094446757 -0.4094446757 0)
(-0.271100221 -0.4695593569 0)
(-0.1403318007 -0.5237254105 0)
(0 -0.5422004426 0)
(0.1403318007 -0.5237254105 0)
(0.271100221 -0.4695593569 0)
(0.3833936091 -0.3833936091 0)
(-0.2585502176 -0.4478221133 0)
(-0.1338354409 -0.4994806655 0)
(0 -0.5171004357 0)
(0.1338354409 -0.4994806655 0)
(0.2585502176 -0.4478221133 0)
(0.365645224 -0.365645224 0)
(-0.2499999997 -0.4330127016 0)
(-0.1294095225 -0.4829629131 0)
(0 -0.5 0)
(0.1294095225 -0.4829629131 0)
(0.2499999997 -0.4330127016 0)
(0.35355339 -0.35355339 0)
(-0.4144978212 -0.7179312863 0.1)
(-0.2145598607 -0.8007483016 0.1)
(0 -0.8289956433 0.1)
(0.2145598607 -0.8007483016 0.1)
(0.4144978212 -0.7179312863 0.1)
(0.58618844 -0.58618844 0.1)
(-0.3562458653 -0.6170359389 0.1)
(-0.1844064294 -0.6882141642 0.1)
(0 -0.7124917314 0.1)
(0.1844064294 -0.6882141642 0.1)
(0.3562458653 -0.6170359389 0.1)
(0.5038077339 -0.5038077339 0.1)
(-0.3165592697 -0.548296739 0.1)
(-0.1638631359 -0.6115455489 0.1)
(0 -0.6331185401 0.1)
(0.1638631359 -0.6115455489 0.1)
(0.3165592697 -0.548296739 0.1)
(0.4476824123 -0.4476824123 0.1)
(-0.2895211069 -0.5014652672 0.1)
(-0.1498671529 -0.5593118293 0.1)
(0 -0.5790422144 0.1)
(0.1498671529 -0.5593118293 0.1)
(0.2895211069 -0.5014652672 0.1)
(0.4094446757 -0.4094446757 0.1)
(-0.271100221 -0.4695593569 0.1)
(-0.1403318007 -0.5237254105 0.1)
(0 -0.5422004426 0.1)
(0.1403318007 -0.5237254105 0.1)
(0.271100221 -0.4695593569 0.1)
(0.3833936091 -0.3833936091 0.1)
(-0.2585502176 -0.4478221133 0.1)
(-0.1338354409 -0.4994806655 0.1)
(0 -0.5171004357 0.1)
(0.1338354409 -0.4994806655 0.1)
(0.2585502176 -0.4478221133 0.1)
(0.365645224 -0.365645224 0.1)
(-0.2499999997 -0.4330127016 0.1)
(-0.1294095225 -0.4829629131 0.1)
(0 -0.5 0.1)
(0.1294095225 -0.4829629131 0.1)
(0.2499999997 -0.4330127016 0.1)
(0.35355339 -0.35355339 0.1)
(0.4619397661 -0.191341716 0)
(0.4777385086 -0.1978857694 0)
(0.5009278913 -0.2074911262 0)
(0.5349652502 -0.2215898619 0)
(0.5849252607 -0.2422839758 0)
(0.6582565274 -0.2726587811 0)
(0.7658921071 -0.3172428979 0)
(0.5 0 0)
(0.5171004357 0 0)
(0.5422004426 9.251858539e-18 0)
(0.5790422144 0 0)
(0.6331185401 0 0)
(0.7124917314 -9.251858539e-18 0)
(0.8289956433 -4.625929269e-18 0)
(0.4619397661 0.191341716 0)
(0.4777385086 0.1978857694 0)
(0.5009278913 0.2074911262 0)
(0.5349652502 0.2215898619 0)
(0.5849252607 0.2422839758 0)
(0.6582565274 0.2726587811 0)
(0.7658921071 0.3172428979 0)
(0.35355339 0.35355339 0)
(0.365645224 0.365645224 0)
(0.3833936091 0.3833936091 0)
(0.4094446757 0.4094446757 0)
(0.4476824123 0.4476824123 0)
(0.5038077339 0.5038077339 0)
(0.58618844 0.58618844 0)
(0.4619397661 -0.191341716 0.1)
(0.4777385086 -0.1978857694 0.1)
(0.5009278913 -0.2074911262 0.1)
(0.5349652502 -0.2215898619 0.1)
(0.5849252607 -0.2422839758 0.1)
(0.6582565274 -0.2726587811 0.1)
(0.7658921071 -0.3172428979 0.1)
(0.5 0 0.1)
(0.5171004357 0 0.1)
(0.5422004426 9.251858539e-18 0.1)
(0.5790422144 0 0.1)
(0.6331185401 0 0.1)
(0.7124917314 -9.251858539e-18 0.1)
(0.8289956433 -4.625929269e-18 0.1)
(0.4619397661 0.191341716 0.1)
(0.4777385086 0.1978857694 0.1)
(0.5009278913 0.2074911262 0.1)
(0.5349652502 0.2215898619 0.1)
(0.5849252607 0.2422839758 0.1)
(0.6582565274 0.2726587811 0.1)
(0.7658921071 0.3172428979 0.1)
(0.35355339 0.35355339 0.1)
(0.365645224 0.365645224 0.1)
(0.3833936091 0.3833936091 0.1)
(0.4094446757 0.4094446757 0.1)
(0.4476824123 0.4476824123 0.1)
(0.5038077339 0.5038077339 0.1)
(0.58618844 0.58618844 0.1)
(-0.2499999997 0.4330127016 0)
(-0.1294095225 0.4829629131 0)
(0 0.5 0)
(0.1294095225 0.4829629131 0)
(0.2499999997 0.4330127016 0)
(-0.2585502176 0.4478221133 0)
(-0.1338354409 0.4994806655 0)
(0 0.5171004357 0)
(0.1338354409 0.4994806655 0)
(0.2585502176 0.4478221133 0)
(-0.271100221 0.4695593569 0)
(-0.1403318007 0.5237254105 0)
(0 0.5422004426 0)
(0.1403318007 0.5237254105 0)
(0.271100221 0.4695593569 0)
(-0.2895211069 0.5014652672 0)
(-0.1498671529 0.5593118293 0)
(0 0.5790422144 0)
(0.1498671529 0.5593118293 0)
(0.2895211069 0.5014652672 0)
(-0.3165592697 0.548296739 0)
(-0.1638631359 0.6115455489 0)
(0 0.6331185401 0)
(0.1638631359 0.6115455489 0)
(0.3165592697 0.548296739 0)
(-0.3562458653 0.6170359389 0)
(-0.1844064294 0.6882141642 0)
(0 0.7124917314 0)
(0.1844064294 0.6882141642 0)
(0.3562458653 0.6170359389 0)
(-0.4144978212 0.7179312863 0)
(-0.2145598607 0.8007483016 0)
(0 0.8289956433 0)
(0.2145598607 0.8007483016 0)
(0.4144978212 0.7179312863 0)
(-0.2499999997 0.4330127016 0.1)
(-0.1294095225 0.4829629131 0.1)
(0 0.5 0.1)
(0.1294095225 0.4829629131 0.1)
(0.2499999997 0.4330127016 0.1)
(-0.2585502176 0.4478221133 0.1)
(-0.1338354409 0.4994806655 0.1)
(0 0.5171004357 0.1)
(0.1338354409 0.4994806655 0.1)
(0.2585502176 0.4478221133 0.1)
(-0.271100221 0.4695593569 0.1)
(-0.1403318007 0.5237254105 0.1)
(0 0.5422004426 0.1)
(0.1403318007 0.5237254105 0.1)
(0.271100221 0.4695593569 0.1)
(-0.2895211069 0.5014652672 0.1)
(-0.1498671529 0.5593118293 0.1)
(0 0.5790422144 0.1)
(0.1498671529 0.5593118293 0.1)
(0.2895211069 0.5014652672 0.1)
(-0.3165592697 0.548296739 0.1)
(-0.1638631359 0.6115455489 0.1)
(0 0.6331185401 0.1)
(0.1638631359 0.6115455489 0.1)
(0.3165592697 0.548296739 0.1)
(-0.3562458653 0.6170359389 0.1)
(-0.1844064294 0.6882141642 0.1)
(0 0.7124917314 0.1)
(0.1844064294 0.6882141642 0.1)
(0.3562458653 0.6170359389 0.1)
(-0.4144978212 0.7179312863 0.1)
(-0.2145598607 0.8007483016 0.1)
(0 0.8289956433 0.1)
(0.2145598607 0.8007483016 0.1)
(0.4144978212 0.7179312863 0.1)
)


// ************************************************************************* //
