/*--------------------------------*- C++ -*----------------------------------*\
| =========                 |                                                 |
| \\      /  F ield         | OpenFOAM: The Open Source CFD Toolbox           |
|  \\    /   O peration     | Version:  5.x                                   |
|   \\  /    A nd           | Web:      www.OpenFOAM.org                      |
|    \\/     M anipulation  |                                                 |
\*---------------------------------------------------------------------------*/
FoamFile
{
    version     2.0;
    format      ascii;
    class       volScalarField;
    location    "231";
    object      epsilon;
}
// * * * * * * * * * * * * * * * * * * * * * * * * * * * * * * * * * * * * * //

dimensions      [0 2 -3 0 0 0 0];

internalField   nonuniform List<scalar> 
5760
(
155.12
153.063
152.037
150.321
149.361
147.765
147.057
145.794
145.424
144.736
144.682
144.732
145.06
145.37
146.405
146.971
148.78
149.228
21.0033
31.129
37.4085
41.7726
45.2107
48.7897
52.247
56.342
60.4192
65.4242
70.192
76.1969
81.5349
88.5574
94.1746
102.245
108.195
119.425
15.3993
16.3641
18.2339
20.016
21.2959
22.6765
23.6701
24.9486
25.8534
27.1885
28.089
29.5576
30.4906
32.1172
33.1258
34.8206
36.2662
38.3443
14.849
14.8655
15.0524
15.3421
15.6246
16.0573
16.3455
16.7876
17.063
17.507
17.7728
18.2207
18.4838
18.9373
19.2057
19.6569
19.9703
20.4579
14.8232
14.7738
14.726
14.7137
14.7198
14.7456
14.7787
14.8467
14.8946
14.9866
15.0429
15.1504
15.2115
15.3282
15.3947
15.5146
15.5912
15.7285
14.8235
14.7692
14.7107
14.6637
14.614
14.5779
14.5379
14.513
14.4841
14.4686
14.4502
14.4419
14.433
14.4297
14.4293
14.4305
14.438
14.4515
14.8244
14.7681
14.7111
14.6602
14.6083
14.5623
14.5156
14.4746
14.433
14.397
14.3602
14.3288
14.2964
14.2696
14.2408
14.2184
14.1926
14.1744
14.8249
14.7675
14.7116
14.6594
14.6085
14.5609
14.5145
14.4712
14.429
14.3896
14.3511
14.3153
14.2803
14.2478
14.216
14.1865
14.1576
14.1309
14.8251
14.7673
14.7117
14.6591
14.6085
14.5605
14.5145
14.4707
14.4287
14.3887
14.3504
14.3139
14.2789
14.2456
14.2136
14.1831
14.1539
14.126
14.8252
14.7672
14.7118
14.6589
14.6085
14.5604
14.5144
14.4705
14.4285
14.3885
14.3501
14.3136
14.2785
14.2451
14.213
14.1825
14.1531
14.1251
14.8252
14.7671
14.7117
14.6589
14.6084
14.5602
14.5142
14.4703
14.4283
14.3882
14.3499
14.3132
14.2782
14.2447
14.2126
14.182
14.1526
14.1245
14.8252
14.7671
14.7117
14.6588
14.6083
14.5602
14.5141
14.4702
14.4281
14.388
14.3496
14.313
14.2779
14.2444
14.2123
14.1816
14.1522
14.1242
14.8252
14.7671
14.7117
14.6588
14.6083
14.5601
14.5141
14.4701
14.4281
14.388
14.3496
14.313
14.2779
14.2444
14.2123
14.1817
14.1523
14.1242
14.8252
14.7672
14.7117
14.6589
14.6083
14.5601
14.514
14.4701
14.428
14.3879
14.3495
14.313
14.278
14.2445
14.2126
14.1821
14.1529
14.1249
14.8252
14.7672
14.7117
14.6589
14.6084
14.5603
14.5144
14.4706
14.4289
14.3889
14.3509
14.3143
14.2798
14.2462
14.2147
14.1838
14.1552
14.1268
14.8257
14.7668
14.7125
14.6588
14.6104
14.5634
14.5216
14.4803
14.444
14.4071
14.3754
14.3424
14.3148
14.2853
14.2616
14.2355
14.2155
14.1926
14.8297
14.7634
14.7244
14.6837
14.6708
14.6549
14.6569
14.6597
14.6788
14.6934
14.7347
14.7622
14.8262
14.866
14.9512
15.004
15.1063
15.1749
14.8584
14.8852
15.1326
15.3459
15.8872
16.223
16.982
17.4429
18.4465
19.0472
20.3189
21.0728
22.5978
23.5291
25.2544
26.4026
28.2877
29.6347
16.3242
17.1637
22.6847
27.6927
37.1398
43.8541
56.9593
66.1407
83.8443
96.3717
119.316
135.871
164.357
185.169
219.123
244.043
283.253
312.25
69.8
69.0921
334.027
459.705
636.288
836.136
1089.47
1373.72
1710.46
2080.87
2498.24
2946.96
3433.49
3945.09
4483.26
5038.03
5607.69
6184.95
6.46799
4.89002
5.74649
5.69755
6.00104
5.71375
5.58499
5.82431
6.44643
33.7618
41.858
51.175
62.2698
76.8968
96.9211
123.722
158.502
202.038
254.752
316.819
387.888
467.918
556.838
654.645
761.429
877.396
1002.85
1138.18
1283.86
1440.39
1608.33
1788.24
1980.69
2186.21
2405.3
2638.4
2885.88
3148.04
3425.05
3716.99
4023.83
4345.4
4681.38
5031.34
5394.66
5770.6
6158.25
6556.56
6964.3
7380.07
7802.27
8229.09
8658.41
9087.75
9514.19
9934.57
10346.8
10754.9
11154
11542.6
11919.1
12281.4
12627.5
12955.5
13263.4
13549.6
13812.3
14050.3
14262.1
14446.7
14603.3
14731.6
14831.5
14903.1
14940.8
14942.2
14919.3
14878.8
14801.9
14695.7
14562.5
14403.6
14220.5
14014.8
13788.3
13543
13281
13004.4
12715.4
12416.5
12109.8
11797.6
11482.6
11169.3
10919
10780.7
10657
10506.7
10384
9769.1
9.10526
7.6319
7.7108
8.39008
9.72839
12.2015
15.0838
19.272
25.8266
37.5394
49.28
63.1977
80.1241
100.59
124.81
152.765
184.29
219.12
257.107
297.543
340.773
387.294
436.967
490.097
546.915
607.675
672.617
741.977
815.98
894.844
978.772
1067.95
1162.54
1262.7
1368.54
1480.16
1597.62
1720.94
1850.12
1985.09
2125.77
2271.99
2423.58
2580.28
2741.8
2907.78
3077.8
3251.41
3428.07
3607.16
3788.02
3969.86
4151.83
4332.98
4512.41
4689.58
4865.1
5042.72
5216.24
5385.41
5549.43
5707.43
5858.65
6002.29
6137.6
6263.88
6380.47
6486.79
6582.29
6666.58
6739.31
6800.28
6849.28
6885.91
6908.48
6917.05
6915.88
6905.04
6879.62
6841.97
6792.83
6732.6
6661.91
6581.36
6491.63
6393.5
6287.79
6175.39
6057.19
5934.14
5807.17
5677.27
5545.5
5413.8
5295.33
5202.32
5113.68
5025.18
4942.57
4781.62
11.0549
10.4396
11.3539
13.2328
16.1936
20.0819
25.3141
32.468
42.0721
54.5385
69.1549
86.1869
105.617
127.261
150.955
176.641
204.375
234.274
266.483
301.673
339.868
380.209
423.757
470.566
520.77
574.49
631.841
692.934
757.894
826.853
899.958
977.306
1059
1145.13
1235.79
1331.02
1430.88
1535.38
1644.49
1758.19
1876.39
1998.99
2125.83
2256.74
2391.47
2529.76
2671.28
2815.68
2962.53
3111.36
3261.67
3412.9
3564.48
3715.85
3866.55
4016.38
4165.57
4314.1
4459.31
4600.84
4737.95
4869.94
4996.13
5115.87
5228.51
5333.46
5430.16
5518.13
5596.91
5666.16
5725.6
5775.01
5814.2
5842.89
5859.46
5865.14
5862.65
5850.47
5826.93
5793.19
5749.76
5697.07
5635.62
5565.95
5488.65
5404.38
5313.83
5217.76
5116.91
5012.08
4904.05
4793.66
4681.79
4569.89
4463.63
4368.77
4277.43
4190.2
4108.08
4004.3
12.7416
13.8177
15.9163
18.8598
22.7512
28.0261
35.0455
44.1906
55.6909
69.5509
85.477
103.276
122.731
143.721
166.295
190.648
217.044
245.737
276.945
310.854
347.485
387.429
430.497
476.759
526.313
579.277
635.759
695.812
759.548
827.063
898.39
973.782
1053.37
1137.25
1225.53
1318.28
1415.58
1517.46
1623.94
1735.02
1850.65
1970.75
2095.21
2223.87
2356.53
2492.94
2632.79
2775.75
2921.41
3069.32
3219.01
3369.96
3521.63
3673.52
3825.15
3976.16
4126.29
4274.67
4419.86
4561.27
4698.14
4829.75
4955.38
5074.37
5186.05
5289.8
5385.07
5471.34
5548.17
5615.2
5672.15
5718.8
5754.98
5780.26
5793.03
5796.24
5789.94
5773.44
5746.05
5708.46
5661.18
5604.66
5539.44
5466.1
5385.26
5297.6
5203.83
5104.71
5001.03
4893.57
4783.13
4670.56
4556.72
4442.93
4332.49
4229.01
4129.06
4034.74
3946.6
3851.02
14.7107
17.7681
21.2039
25.0243
29.7678
36.0454
44.2495
54.5774
67.017
81.3845
97.4034
114.876
133.722
154.01
175.952
199.831
225.93
254.492
285.706
319.728
356.686
396.784
440.023
486.478
536.235
589.376
646
706.273
770.338
838.352
910.521
986.95
1067.78
1153.15
1243.2
1338.05
1437.82
1542.6
1652.43
1767.37
1887.41
2012.51
2142.58
2277.49
2417.06
2561.02
2709.09
2860.9
3016.03
3174.02
3334.33
3496.41
3659.67
3823.5
3987.31
4150.43
4312.06
4471.38
4627.32
4779.1
4925.89
5066.86
5201.22
5328.22
5447.1
5557.2
5657.9
5748.63
5828.91
5898.36
5956.67
6003.63
6039.15
6062.17
6072.13
6072.37
6061.25
6038.99
6005.31
5960.75
5905.8
5841.04
5767.05
5684.51
5594.11
5496.6
5392.78
5283.48
5169.55
5051.84
4931.24
4808.64
4684.94
4561.43
4440.39
4324.45
4212.37
4106.92
4009.07
3907.78
11.0352
22.1007
27.0182
31.4146
36.709
43.6137
52.4397
63.2364
75.8619
90.0819
105.683
122.58
140.832
160.627
182.225
205.907
231.923
260.486
291.768
325.918
363.072
403.368
446.885
493.728
544.009
597.856
655.414
716.857
782.367
852.141
926.386
1005.28
1089.02
1177.8
1271.81
1371.24
1476.24
1586.96
1703.52
1825.99
1954.43
2088.81
2229.08
2375.12
2526.72
2683.64
2845.53
3012
3182.57
3356.7
3533.79
3713.18
3894.17
4076.02
4257.92
4439.03
4618.39
4795.01
4967.84
5135.94
5298.35
5454.13
5602.36
5742.14
5872.67
5993.15
6102.88
6201.25
6287.72
6361.84
6423.3
6471.9
6507.55
6528.65
6536.32
6532.45
6515.71
6486.49
6444.8
6391.14
6326.1
6250.32
6164.51
6069.44
5965.92
5854.8
5736.99
5613.42
5485.03
5352.8
5217.68
5080.67
4942.75
4805.19
4669.81
4538.82
4412.11
4292.87
4182.48
4069.53
13.6983
28.1304
33.1328
37.585
43.107
50.2813
59.2808
70.0548
82.4229
96.1844
111.217
127.533
145.273
164.662
185.956
209.409
235.248
263.67
294.847
328.935
366.087
406.457
450.178
497.395
548.257
602.942
661.634
724.538
791.891
863.945
940.952
1023.17
1110.84
1204.25
1303.64
1409.26
1521.34
1640.1
1765.71
1898.3
2037.95
2184.7
2338.49
2499.2
2666.64
2840.5
3020.41
3205.9
3396.42
3591.32
3789.88
3991.32
4194.77
4399.31
4603.96
4807.67
5009.3
5207.71
5401.74
5590.29
5772.23
5946.47
6111.94
6267.63
6412.59
6545.93
6666.85
6774.66
6868.76
6948.66
7014.03
7064.67
7100.45
7119.54
7124.48
7115.39
7091.88
7054.33
7002.93
6938.26
6860.98
6771.87
6671.76
6561.53
6442.13
6314.53
6179.77
6038.89
5892.99
5743.13
5590.39
5435.87
5280.64
5126
4973.55
4825.34
4681.91
4546.74
4421.42
4293.45
76.3685
41.2946
40.0092
43.2536
48.6045
55.755
64.6275
75.0967
86.9942
100.182
114.615
130.366
147.609
166.564
187.454
210.529
236.008
264.089
294.964
328.83
365.835
406.142
449.931
497.405
548.838
604.416
664.372
728.928
798.401
873.128
953.438
1039.66
1132.12
1231.18
1337.16
1450.39
1571.18
1699.81
1836.53
1981.52
2134.91
2296.75
2467.02
2645.57
2832.18
3026.51
3228.1
3436.4
3650.74
3870.34
4094.34
4321.78
4551.61
4782.71
5013.89
5243.87
5471.35
5694.99
5913.46
6125.48
6329.75
6525
6710
6883.6
7044.72
7192.34
7325.6
7443.69
7545.97
7631.92
7701.18
7753.59
7788.81
7805.44
7806.44
7790.85
7759.12
7711.64
7648.73
7571.09
7479.51
7374.89
7258.19
7130.46
6992.76
6846.23
6692.04
6531.37
6365.45
6195.47
6022.64
5848.15
5673.18
5499.09
5327.4
5160.12
4998.16
4845.23
4702.95
4557.73
96.0715
49.0178
45.3437
47.8236
52.9292
59.8905
68.4673
78.4969
89.8423
102.423
116.25
131.411
148.108
166.58
187.107
209.815
234.908
262.592
293.07
326.54
363.216
403.325
447.106
494.814
546.693
603.05
664.217
730.64
802.545
880.393
964.603
1055.59
1153.78
1259.6
1373.49
1495.85
1627.09
1767.55
1917.56
2077.35
2247.1
2426.86
2616.61
2816.19
3025.3
3243.55
3470.37
3705.07
3946.86
4194.78
4447.79
4704.72
4964.32
5225.24
5486.05
5745.28
6001.37
6252.81
6498.05
6735.62
6964.03
7181.84
7387.66
7580.17
7758.17
7920.55
8066.32
8194.63
8304.78
8396.22
8468.59
8521.75
8555.14
8568.45
8563.64
8539.91
8498.18
8438.91
8362.51
8269.84
8161.83
8039.54
7904.07
7756.63
7598.45
7430.8
7255.01
7072.41
6884.36
6692.18
6497.21
6300.75
6104.08
5908.64
5715.93
5527.99
5345.94
5173.72
5012.74
4848.8
109.912
54.4346
49.2709
51.185
56.0019
62.679
70.8754
80.4125
91.1858
103.146
116.383
131.09
147.371
165.397
185.344
207.407
231.833
258.849
288.688
321.594
357.838
397.708
441.503
489.537
542.144
599.697
662.597
731.19
806.001
887.634
976.601
1073.41
1178.58
1292.65
1416.15
1549.59
1693.44
1848.15
2014.09
2191.54
2380.7
2581.62
2794.24
3018.35
3253.56
3499.35
3755.03
4019.74
4292.49
4572.14
4857.41
5146.91
5439.15
5732.53
6025.39
6315.99
6602.59
6883.41
7156.73
7420.87
7674.14
7914.93
8141.7
8353
8547.49
8723.97
8881.39
9018.84
9135.58
9231.06
9304.9
9356.99
9386.85
9394.93
9382.18
9348.14
9294.28
9221.02
9128.92
9019
8892.38
8750.25
8593.9
8424.68
8243.99
8053.27
7853.98
7647.61
7435.65
7219.56
7000.79
6780.76
6560.84
6342.54
6127.4
5917.52
5714.09
5521.33
5340.25
5156.59
119.883
58.1424
51.924
53.3617
57.8576
64.1972
71.9756
80.9996
91.2324
102.753
115.544
129.677
145.296
162.616
181.831
203.207
226.952
253.313
282.562
314.993
350.931
390.724
434.743
483.388
537.087
596.288
661.523
733.11
811.794
898.319
993.435
1097.71
1211.78
1336.29
1471.86
1619.12
1778.6
1950.81
2136.17
2334.97
2547.39
2773.45
3012.99
3265.69
3531.04
3808.34
4096.69
4395.04
4702.15
5016.64
5336.99
5661.55
5988.57
6316.19
6642.51
6965.55
7283.33
7593.88
7895.26
8185.6
8463.05
8725.85
8972.3
9200.85
9410.08
9598.71
9765.64
9909.93
10030.8
10127.8
10200.6
10248.9
10272.8
10272.8
10249.6
10202.5
10134
10044.2
9933.96
9804.45
9656.95
9492.82
9313.53
9120.59
8915.57
8700.05
8475.65
8244
8006.71
7765.37
7521.54
7276.74
7032.42
6790.18
6551.57
6318.81
6093.05
5878.83
5676.59
5472.63
126.826
60.5138
53.4401
54.4414
58.5911
64.5654
71.9503
80.6168
90.4424
101.382
113.517
126.981
141.97
158.649
177.225
197.945
221.065
246.874
275.691
307.874
343.821
383.96
428.745
478.694
534.365
596.224
664.598
740.555
824.946
918.489
1022.13
1136.59
1262.62
1400.99
1552.42
1717.58
1897.08
2091.44
2301.06
2526.2
2766.93
3023.17
3294.61
3580.72
3880.78
4193.85
4518.78
4854.24
5198.73
5550.59
5908.03
6269.12
6631.87
6994.16
7353.87
7708.8
8056.76
8395.59
8723.19
9037.53
9336.63
9618.61
9881.67
10124.2
10344.7
10541.9
10714.7
10862.1
10983.4
11078.2
11146.1
11187.1
11201.4
11190.3
11152.9
11089.7
11003.5
10894.4
10763.4
10611.8
10441.1
10252.9
10048.7
9830.29
9599.35
9357.61
9106.83
8848.76
8585.14
8317.65
8047.94
7777.62
7508.22
7241.39
6978.72
6722.53
6473.86
6237.64
6013.54
5789.13
130.877
61.6937
53.9434
54.5577
58.4334
64.1432
71.2014
79.3776
88.6345
99.0044
110.592
123.512
137.939
154.063
172.112
192.356
215.105
240.707
269.544
302.056
338.767
380.215
426.918
479.373
538.069
603.989
678.145
761.418
854.749
959.045
1075.32
1204.55
1347.62
1505.37
1678.61
1868.01
2074.12
2297.4
2538.13
2796.41
3072.12
3364.92
3674.23
3999.25
4338.94
4692.02
5057.06
5432.4
5816.24
6206.65
6601.56
6998.84
7396.22
7791.43
8182.13
8565.97
8940.62
9303.78
9653.25
9986.89
10302.7
10598.6
10872.9
11124
11350.2
11550.4
11723.5
11868.6
11985
12072.4
12130.6
12159.7
12160
12133.8
12077.6
11994.9
11887.7
11756.1
11601.5
11425.3
11229.2
11014.8
10784.1
10538.7
10280.6
10011.6
9733.65
9448.5
9158.03
8863.99
8568.12
8272.07
7977.42
7685.89
7399.06
7119.35
6847.64
6589.31
6343.06
6098.49
132.566
61.8769
53.7268
54.0826
57.6462
62.9727
69.5941
77.3367
86.1613
96.0983
107.249
119.756
133.815
149.643
167.508
187.738
210.74
236.967
266.87
300.972
339.72
383.721
433.893
491.129
556.428
630.756
715.295
811.129
919.362
1041.07
1177.26
1329.22
1497.85
1684.09
1888.72
2112.19
2354.84
2616.84
2898.18
3198.6
3517.62
3854.5
4208.25
4577.67
4961.31
5357.56
5764.61
6180.52
6603.24
7030.59
7460.33
7890.14
8317.66
8740.47
9156.17
9562.33
9956.59
10336.6
10700.1
11045.1
11369.4
11671.1
11948.4
12199.7
12423.7
12619.1
12784.9
12920.3
13024.9
13098.3
13140.5
13151.7
13134
13085.8
13006.8
12900.7
12768.7
12611.4
12430.3
12227.1
12003.5
11761.3
11502.6
11229.3
10943.3
10646.5
10341
10028.7
9711.51
9391.17
9069.47
8748.1
8428.67
8112.92
7802.4
7499.64
7205.27
6925.21
6657
6393.05
132.317
61.4582
52.9366
52.9348
56.1583
61.165
67.4638
74.8854
83.4064
93.0827
104.041
116.475
130.683
146.911
165.501
186.85
211.324
239.397
271.874
309.543
353.325
404.23
463.316
531.808
611.047
702.354
807.123
926.672
1062.27
1215.05
1385.94
1575.84
1785.8
2016.83
2269.56
2543.56
2838.56
3154.13
3489.67
3844.31
4216.99
4606.4
5011.07
5429.3
5859.29
6299.08
6746.62
7199.79
7656.4
8114.24
8571
9024.4
9472.11
9911.75
10341
10757.5
11159
11543.3
11908.1
12251.6
12571.6
12866.5
13134.5
13374.1
13584.1
13763.3
13911.1
14026.6
14109.6
14160
14177.7
14164.5
14120.2
14043.1
13935.8
13800.9
13639.5
13452.4
13241.2
13007.8
12754.2
12482.2
12193.9
11891.3
11576.6
11251.6
10918.4
10579
10235.2
9889
9542.03
9195.99
8852.48
8513.23
8179.75
7854.67
7538.28
7237.15
6947.39
6665.11
130.865
60.4187
51.6199
51.4346
54.4797
59.3319
65.5202
72.9155
81.5735
91.5869
103.14
116.457
131.68
149.355
170.023
194.317
223.047
257.166
297.706
345.904
403.225
471.259
551.61
645.989
756.195
883.885
1030.55
1197.48
1385.79
1596.15
1829.04
2084.66
2363.28
2665.19
2989.27
3334.28
3699.01
4082.18
4482.39
4898.13
5327.75
5769.5
6221.54
6681.98
7148.91
7620.34
8094.32
8568.86
9042.01
9511.77
9976.12
10433
10880.4
11316.3
11738.5
12144.9
12533.6
12902.4
13249.5
13572.9
13871
14142.1
14384.7
14597.3
14779.2
14928.9
15046.4
15130.5
15181.7
15199.6
15185.8
15140.2
15061.1
14950.8
14810.6
14643.1
14449.2
14229.9
13987
13722.6
13438.5
13136.7
12819.5
12488.7
12146.5
11794.9
11436
11071.6
10703.7
10334
9964.19
9595.95
9230.8
8870.42
8516.27
8171.04
7834.64
7514.36
7204.6
6906.1
127.922
58.9804
50.2823
50.1503
53.3172
58.426
65.0164
72.974
82.2934
93.2943
106.311
121.773
140.325
162.714
189.886
223.03
263.684
313.627
374.75
449.15
539.318
647.805
776.812
928.298
1104.12
1305.51
1532.97
1786.67
2066.34
2370.87
2699.41
3050.54
3423.66
3816
4224.38
4647.27
5082.88
5529.46
5985.33
6448.8
6918.2
7391.9
7868.29
8345.81
8822.95
9298.21
9770.12
10237.3
10698.2
11151.5
11595.6
12028.9
12449.9
12856.7
13247.7
13621.1
13975.2
14308
14618
14903.4
15162.8
15394.7
15597.5
15770.1
15912.2
16021.6
16099.7
16144.1
16156.4
16137.6
16086.2
16002
15886.9
15741.4
15567.1
15366.4
15140.3
14889.8
14616.7
14323.3
14011.3
13682.8
13339.9
12984.6
12618.9
12244.9
11864.5
11479.6
11091.9
10703.1
10314.8
9928.64
9546
9168.48
8797.45
8435.63
8082.52
7746.19
7419.07
7107.38
124.655
57.5157
49.2038
49.6039
53.4111
59.2028
66.7602
76.0978
87.5959
101.851
119.609
141.814
169.959
205.924
251.85
310.438
385.274
480.273
598.986
744.575
920.752
1130.47
1374.53
1652.52
1963.75
2305.96
2675.65
3070.28
3486.12
3919.1
4368.24
4830.17
5298.85
5771.35
6246.41
6722.77
7199.25
7674.81
8148.53
8619.49
9086.82
9549.72
10007.4
10459.3
10904.6
11342.7
11772.9
12194.6
12607
13009.3
13400.4
13779.3
14144.8
14495.5
14830
15146.7
15444.1
15720.6
15974.6
16204.7
16409.6
16587.8
16737.6
16858.4
16950.5
17009.9
17041
17038.4
17009.1
16945.5
16851.8
16728
16575
16393.3
16184.5
15951
15693.7
15413.7
15112.7
14793
14456.3
14104.7
13740.1
13364.5
12979.8
12588
12190.8
11790.1
11387.4
10984.4
10582.4
10182.9
9787.28
9396.95
9013.16
8638.65
8272.47
7923.46
7581.92
7260.17
120.932
56.1484
48.5919
50.3219
55.4822
63.3999
74.1929
87.9179
105.821
130.004
162.73
206.723
266.728
349.309
460.608
607.388
798.444
1040.57
1335.96
1682.85
2080.46
2524.95
3006.97
3518.1
4050.54
4594.5
5142.53
5694.99
6244.63
6785.1
7311.85
7823.95
8321.91
8805.62
9275.58
9732.45
10176.9
10609.7
11031.3
11442.2
11842.7
12233
12613.5
12984.5
13346.2
13698.8
14042.3
14376.8
14701.9
15017.4
15322.7
15616.9
15899
16168
16422.4
16661
16882
17084.2
17265.7
17425.6
17562.9
17675.5
17761.5
17820.9
17855.1
17856.7
17836.1
17783.8
17703.3
17593.7
17456.5
17291.9
17100.5
16882.7
16640.4
16375.7
16089.3
15782.4
15456.2
15113.1
14755.1
14384.1
14002
13610.7
13211.9
12807.3
12398.6
11987.4
11575.2
11163.1
10752.7
10345.1
9941.46
9543.08
9151.1
8768.13
8392.83
8034.71
7681.95
7353.27
117.829
54.4219
48.5883
54.1299
63.1078
77.302
99.2511
127.871
168.668
232.108
328.572
469.259
673.708
966.82
1357.22
1847
2437.81
3115.83
3854.3
4628.42
5417.87
6204.06
6970.06
7714.25
8427.27
9093.98
9714.16
10286.8
10815.7
11306.4
11761.8
12185.1
12580.2
12950.2
13298.3
13627.1
13939
14236.2
14520.2
14792.4
15053.9
15305.7
15548.7
15783.9
16012.1
16233.8
16449.7
16659.8
16864.1
17062.5
17254.5
17439.3
17615.8
17782.8
17939
18083
18212.7
18327.2
18424.1
18503.1
18563.6
18602.3
18616.9
18608.9
18580.9
18523.4
18443.8
18338.4
18207.7
18051
17868.4
17661.5
17431.3
17177.8
16903
16608.9
16295.8
15965.1
15619.3
15259.1
14886.1
14502.1
14108.9
13708
13301.2
12889.9
12475.7
12060
11643.9
11228.5
10815.2
10404.7
9998.34
9596.95
9201.69
8814.91
8435.09
8072.03
7712.37
7380.07
113.266
51.3502
46.9329
69.0084
89.8082
127.814
203.33
309.543
481.255
791.707
1292.7
1997.76
2931.37
4099.93
5404.05
6771.93
8137.65
9443.01
10647.1
11764.8
12760.2
13625.2
14374
15012
15554.4
16017.2
16407.3
16735.2
17010.5
17242.7
17439
17605.8
17748.9
17872.7
17981.1
18077.1
18163.6
18242.6
18315.6
18383.7
18448.1
18509.7
18569.5
18628.6
18687.6
18747.1
18807.7
18869
18930.8
18993.1
19055.2
19115.8
19173.6
19227.1
19274.7
19314.9
19345.1
19364.9
19370.9
19364.5
19344.8
19305.6
19247.9
19169.7
19072.6
18953
18813.5
18652.9
18471
18269.9
18048.3
17806.4
17544.4
17262.3
16962.2
16645.5
16312.7
15964.9
15603.7
15230.6
14847.2
14455.1
14055.8
13650.7
13241.4
12829
12415
12000.3
11586.1
11173.2
10762.5
10354.7
9950.87
9551.58
9158.01
8772
8392.13
8027.95
7665.3
7332.15
113.083
35.4622
35.6256
147.856
233.994
447.024
956.226
1790.8
3081.85
5098.84
7644.93
10351.4
13039.3
15570.2
17750
19604.1
21072.7
22185.1
23018.2
23619.8
24049.8
24336.9
24506.8
24571.4
24556
24491.5
24365.3
24205.2
24020.9
23820.2
23609.4
23394
23178.3
22965
22756.5
22554.4
22359.8
22173.3
21995
21825
21663.6
21510.9
21367.6
21234
21110.4
20997
20893.4
20798.9
20712.7
20635.1
20564
20498
20435.3
20374
20312.5
20248.8
20179.5
20103.4
20018
19923.6
19819.5
19702.5
19572
19430.3
19274.4
19101.8
18912.7
18706.8
18483.5
18243.1
17985.4
17711.1
17420.4
17113.2
16791.6
16456.7
16108.8
15748.9
15378.6
14999.1
14611.9
14218.2
13819.5
13417
13011.8
12605
12197.8
11790.8
11384.9
10980.6
10578.7
10179.6
9784.2
9392.63
9006.29
8626.12
8251.37
7890.36
7529.67
7198.47
100.683
389.797
1063.59
1014.41
1996.46
4794.34
9375.33
15058.4
20947
26888.8
31817.4
35376.5
37673.1
38973.4
39572.2
39626.8
39466.3
39056.8
38470
37790.5
37051.9
36271.2
35465.8
34644.2
33821
33011.7
32218.1
31447.7
30707.2
29998.6
29323.7
28683.6
28077.9
27505.8
26966
26457
25977.3
25524.7
25097.4
24693.9
24313.2
23954.7
23617.9
23302.4
23007.6
22732.8
22476.4
22237.1
22014.2
21805.1
21608.8
21423.4
21247
21077.4
20912.7
20750.3
20592
20433.9
20272.4
20106.2
19934.2
19754.4
19565.2
19365.8
19155.8
18934
18699.8
18453.1
18193
17920
17633.5
17334.3
17022.5
16697.8
16362.2
16016.5
15661
15296.7
14924.8
14546.5
14163
13775.4
13384.7
12992.1
12598.4
12204.4
11811
11418.6
11027.8
10638.7
10252.2
9868.04
9487.36
9109.42
8736.22
8367.26
8003.3
7649.9
7296.88
6970.21
119.711
2158.79
5572.28
16924.7
26853.7
45318.1
60547.8
70229.1
75210.9
76131.7
75180
72715.4
69633
66491.4
63414.9
60452
57703.3
55141.9
52755.6
50536.4
48467.7
46523.8
44693.7
42966.3
41341.4
39816.2
38389.1
37054.2
35810.8
34651.9
33573.1
32569.1
31634
30761.8
29947.3
29185.2
28471.1
27800.2
27169
26574.3
26014.3
25487.6
24992.8
24528.9
24094.3
23687.6
23308.4
22955.6
22626.1
22317.1
22026.1
21751
21489.4
21239.1
20997.7
20763
20532.6
20305.1
20078.3
19850.7
19620.8
19387.3
19148.6
18903.7
18651.8
18392.3
18124.3
17847.6
17561.3
17266
16960.7
16646.6
16323.2
15990.5
15650.3
15303
14949
14589.3
14224.7
13856.3
13485
13111.8
12737.4
12362.8
11988.4
11615
11242.8
10872.2
10503.7
10136.8
9772.48
9409.81
9050.35
8692.24
8338.5
7986.37
7639.39
7298.18
6959.37
6639.5
346.919
53373.6
85897.5
146983
161697
169500
163499
147958
132756
118974
107308
97516.4
89326.7
82517.8
76741.5
71771.6
67461.2
63647.6
60234.3
57142.1
54314.3
51693.4
49260.7
47000.2
44907.7
42974.3
41193.1
39552.3
38043.6
36651.3
35366.9
34179.6
33078.6
32053.9
31098.3
30203.8
29365.6
28577.2
27834.5
27134
26474
25852.7
25268.6
24720.5
24206.4
23724.6
23272.8
22848.6
22450.2
22075.1
21720.6
21384.2
21063.6
20756.4
20460.4
20173.4
19893.4
19618.7
19347.4
19078.1
18809.4
18540.1
18268.9
17994.8
17717
17434.8
17147.4
16854.7
16555.7
16251
15939.5
15622.5
15299.2
14970
14636.2
14298.2
13956.3
13611.3
13264
12915.2
12565.6
12215.9
11866.7
11518.7
11172
10827
10483.9
10142.7
9803.72
9466.08
9130.95
8796.58
8465.14
8133.29
7805.68
7476.25
7152.97
6828.6
6511.42
6200.26
2345.51
11370.7
19550.4
33952.7
43891
52908.6
59688.3
64172.8
67226.6
68887.1
69294.6
69025.4
67940
66672.1
64714.2
62503.3
60169.9
57742.2
55328.3
52953.7
50629.6
48342.6
46161.9
44119
42230
40496.1
38905.1
37450.1
36108.4
34864.2
33713.2
32639
31630.7
30677.5
29776.8
28922.2
28113.7
27342.8
26607.1
25905.8
25239
24607
24009.1
23445.1
22912.8
22411.4
21938.1
21490.6
21067.2
20665.3
20282.6
19917
19566.2
19228.4
18901.7
18584.5
18275.2
17972.3
17674.4
17380.4
17089
16799.5
16510.6
16221.9
15932.3
15641.6
15348.7
15053.9
14756
14456.2
14152.6
13847.4
13539.3
13229
12917.5
12605
12291.7
11978.3
11665.4
11353.6
11043.4
10735.2
10429.1
10126.1
9824.92
9526.48
9230.16
8936.15
8644.37
8353.36
8064.86
7775.78
7489.47
7200.07
6915.25
6623.04
6339.71
6043.2
5764.75
5466.54
165.83
248.135
650.083
876.077
1666.95
2042.94
3090.33
3643.13
4749.45
5542.1
6634.73
7839.22
9130.21
10485.9
11861.2
13243.9
14599.7
15912.8
17153.3
18297.5
19344.8
20322.5
21201.3
21952.1
22566.1
23037.6
23357.3
23560.1
23603.6
23542.3
23444.8
23232.6
22971.4
22652.6
22303.8
21927.9
21537.4
21116
20682.2
20248
19820.8
19405.9
19003.7
18617.6
18243.6
17885.5
17537.6
17201.2
16876.1
16560
16251.9
15951.3
15657.3
15369.5
15087.3
14810.4
14538
14269.5
14004.2
13741.9
13481.7
13223.6
12966.7
12711.1
12456.1
12201.8
11947.4
11693.7
11439.3
11186.2
10931.8
10679.8
10427.8
10176.8
9927.51
9680.18
9434.16
9190.82
8950.16
8712.9
8478.67
8248.32
8021.03
7797.85
7575.5
7356.7
7139.14
6924.41
6710.95
6497.32
6286.49
6072.92
5862.23
5644.49
5432.37
5203.82
4989.72
4741.85
4534.4
4257.42
40.5103
41.8722
56.7998
61.8479
87.3858
96.5064
130.178
142.329
184.403
200.456
259.75
284.499
379.156
417.962
569.474
631.635
850.335
945.081
1207.31
1348.56
1632.63
1855.97
2165.04
2515.63
2907.47
3329.37
3778.62
4245.98
4724.38
5204.23
5681.16
6144.12
6586.66
7003.06
7385.17
7736.18
8046.32
8337.94
8605.67
8841.57
9044.37
9211.59
9343.21
9442.45
9506.44
9546.61
9551.81
9537.06
9507.01
9453.17
9383.7
9300.82
9206.2
9101.33
8989.04
8870.13
8744.12
8612.35
8475.79
8335.98
8192.51
8046.82
7898.47
7748.97
7597.79
7446.37
7294.06
7142.37
6990.19
6839.74
6689.2
6540.87
6393.9
6248.05
6104.47
5962.64
5823.45
5687.18
5553.38
5423.19
5295.19
5171.63
5049.78
4930.56
4809.27
4692.18
4575.5
4461.93
4348.42
4233.88
4122.25
4005.31
3890.9
3765.59
3644.45
3498.89
3369.89
3191.09
3068.94
2826.96
20.8053
20.9148
21.7519
22.0768
23.4167
24.0754
25.8879
26.8516
29.1842
30.3548
33.4857
34.8718
39.318
40.9747
47.0988
49.248
57.3316
60.2485
70.441
74.2441
87.481
92.7891
111.368
119.486
148.637
161.423
205.694
225.366
286.661
315.164
390.838
431.148
517.228
573.848
662.658
741.837
840.176
946.137
1060.17
1179.2
1303.04
1428.48
1554.46
1678.42
1798.41
1913.22
2020.25
2119.48
2208.8
2288.9
2357.42
2416.77
2464.31
2501.89
2538.18
2552.93
2564.84
2566.37
2562.5
2552.25
2537.22
2517.61
2494.64
2468.59
2440.4
2410.15
2378.67
2345.91
2312.62
2278.8
2245.3
2211.76
2179.95
2147.82
2118.3
2088.84
2062.23
2036.98
2013.51
1991.89
1971.19
1953.11
1934.06
1920.55
1908.99
1902.33
1896.15
1892.09
1886.09
1878.31
1871.03
1855
1840.4
1809.89
1777.31
1723.78
1676.5
1590.8
1537.79
1362.28
15.7751
15.8026
15.8732
15.9063
16.0078
16.0666
16.2038
16.3011
16.4768
16.6207
16.851
17.028
17.337
17.5374
17.9274
18.1962
18.7018
19.0331
19.6928
20.0474
20.8593
21.3049
22.3739
22.92
24.4346
25.135
27.2912
28.196
31.1243
32.2497
35.9162
37.3236
41.8112
43.5823
49.0815
51.3261
58.3663
61.3384
70.6247
74.551
86.5269
91.5767
106.42
112.636
130.105
137.341
156.729
164.65
184.896
193.013
212.87
220.698
239.147
246.309
262.65
268.97
282.35
289.423
295.428
301.436
306.013
310.523
313.807
317.017
319.179
321.313
322.564
323.878
324.478
325.285
325.55
326.337
326.854
328.174
329.43
331.812
334.225
337.946
341.733
346.663
351.868
357.881
364.876
369.954
384.548
391.385
405.354
415.388
429.799
443.502
456.898
467.071
478.289
479.497
481.707
476.657
470.191
449.429
439.346
373.893
14.4424
14.4306
14.4182
14.4058
14.3933
14.3824
14.3714
14.3638
14.356
14.3527
14.3511
14.3533
14.3601
14.3674
14.3815
14.3907
14.4268
14.4433
14.4937
14.5146
14.5752
14.6066
14.6837
14.7304
14.8353
14.8972
15.0427
15.1172
15.3111
15.3968
15.6273
15.7477
16.0357
16.1887
16.5722
16.7227
17.1858
17.3437
17.904
18.0996
18.78
19.0303
19.8347
20.1398
21.055
21.4051
22.4062
22.7902
23.8365
24.2337
25.2723
25.7228
26.5176
27.0575
27.63
28.1891
28.7316
29.2937
29.7476
30.2058
30.5484
30.9049
31.1681
31.4499
31.6522
31.8779
32.0344
32.2217
32.3491
32.5192
32.638
32.8225
32.9688
33.2157
33.4367
33.8042
34.1562
34.68
35.2067
35.8906
36.6034
37.4903
38.4941
39.7134
41.2253
42.7569
45.0196
46.7544
50.5287
52.5289
56.2706
58.6043
62.0734
64.3675
66.4068
66.9078
68.0378
65.9809
66.4381
55.6473
14.149
14.1211
14.0927
14.0641
14.0351
14.0059
13.9763
13.9466
13.9167
13.8866
13.8565
13.8265
13.7964
13.7667
13.7369
13.7072
13.6782
13.6492
13.6212
13.5931
13.566
13.539
13.5133
13.4877
13.4634
13.4394
13.417
13.395
13.3748
13.3553
13.3375
13.3219
13.3072
13.2961
13.2843
13.2771
13.2688
13.2633
13.2619
13.262
13.2691
13.2731
13.2848
13.2931
13.309
13.3209
13.3399
13.3541
13.3741
13.3884
13.4067
13.4199
13.4322
13.4404
13.4442
13.4465
13.4439
13.4392
13.4287
13.4151
13.396
13.3749
13.3498
13.3238
13.295
13.2663
13.2352
13.2052
13.1732
13.1433
13.1119
13.084
13.0554
13.0321
13.0087
12.9939
12.9781
12.9787
12.9839
12.9955
13.0121
13.0391
13.0729
13.1234
13.1852
13.2639
13.3624
13.4776
13.6315
13.7882
13.9999
14.1727
14.5281
14.703
14.9792
15.0909
15.2309
15.2119
15.2884
14.7941
14.1015
14.0693
14.0368
14.004
13.9707
13.9372
13.9033
13.8692
13.8346
13.7998
13.7645
13.729
13.6931
13.6571
13.6206
13.5839
13.5468
13.5096
13.4721
13.4344
13.3963
13.3582
13.3196
13.2811
13.2421
13.2031
13.1636
13.1243
13.0843
13.0447
13.0043
12.9644
12.9238
12.8837
12.8428
12.8025
12.7615
12.7209
12.6798
12.6392
12.5983
12.5578
12.5169
12.4765
12.4357
12.3956
12.3548
12.315
12.2743
12.2346
12.194
12.1546
12.1141
12.0749
12.0346
11.9954
11.9554
11.9165
11.877
11.8386
11.7998
11.7623
11.7246
11.6885
11.6525
11.6183
11.5843
11.5526
11.5207
11.4915
11.4618
11.4353
11.4079
11.384
11.3588
11.3376
11.3155
11.2972
11.2777
11.2617
11.2444
11.2303
11.2157
11.2038
11.1937
11.1854
11.1839
11.1876
11.1961
11.2052
11.2388
11.2606
11.3139
11.3607
11.4253
11.5011
11.5985
11.6856
11.891
12.155
14.0959
14.063
14.0297
13.9961
13.962
13.9277
13.893
13.8579
13.8225
13.7868
13.7506
13.7142
13.6773
13.6402
13.6026
13.5648
13.5265
13.4881
13.4491
13.41
13.3703
13.3305
13.2901
13.2497
13.2086
13.1675
13.1256
13.0839
13.0413
12.9989
12.9556
12.9125
12.8684
12.8247
12.78
12.7356
12.6902
12.6452
12.5992
12.5537
12.5072
12.4613
12.4143
12.3681
12.3208
12.2745
12.227
12.1808
12.1334
12.0875
12.0404
11.995
11.9485
11.9039
11.8584
11.8148
11.7707
11.7284
11.686
11.6454
11.6051
11.5665
11.5285
11.4926
11.4575
11.4245
11.3923
11.3624
11.3332
11.3067
11.2804
11.2574
11.2342
11.2146
11.1949
11.1784
11.1608
11.146
11.1296
11.1171
11.1024
11.0931
11.0817
11.0762
11.0705
11.0731
11.076
11.0937
11.1055
11.1383
11.1704
11.2297
11.2976
11.3974
11.5279
11.6965
11.9609
12.2412
12.8946
14.0573
14.0949
14.0619
14.0285
13.9948
13.9606
13.9262
13.8913
13.8561
13.8205
13.7847
13.7483
13.7118
13.6747
13.6375
13.5997
13.5618
13.5233
13.4846
13.4454
13.4061
13.3661
13.3261
13.2854
13.2447
13.2032
13.1619
13.1196
13.0775
13.0344
12.9917
12.9477
12.9043
12.8595
12.8154
12.7698
12.725
12.6787
12.6333
12.5863
12.5402
12.4927
12.4462
12.3981
12.3512
12.3028
12.2558
12.2071
12.1603
12.1116
12.0651
12.0168
11.9708
11.9233
11.8782
11.8318
11.7879
11.743
11.7008
11.6579
11.6177
11.5774
11.5395
11.5023
11.4672
11.4328
11.4008
11.3697
11.3411
11.3134
11.2887
11.2647
11.2443
11.2243
11.2086
11.1933
11.1825
11.1747
11.1691
11.1697
11.1751
11.1845
11.2079
11.2274
11.275
11.3086
11.3903
11.4442
11.5762
11.6604
11.8659
12.0079
12.3031
12.5508
12.9811
13.4144
14.0768
14.8465
15.9677
17.3831
22.4455
14.0943
14.0613
14.0278
13.994
13.9599
13.9254
13.8905
13.8554
13.8197
13.7839
13.7475
13.711
13.6739
13.6367
13.5989
13.5609
13.5224
13.4838
13.4445
13.4052
13.3652
13.3252
13.2844
13.2437
13.2021
13.1607
13.1183
13.0762
13.0329
12.9902
12.946
12.9026
12.8576
12.8135
12.7677
12.723
12.6763
12.631
12.5835
12.5377
12.4895
12.4432
12.3946
12.3479
12.299
12.2521
12.2031
12.1563
12.1073
12.0609
12.0123
11.9665
11.9187
11.8739
11.8273
11.7839
11.7389
11.6973
11.6545
11.6154
11.5753
11.5391
11.5025
11.47
11.4377
11.4097
11.3826
11.3604
11.3392
11.3243
11.3108
11.3043
11.3012
11.305
11.3121
11.3356
11.3533
11.403
11.435
11.5194
11.5714
11.7032
11.7831
11.9818
12.1006
12.3965
12.5709
13.0107
13.2691
13.909
14.3311
15.2227
15.9284
17.2592
18.4727
20.6538
22.5811
27.0507
29.3489
53.6598
14.094
14.061
14.0275
13.9938
13.9597
13.9253
13.8905
13.8554
13.8199
13.7841
13.7478
13.7114
13.6743
13.6372
13.5994
13.5616
13.523
13.4845
13.4452
13.406
13.3659
13.326
13.285
13.2445
13.2027
13.1614
13.1188
13.0768
13.0333
12.9907
12.9463
12.903
12.8577
12.8137
12.7675
12.723
12.6759
12.6309
12.583
12.5375
12.4889
12.4431
12.3939
12.348
12.2984
12.2526
12.2029
12.1574
12.1079
12.0632
12.0143
11.9707
11.923
11.8812
11.8352
11.796
11.7523
11.7166
11.6762
11.6452
11.609
11.5842
11.5538
11.5365
11.5144
11.5058
11.4953
11.4968
11.5011
11.5216
11.5368
11.5867
11.6165
11.7046
11.7547
11.8936
11.971
12.18
12.2945
12.6007
12.7668
13.2091
13.4471
14.0817
14.4205
15.3344
15.8206
17.1406
17.8727
19.7453
20.9723
23.643
25.7313
29.9633
33.6219
41.1819
47.3031
64.8808
72.867
164.856
14.0939
14.0608
14.0273
13.9936
13.9594
13.9249
13.89
13.8549
13.8192
13.7834
13.747
13.7106
13.6734
13.6363
13.5983
13.5607
13.5219
13.4836
13.444
13.4051
13.3646
13.3251
13.2839
13.2438
13.2016
13.1609
13.118
13.0767
13.0329
12.991
12.9464
12.9041
12.8586
12.8159
12.7697
12.7266
12.6799
12.6366
12.5894
12.5462
12.4987
12.4559
12.4083
12.3665
12.3192
12.2788
12.2321
12.194
12.1488
12.1136
12.0708
12.0395
12.0005
11.9741
11.9406
11.9204
11.895
11.8824
11.8676
11.8654
11.8635
11.8817
11.8882
11.9352
11.9543
12.0384
12.0747
12.2074
12.2665
12.4644
12.5536
12.8398
12.969
13.3747
13.5583
14.1262
14.3835
15.1744
15.5302
16.632
17.1225
18.6583
19.3406
21.492
22.4462
25.5113
26.8628
31.3074
33.4529
39.8472
43.6159
53.3455
60.0853
76.5316
88.9712
119.937
142.525
212.45
250.723
530.438
14.095
14.0621
14.029
13.9954
13.9617
13.9274
13.893
13.8581
13.8229
13.7874
13.7515
13.7154
13.6787
13.6422
13.6046
13.5678
13.5293
13.4924
13.4531
13.416
13.3759
13.3389
13.2982
13.2614
13.2202
13.1838
13.1422
13.1066
13.0648
13.0303
12.9887
12.9556
12.9147
12.8833
12.8438
12.8146
12.7771
12.7506
12.7163
12.6931
12.6633
12.6439
12.6202
12.6054
12.59
12.5813
12.573
12.5795
12.5773
12.5999
12.6059
12.6499
12.666
12.7375
12.7667
12.8735
12.9191
13.072
13.1379
13.3516
13.4437
13.7369
13.8652
14.2616
14.4373
14.9718
15.2101
15.9284
16.2509
17.2147
17.6495
18.9425
19.5252
21.2654
22.0412
24.3896
25.4238
28.5999
30.0007
34.3235
36.2599
42.2094
44.9414
53.2868
57.2619
69.2903
75.3016
93.1958
103.073
130.197
147.31
190.355
220.184
291.631
343.688
463.969
552.035
757.357
881.664
1360.5
14.0976
14.0646
14.0327
13.9992
13.9672
13.9333
13.9015
13.8675
13.8359
13.8023
13.7711
13.7385
13.708
13.6769
13.6476
13.6187
13.5912
13.5652
13.5404
13.5181
13.4969
13.4791
13.4629
13.4504
13.4406
13.4347
13.4296
13.437
13.4367
13.4566
13.462
13.4977
13.5105
13.5636
13.5843
13.6585
13.6873
13.7869
13.8254
13.9531
14.0027
14.1627
14.228
14.4226
14.5067
14.7444
14.8489
15.1411
15.2699
15.6283
15.7884
16.2293
16.4298
16.9769
17.2308
17.9151
18.2406
19.1055
19.5259
20.6325
21.1774
22.6093
23.3186
25.1856
26.1159
28.5561
29.785
32.9826
34.6003
38.8254
40.9547
46.5618
49.3801
56.8669
60.605
70.6945
75.7787
89.4194
96.8651
115.309
126.395
151.841
168.718
204.347
230.655
280.911
322.151
393.525
456.698
556.954
649.148
785.031
909.27
1081.48
1230.48
1428.39
1580.04
1792.95
1902.14
2275.15
14.174
14.1561
14.1407
14.1277
14.1189
14.113
14.1139
14.1159
14.1308
14.1435
14.174
14.2036
14.2512
14.3026
14.3701
14.4483
14.5383
14.6485
14.7634
14.9111
15.0529
15.2432
15.4137
15.6518
15.8522
16.1429
16.3743
16.7222
16.9851
17.3948
17.6895
18.166
18.4924
19.0422
19.3996
20.031
20.4191
21.1432
21.5628
22.3939
22.8484
23.8047
24.3027
25.4067
25.9647
27.2455
27.8919
29.3905
30.1705
31.9461
32.9266
35.063
36.3401
38.9508
40.6572
43.8914
46.1999
50.2538
53.3796
58.5159
62.7318
69.2968
74.9441
83.3989
90.9209
101.862
111.857
126.075
139.361
157.926
175.657
200.066
223.91
256.293
288.638
331.958
376.075
434.182
494.184
571.57
651.847
752.917
857.026
984.054
1112.4
1263.01
1410.12
1574.52
1727.12
1887.78
2026.56
2163.45
2269.89
2372.35
2440.45
2513.6
2555.61
2628.65
2653.58
2920.81
15.3045
15.5004
15.7091
15.9771
16.2729
16.6316
17.034
17.5029
18.031
18.6292
19.3011
20.0464
20.8773
21.7853
22.7871
23.8695
25.0497
26.3138
27.6747
29.123
30.6621
32.2919
34.003
35.8083
37.6821
39.6543
41.6813
43.813
45.9853
48.2726
50.5867
53.0344
55.4945
58.1214
60.7447
63.5888
66.4117
69.5383
72.6242
76.1352
79.5866
83.6319
87.6034
92.3901
97.1105
102.928
108.794
116.114
123.694
133.144
143.161
155.537
168.871
185.124
202.754
223.906
246.956
274.196
304.008
338.769
376.969
421.002
469.537
524.943
586.053
655.35
731.465
817.274
910.806
1015.56
1128.57
1254.03
1387.48
1533.85
1686.5
1851.15
2018.15
2194.15
2366.1
2541
2703.79
2864
3000.96
3130.47
3228.51
3317.58
3372.97
3422.47
3442.05
3461.06
3459.76
3457.58
3448.48
3441.59
3423.44
3416.23
3399.78
3406.73
3406.91
3609.99
31.8885
35.1229
38.4823
42.7253
47.1118
52.451
57.9554
64.471
71.1681
78.9103
86.8378
95.8121
104.957
115.111
125.4
136.619
147.918
160.033
172.165
184.974
197.752
211.057
224.319
237.973
251.634
265.584
279.682
294.017
308.756
323.745
339.535
355.669
373.154
391.18
411.276
432.24
456.17
481.463
510.789
542.205
578.856
618.649
664.893
715.831
774.181
839.6
914.762
998.986
1094.67
1200.73
1319.33
1448.77
1591.34
1744.14
1909.16
2083.7
2269.09
2463.11
2665.88
2876.17
3092.13
3313.93
3537.64
3764.16
3989.33
4212.93
4430.6
4641.26
4841.03
5028.95
5200.84
5356.37
5491.18
5606.41
5697.48
5768.23
5813.07
5840.77
5839.2
5825.05
5795.91
5766.42
5710.62
5656.62
5584.86
5521.23
5439.89
5369.47
5280.44
5203.9
5109.23
5028.96
4931.55
4854.65
4758.98
4692
4608.35
4561.99
4533.06
4738.75
363.249
429.407
500.119
580.716
664.636
758.393
854.491
960.178
1066.85
1182.66
1297.89
1421.73
1543.33
1673.06
1798.99
1932.79
2061.53
2198.27
2329.13
2468.64
2602.02
2745.24
2882.75
3031.82
3176.22
3334.38
3489.55
3661.02
3831.73
4021.48
4213.16
4426.6
4645.02
4887.66
5138.45
5415.27
5703.32
6017.97
6346.56
6700.33
7070.05
7460.51
7868.3
8287.95
8726.51
9162.65
9602.42
10024.3
10437.7
10821
11185.1
11511.5
11810.3
12070.4
12304.2
12499.7
12669.8
12803
12913.7
12990.5
13044.9
13073.7
13074
13062.8
13028
12990.2
12924.9
12848.8
12761.5
12665.4
12558.7
12443.5
12316.6
12180.8
12030.9
11871.7
11695.9
11511.8
11309.8
11101
10877.1
10652.4
10410.7
10176.2
9924.45
9687.07
9433.72
9199.98
8950.39
8724.86
8483.04
8270.7
8040.49
7847.98
7635.12
7466.39
7289.01
7143.06
7086.46
7266.21
6845.41
7615.83
8432.9
9292.27
10187.5
11111.5
12055.4
13010
13964.8
14909.7
15833.4
16726
17577.2
18378.6
19121.8
19801.3
20411.3
20949.9
21414.3
21805.8
22124.6
22375.1
22559.3
22684.1
22752.9
22773.9
22750.9
22692.9
22603.6
22492.2
22361.4
22220.6
22071.5
21923
21776.2
21639.1
21512.6
21403.4
21312.5
21245.4
21203.4
21190
21207.3
21256.1
21352
21464.2
21598.9
21768.8
21965.3
22170.2
22388
22598.3
22805.7
22989.3
23159.8
23291.9
23390.7
23473
23512.4
23511.4
23473.6
23399.2
23290.2
23156
22991.9
22805.5
22597.6
22374.7
22138.3
21894.1
21641.5
21385.4
21122.3
20856.6
20581.4
20302.1
20008.3
19708.6
19389.7
19064.6
18719.4
18373.2
18004.6
17644.8
17263.1
16899.4
16515
16154.3
15770.8
15412.5
15024.9
14662.1
14259
13879.9
13446.4
13013.1
12545.1
11918.1
11428.4
9360.04
10582.7
11132.8
11573.1
11961.8
12329.2
12701.5
13084.5
13475.2
13882.9
14313.6
14774.4
15263.1
15806.7
16370.5
17033.8
17786.9
18441.8
19875.2
20410.1
23216.3
4935.52
5095.16
5230
5354.27
5470.45
5582.81
5694.47
5804.94
5916.58
6030.47
6150.05
6270.35
6407.79
6532.38
6699.92
6848.63
7027
7265.87
7505.38
7831.65
4058.34
4139.27
4212.26
4281.43
4345.16
4404.29
4460.7
4514.44
4566.55
4617.32
4668.86
4717.48
4774.07
4816.22
4885.28
4926.21
5006.01
5056.27
5199.6
5205.67
3872.33
3919.13
3965.03
4007.98
4046.49
4080.38
4110.8
4138.12
4162.69
4184.64
4205.19
4222.21
4242.39
4249.94
4275.18
4275.4
4307.18
4302.34
4375.57
4310.97
3908.64
3933.25
3960.7
3986.1
4007.61
4024.46
4037.57
4047.32
4053.61
4056.58
4056.01
4051.8
4047.38
4032.45
4029.37
4003.26
4005.68
3967.28
4000.53
3903.35
4052.51
4062.52
4073.75
4083.4
4089.48
4090.93
4088.59
4082.77
4072.85
4059.17
4042.24
4020.2
3998.45
3963.72
3942.05
3891.26
3874.15
3807.11
3813.65
3692.95
4259.34
4256.77
4252.72
4247.29
4238.5
4225.33
4208.15
4187.18
4162.12
4132.82
4100
4061.22
4022.84
3970
3932.4
3860.39
3828.51
3736.27
3722.27
3578.31
4506.93
4490.98
4472.06
4451.48
4427.68
4399.68
4367.62
4331.59
4291.41
4246.72
4198.34
4143.42
4088.97
4019.08
3965.77
3874.19
3828.77
3714.38
3683.87
3516.18
4780.94
4750.6
4716.45
4680.28
4640.98
4597.66
4550.33
4498.97
4443.45
4383.28
4319.33
4248.5
4178.26
4091.88
4023.24
3913.42
3855.4
3719.66
3675.06
3484.83
5070.97
5025.18
4975.13
4922.74
4867.31
4808.09
4744.99
4677.92
4606.76
4530.92
4451.35
4364.69
4278.85
4176.39
4092.79
3965.7
3895.77
3739.94
3682.5
3471.19
5368.48
5306.19
5239.49
5170.21
5098.03
5022.33
4942.99
4859.85
4772.79
4681.13
4585.91
4483.55
4382.38
4264.24
4166.11
4022.67
3941.34
3766.76
3697.71
3466.82
5665.74
5586.04
5501.96
5415.19
5325.72
5233.09
5137.14
5037.68
4934.57
4827.05
4716.3
4598.47
4482.34
4349.04
4236.97
4078.14
3985.82
3794.16
3714.61
3465.88
5955.31
5857.48
5755.45
5650.74
5543.63
5433.78
5321.03
5205.16
5086.04
4962.81
4836.81
4703.9
4573.39
4425.61
4300.34
4127.28
4024.2
3817.76
3728.6
3464.1
6229.79
6113.35
5993.03
5870.2
5745.33
5618.21
5488.7
5356.55
5221.67
5083.11
4942.36
4795
4650.87
4489.51
4351.99
4166.02
4052.78
3833.46
3735.8
3458.11
6481.62
6346.41
6207.8
6066.97
5924.53
5780.39
5634.43
5486.43
5336.32
5183.04
5028.3
4867.36
4710.63
4536.82
4388.1
4190.47
4067.82
3838.35
3733.67
3445.2
6702.99
6549.3
6392.79
6234.47
6074.99
5914.42
5752.67
5589.55
5425.03
5257.98
5090.3
4916.58
4748.19
4563.05
4404.86
4198.05
4067.73
3829.95
3719.42
3423.07
6885.86
6714.47
6540.9
6366.01
6190.46
6014.45
5837.96
5660.41
5482.16
5302.15
5122.53
4938.32
4760.74
4566.74
4400.75
4186.33
4049.44
3805.73
3690.84
3389.77
7021.96
6834.19
6644.5
6453.83
6263.07
6072.56
5882.32
5692.7
5503.6
5313.43
5124.61
4931.34
4745.81
4544.41
4372.29
4152.51
4010.76
3763.73
3646.04
3343.66
7099.35
6896.62
6693.38
6490.46
6288.02
6086.42
5885.75
5685.89
5487.11
5288.04
5091.4
4891.01
4699.7
4493.19
4317.08
4094.48
3949.77
3702.24
3583.41
3283.32
7115.01
6901.52
6687.6
6474.14
6261.6
6050.47
5840.98
5632.96
5426.93
5221.4
5019.41
4814.42
4619.78
4410.77
4233.03
4010.41
3864.82
3619.83
3501.59
3207.57
7059.25
6837.65
6615.88
6395.13
6175.7
5958.16
5742.86
5529.67
5319.32
5110.21
4905.72
4698.98
4503.8
4295.19
4118.43
3898.82
3754.57
3515.4
3399.51
3115.49
6922.19
6696.85
6471.36
6247.29
6024.82
5804.58
5587.08
5372.23
5160.95
4951.61
4747.85
4542.62
4349.95
4144.95
3971.93
3758.6
3618.04
3388.13
3276.41
3006.39
6696.05
6472.13
6247.82
6025.09
5804.07
5585.48
5369.95
5157.47
4949.14
4743.34
4543.93
4343.79
4156.96
3959.03
3792.69
3589.09
3454.62
3237.58
3131.83
2879.85
6374.09
6157.56
5940.08
5724.01
5509.57
5297.55
5088.69
4883.11
4682.06
4484
4292.9
4101.74
3924.28
3737.09
3580.45
3390.17
3264.2
3063.76
2965.67
2735.78
5951.41
5748.95
5544.59
5341.09
5138.88
4938.85
4741.85
4548.13
4359.07
4173.26
3994.68
3816.61
3652.17
3479.51
3335.61
3162.28
3047.2
2867.12
2778.25
2574.38
5251.37
5077.08
4899.1
4720.66
4542.75
4366.37
4192.47
4021.5
3854.94
3691.75
3535.56
3380.52
3238.28
3090.05
2967.13
2821.15
2723.76
2575.51
2501.09
2336.49
4106.5
3985.56
3858.7
3728.78
3597.83
3467.08
3337.04
3208.75
3083.51
2961.09
2843.96
2728.54
2623.27
2515.34
2426.27
2323.45
2254.74
2154.52
2101.99
1995.07
2759.71
2706.3
2644.12
2576.47
2506.17
2434.41
2360.09
2285.73
2211.76
2139.17
2068.7
2000.56
1938.59
1877.9
1827.81
1774.47
1739.29
1691.61
1662.85
1620.32
1376.96
1395.33
1396.77
1395.87
1387.9
1378.41
1360.45
1341.27
1318.17
1295.5
1271.9
1252.55
1234.43
1221.97
1211.2
1209.08
1207.34
1209.98
1207.85
1226.13
402.776
428.825
450.205
470.538
485.326
500.189
509.991
521.956
529.812
544.244
555.716
576.784
593.083
621.507
642.381
678.908
702.207
745.876
762.847
839.658
62.6008
70.0909
76.4758
84.9952
91.663
100.925
107.575
118.172
125.483
138.873
148.03
166.919
180.064
207.809
226.723
266.981
292.229
353.096
379.604
489.678
15.2734
16.1997
16.6849
17.8679
18.4441
20.0127
20.6847
22.8517
23.7495
26.9694
28.429
33.583
36.3321
45.3798
50.7963
67.7572
78.8048
113.331
127.477
219.766
12.1921
12.2582
12.2907
12.425
12.4862
12.7151
12.819
13.1947
13.3454
13.954
14.2016
15.1695
15.5964
17.2814
18.1445
21.4513
23.3576
31.8583
33.4239
74.7233
14.1186
14.1301
14.1543
14.2672
14.3423
14.581
14.7197
15.1018
15.309
15.8577
16.1487
16.9096
17.3098
18.3729
18.899
20.4979
21.1309
24.3672
24.5354
37.3996
22.5178
22.3037
22.288
22.4086
22.4893
23.0649
23.3229
24.3333
24.806
26.3604
27.1973
29.6172
31.0414
35.0308
37.3843
44.2622
47.6742
60.156
65.0056
90.7067
52.6706
50.9353
50.0616
49.7644
49.5973
51.3722
52.3448
56.4378
58.6819
66.6349
71.1357
85.0415
93.6976
116.148
131.025
164.478
186.107
231.849
254.85
313.347
159.545
156.202
152.346
151.999
157.488
166.412
180.947
199.811
225.578
257.272
296.326
341.016
391.296
443.362
496.513
543.68
588.04
616.59
644.946
648.594
518.821
513.186
526.32
545.66
578.515
618.125
667.399
718.825
775.34
828.495
879.954
920.94
953.667
972.669
981.109
979.125
970.848
955.408
936.632
904.307
1348.14
1349.82
1358.69
1368.31
1387.17
1404.43
1419.46
1428.85
1430.48
1426.87
1417.43
1396.02
1373.73
1339.44
1310.5
1267.85
1238.49
1193.61
1163.69
1113.23
2228.69
2200.58
2150.33
2101.47
2065.08
2026.51
1987.86
1941.09
1895.36
1838.28
1786.37
1722.85
1670.64
1606.92
1561.39
1503.47
1469.95
1421.21
1395.79
1354.2
2878.85
2841.21
2760.06
2676.45
2603.43
2519.31
2436.76
2343.42
2260.74
2169.29
2094.77
2012.84
1954.09
1886.72
1846.45
1798.13
1778.52
1749.21
1748.65
1743.61
3559.27
3518.75
3401.77
3270.53
3147.18
3013.55
2893.27
2770.16
2673.42
2573.85
2504.27
2433.16
2395.85
2352.23
2343.17
2336.39
2356.87
2378.86
2428.05
2537.45
4676.14
4606.34
4367.25
4128.29
3937.77
3765.96
3636.05
3519.03
3449.37
3384.11
3361.83
3354.01
3379.73
3409.02
3490.03
3571.25
3706.79
3860.01
4041.29
4471.19
7197.91
6905.67
6350.26
5996.15
5802.38
5676.25
5628.58
5615.68
5684.14
5765.68
5922.57
6082.4
6312.99
6553.53
6878.99
7244.26
7715.46
8276.56
8962.42
10338.9
11331.5
12119.7
12992.9
13596.8
14053.4
14461.3
14954.3
15435.5
15987.8
16524.9
17199.9
17931.2
18850.7
19921.8
21234.9
22885.2
24741.4
27492.9
29904.6
35266.3
)
;

boundaryField
{
    inlet
    {
        type            fixedValue;
        value           uniform 14.855;
    }
    outlet
    {
        type            zeroGradient;
    }
    upperWall
    {
        Cmu             0.09;
        kappa           0.41;
        E               9.8;
        type            epsilonWallFunction;
        value           nonuniform List<scalar> 
138
(
69.8
69.0921
334.027
459.705
636.288
836.136
1089.47
1373.72
1710.46
2080.87
2498.24
2946.96
3433.49
3945.09
4483.26
5038.03
5607.69
6184.95
6845.41
7615.83
8432.9
9292.27
10187.5
11111.5
12055.4
13010
13964.8
14909.7
15833.4
16726
17577.2
18378.6
19121.8
19801.3
20411.3
20949.9
21414.3
21805.8
22124.6
22375.1
22559.3
22684.1
22752.9
22773.9
22750.9
22692.9
22603.6
22492.2
22361.4
22220.6
22071.5
21923
21776.2
21639.1
21512.6
21403.4
21312.5
21245.4
21203.4
21190
21207.3
21256.1
21352
21464.2
21598.9
21768.8
21965.3
22170.2
22388
22598.3
22805.7
22989.3
23159.8
23291.9
23390.7
23473
23512.4
23511.4
23473.6
23399.2
23290.2
23156
22991.9
22805.5
22597.6
22374.7
22138.3
21894.1
21641.5
21385.4
21122.3
20856.6
20581.4
20302.1
20008.3
19708.6
19389.7
19064.6
18719.4
18373.2
18004.6
17644.8
17263.1
16899.4
16515
16154.3
15770.8
15412.5
15024.9
14662.1
14259
13879.9
13446.4
13013.1
12545.1
11918.1
11428.4
9360.04
11331.5
12119.7
12992.9
13596.8
14053.4
14461.3
14954.3
15435.5
15987.8
16524.9
17199.9
17931.2
18850.7
19921.8
21234.9
22885.2
24741.4
27492.9
29904.6
35266.3
)
;
    }
    lowerWall
    {
        Cmu             0.09;
        kappa           0.41;
        E               9.8;
        type            epsilonWallFunction;
        value           nonuniform List<scalar> 
163
(
155.12
153.063
152.037
150.321
149.361
147.765
147.057
145.794
145.424
144.736
144.682
144.732
145.06
145.37
146.405
146.971
148.78
149.228
6.46799
9.10526
11.0549
12.7416
14.7107
11.0352
13.6983
76.3685
96.0715
109.912
119.883
126.826
130.877
132.566
132.317
130.865
127.922
124.655
120.932
117.829
113.266
113.083
100.683
119.711
346.919
6.46799
4.89002
5.74649
5.69755
6.00104
5.71375
5.58499
5.82431
6.44643
33.7618
41.858
51.175
62.2698
76.8968
96.9211
123.722
158.502
202.038
254.752
316.819
387.888
467.918
556.838
654.645
761.429
877.396
1002.85
1138.18
1283.86
1440.39
1608.33
1788.24
1980.69
2186.21
2405.3
2638.4
2885.88
3148.04
3425.05
3716.99
4023.83
4345.4
4681.38
5031.34
5394.66
5770.6
6158.25
6556.56
6964.3
7380.07
7802.27
8229.09
8658.41
9087.75
9514.19
9934.57
10346.8
10754.9
11154
11542.6
11919.1
12281.4
12627.5
12955.5
13263.4
13549.6
13812.3
14050.3
14262.1
14446.7
14603.3
14731.6
14831.5
14903.1
14940.8
14942.2
14919.3
14878.8
14801.9
14695.7
14562.5
14403.6
14220.5
14014.8
13788.3
13543
13281
13004.4
12715.4
12416.5
12109.8
11797.6
11482.6
11169.3
10919
10780.7
10657
10506.7
10384
9769.1
10582.7
11132.8
11573.1
11961.8
12329.2
12701.5
13084.5
13475.2
13882.9
14313.6
14774.4
15263.1
15806.7
16370.5
17033.8
17786.9
18441.8
19875.2
20410.1
23216.3
)
;
    }
    frontAndBack
    {
        type            empty;
    }
}


// ************************************************************************* //
