/*--------------------------------*- C++ -*----------------------------------*\
| =========                 |                                                 |
| \\      /  F ield         | OpenFOAM: The Open Source CFD Toolbox           |
|  \\    /   O peration     | Version:  5.0                                   |
|   \\  /    A nd           | Web:      www.OpenFOAM.org                      |
|    \\/     M anipulation  |                                                 |
\*---------------------------------------------------------------------------*/
FoamFile
{
    version     2.0;
    format      ascii;
    class       labelList;
    note        "nPoints: 13560 nCells: 6600 nFaces: 26580 nInternalFaces: 13020";
    location    "constant/polyMesh";
    object      neighbour;
}
// * * * * * * * * * * * * * * * * * * * * * * * * * * * * * * * * * * * * * //


13020
(
1
30
3300
2
31
3
32
4
33
5
34
6
35
7
36
8
37
9
38
10
39
11
40
12
41
13
42
14
43
15
44
16
45
17
46
18
47
19
48
20
49
21
50
22
51
23
52
24
53
25
54
26
55
27
56
28
57
29
58
59
900
31
60
3330
32
61
33
62
34
63
35
64
36
65
37
66
38
67
39
68
40
69
41
70
42
71
43
72
44
73
45
74
46
75
47
76
48
77
49
78
50
79
51
80
52
81
53
82
54
83
55
84
56
85
57
86
58
87
59
88
89
910
61
90
3360
62
91
63
92
64
93
65
94
66
95
67
96
68
97
69
98
70
99
71
100
72
101
73
102
74
103
75
104
76
105
77
106
78
107
79
108
80
109
81
110
82
111
83
112
84
113
85
114
86
115
87
116
88
117
89
118
119
920
91
120
3390
92
121
93
122
94
123
95
124
96
125
97
126
98
127
99
128
100
129
101
130
102
131
103
132
104
133
105
134
106
135
107
136
108
137
109
138
110
139
111
140
112
141
113
142
114
143
115
144
116
145
117
146
118
147
119
148
149
930
121
150
3420
122
151
123
152
124
153
125
154
126
155
127
156
128
157
129
158
130
159
131
160
132
161
133
162
134
163
135
164
136
165
137
166
138
167
139
168
140
169
141
170
142
171
143
172
144
173
145
174
146
175
147
176
148
177
149
178
179
940
151
180
3450
152
181
153
182
154
183
155
184
156
185
157
186
158
187
159
188
160
189
161
190
162
191
163
192
164
193
165
194
166
195
167
196
168
197
169
198
170
199
171
200
172
201
173
202
174
203
175
204
176
205
177
206
178
207
179
208
209
950
181
210
3480
182
211
183
212
184
213
185
214
186
215
187
216
188
217
189
218
190
219
191
220
192
221
193
222
194
223
195
224
196
225
197
226
198
227
199
228
200
229
201
230
202
231
203
232
204
233
205
234
206
235
207
236
208
237
209
238
239
960
211
240
3510
212
241
213
242
214
243
215
244
216
245
217
246
218
247
219
248
220
249
221
250
222
251
223
252
224
253
225
254
226
255
227
256
228
257
229
258
230
259
231
260
232
261
233
262
234
263
235
264
236
265
237
266
238
267
239
268
269
970
241
270
3540
242
271
243
272
244
273
245
274
246
275
247
276
248
277
249
278
250
279
251
280
252
281
253
282
254
283
255
284
256
285
257
286
258
287
259
288
260
289
261
290
262
291
263
292
264
293
265
294
266
295
267
296
268
297
269
298
299
980
271
300
3570
272
301
273
302
274
303
275
304
276
305
277
306
278
307
279
308
280
309
281
310
282
311
283
312
284
313
285
314
286
315
287
316
288
317
289
318
290
319
291
320
292
321
293
322
294
323
295
324
296
325
297
326
298
327
299
328
329
990
301
330
3600
302
331
303
332
304
333
305
334
306
335
307
336
308
337
309
338
310
339
311
340
312
341
313
342
314
343
315
344
316
345
317
346
318
347
319
348
320
349
321
350
322
351
323
352
324
353
325
354
326
355
327
356
328
357
329
358
359
1000
331
360
3630
332
361
333
362
334
363
335
364
336
365
337
366
338
367
339
368
340
369
341
370
342
371
343
372
344
373
345
374
346
375
347
376
348
377
349
378
350
379
351
380
352
381
353
382
354
383
355
384
356
385
357
386
358
387
359
388
389
1010
361
390
3660
362
391
363
392
364
393
365
394
366
395
367
396
368
397
369
398
370
399
371
400
372
401
373
402
374
403
375
404
376
405
377
406
378
407
379
408
380
409
381
410
382
411
383
412
384
413
385
414
386
415
387
416
388
417
389
418
419
1020
391
420
3690
392
421
393
422
394
423
395
424
396
425
397
426
398
427
399
428
400
429
401
430
402
431
403
432
404
433
405
434
406
435
407
436
408
437
409
438
410
439
411
440
412
441
413
442
414
443
415
444
416
445
417
446
418
447
419
448
449
1030
421
450
3720
422
451
423
452
424
453
425
454
426
455
427
456
428
457
429
458
430
459
431
460
432
461
433
462
434
463
435
464
436
465
437
466
438
467
439
468
440
469
441
470
442
471
443
472
444
473
445
474
446
475
447
476
448
477
449
478
479
1040
451
480
3750
452
481
453
482
454
483
455
484
456
485
457
486
458
487
459
488
460
489
461
490
462
491
463
492
464
493
465
494
466
495
467
496
468
497
469
498
470
499
471
500
472
501
473
502
474
503
475
504
476
505
477
506
478
507
479
508
509
1050
481
510
3780
482
511
483
512
484
513
485
514
486
515
487
516
488
517
489
518
490
519
491
520
492
521
493
522
494
523
495
524
496
525
497
526
498
527
499
528
500
529
501
530
502
531
503
532
504
533
505
534
506
535
507
536
508
537
509
538
539
1060
511
540
3810
512
541
513
542
514
543
515
544
516
545
517
546
518
547
519
548
520
549
521
550
522
551
523
552
524
553
525
554
526
555
527
556
528
557
529
558
530
559
531
560
532
561
533
562
534
563
535
564
536
565
537
566
538
567
539
568
569
1070
541
570
3840
542
571
543
572
544
573
545
574
546
575
547
576
548
577
549
578
550
579
551
580
552
581
553
582
554
583
555
584
556
585
557
586
558
587
559
588
560
589
561
590
562
591
563
592
564
593
565
594
566
595
567
596
568
597
569
598
599
1080
571
600
3870
572
601
573
602
574
603
575
604
576
605
577
606
578
607
579
608
580
609
581
610
582
611
583
612
584
613
585
614
586
615
587
616
588
617
589
618
590
619
591
620
592
621
593
622
594
623
595
624
596
625
597
626
598
627
599
628
629
1090
601
630
3900
602
631
603
632
604
633
605
634
606
635
607
636
608
637
609
638
610
639
611
640
612
641
613
642
614
643
615
644
616
645
617
646
618
647
619
648
620
649
621
650
622
651
623
652
624
653
625
654
626
655
627
656
628
657
629
658
659
1100
631
660
3930
632
661
633
662
634
663
635
664
636
665
637
666
638
667
639
668
640
669
641
670
642
671
643
672
644
673
645
674
646
675
647
676
648
677
649
678
650
679
651
680
652
681
653
682
654
683
655
684
656
685
657
686
658
687
659
688
689
1110
661
690
3960
662
691
663
692
664
693
665
694
666
695
667
696
668
697
669
698
670
699
671
700
672
701
673
702
674
703
675
704
676
705
677
706
678
707
679
708
680
709
681
710
682
711
683
712
684
713
685
714
686
715
687
716
688
717
689
718
719
1120
691
720
3990
692
721
693
722
694
723
695
724
696
725
697
726
698
727
699
728
700
729
701
730
702
731
703
732
704
733
705
734
706
735
707
736
708
737
709
738
710
739
711
740
712
741
713
742
714
743
715
744
716
745
717
746
718
747
719
748
749
1130
721
750
4020
722
751
723
752
724
753
725
754
726
755
727
756
728
757
729
758
730
759
731
760
732
761
733
762
734
763
735
764
736
765
737
766
738
767
739
768
740
769
741
770
742
771
743
772
744
773
745
774
746
775
747
776
748
777
749
778
779
1140
751
780
4050
752
781
753
782
754
783
755
784
756
785
757
786
758
787
759
788
760
789
761
790
762
791
763
792
764
793
765
794
766
795
767
796
768
797
769
798
770
799
771
800
772
801
773
802
774
803
775
804
776
805
777
806
778
807
779
808
809
1150
781
810
4080
782
811
783
812
784
813
785
814
786
815
787
816
788
817
789
818
790
819
791
820
792
821
793
822
794
823
795
824
796
825
797
826
798
827
799
828
800
829
801
830
802
831
803
832
804
833
805
834
806
835
807
836
808
837
809
838
839
1160
811
840
4110
812
841
813
842
814
843
815
844
816
845
817
846
818
847
819
848
820
849
821
850
822
851
823
852
824
853
825
854
826
855
827
856
828
857
829
858
830
859
831
860
832
861
833
862
834
863
835
864
836
865
837
866
838
867
839
868
869
1170
841
870
4140
842
871
843
872
844
873
845
874
846
875
847
876
848
877
849
878
850
879
851
880
852
881
853
882
854
883
855
884
856
885
857
886
858
887
859
888
860
889
861
890
862
891
863
892
864
893
865
894
866
895
867
896
868
897
869
898
899
1180
871
4170
872
873
874
875
876
877
878
879
880
881
882
883
884
885
886
887
888
889
890
891
892
893
894
895
896
897
898
899
1190
901
910
902
911
903
912
904
913
905
914
906
915
907
916
908
917
909
918
919
1200
911
920
912
921
913
922
914
923
915
924
916
925
917
926
918
927
919
928
929
1270
921
930
922
931
923
932
924
933
925
934
926
935
927
936
928
937
929
938
939
1340
931
940
932
941
933
942
934
943
935
944
936
945
937
946
938
947
939
948
949
1410
941
950
942
951
943
952
944
953
945
954
946
955
947
956
948
957
949
958
959
1480
951
960
952
961
953
962
954
963
955
964
956
965
957
966
958
967
959
968
969
1550
961
970
962
971
963
972
964
973
965
974
966
975
967
976
968
977
969
978
979
1620
971
980
972
981
973
982
974
983
975
984
976
985
977
986
978
987
979
988
989
1690
981
990
982
991
983
992
984
993
985
994
986
995
987
996
988
997
989
998
999
1760
991
1000
992
1001
993
1002
994
1003
995
1004
996
1005
997
1006
998
1007
999
1008
1009
1830
1001
1010
1002
1011
1003
1012
1004
1013
1005
1014
1006
1015
1007
1016
1008
1017
1009
1018
1019
1900
1011
1020
1012
1021
1013
1022
1014
1023
1015
1024
1016
1025
1017
1026
1018
1027
1019
1028
1029
1970
1021
1030
1022
1031
1023
1032
1024
1033
1025
1034
1026
1035
1027
1036
1028
1037
1029
1038
1039
2040
1031
1040
1032
1041
1033
1042
1034
1043
1035
1044
1036
1045
1037
1046
1038
1047
1039
1048
1049
2110
1041
1050
1042
1051
1043
1052
1044
1053
1045
1054
1046
1055
1047
1056
1048
1057
1049
1058
1059
2180
1051
1060
1052
1061
1053
1062
1054
1063
1055
1064
1056
1065
1057
1066
1058
1067
1059
1068
1069
2250
1061
1070
1062
1071
1063
1072
1064
1073
1065
1074
1066
1075
1067
1076
1068
1077
1069
1078
1079
2320
1071
1080
1072
1081
1073
1082
1074
1083
1075
1084
1076
1085
1077
1086
1078
1087
1079
1088
1089
2390
1081
1090
1082
1091
1083
1092
1084
1093
1085
1094
1086
1095
1087
1096
1088
1097
1089
1098
1099
2460
1091
1100
1092
1101
1093
1102
1094
1103
1095
1104
1096
1105
1097
1106
1098
1107
1099
1108
1109
2530
1101
1110
1102
1111
1103
1112
1104
1113
1105
1114
1106
1115
1107
1116
1108
1117
1109
1118
1119
2600
1111
1120
1112
1121
1113
1122
1114
1123
1115
1124
1116
1125
1117
1126
1118
1127
1119
1128
1129
2670
1121
1130
1122
1131
1123
1132
1124
1133
1125
1134
1126
1135
1127
1136
1128
1137
1129
1138
1139
2740
1131
1140
1132
1141
1133
1142
1134
1143
1135
1144
1136
1145
1137
1146
1138
1147
1139
1148
1149
2810
1141
1150
1142
1151
1143
1152
1144
1153
1145
1154
1146
1155
1147
1156
1148
1157
1149
1158
1159
2880
1151
1160
1152
1161
1153
1162
1154
1163
1155
1164
1156
1165
1157
1166
1158
1167
1159
1168
1169
2950
1161
1170
1162
1171
1163
1172
1164
1173
1165
1174
1166
1175
1167
1176
1168
1177
1169
1178
1179
3020
1171
1180
1172
1181
1173
1182
1174
1183
1175
1184
1176
1185
1177
1186
1178
1187
1179
1188
1189
3090
1181
1190
1182
1191
1183
1192
1184
1193
1185
1194
1186
1195
1187
1196
1188
1197
1189
1198
1199
3160
1191
1192
1193
1194
1195
1196
1197
1198
1199
3230
1201
1270
4500
1202
1271
4501
1203
1272
4502
1204
1273
4503
1205
1274
4504
1206
1275
4505
1207
1276
4506
1208
1277
4507
1209
1278
4508
1210
1279
4509
1211
1280
4510
1212
1281
4511
1213
1282
4512
1214
1283
4513
1215
1284
4514
1216
1285
4515
1217
1286
4516
1218
1287
4517
1219
1288
4518
1220
1289
4519
1221
1290
4520
1222
1291
4521
1223
1292
4522
1224
1293
4523
1225
1294
4524
1226
1295
4525
1227
1296
4526
1228
1297
4527
1229
1298
4528
1230
1299
4529
1231
1300
4530
1232
1301
4531
1233
1302
4532
1234
1303
4533
1235
1304
4534
1236
1305
4535
1237
1306
4536
1238
1307
4537
1239
1308
4538
1240
1309
4539
1241
1310
4540
1242
1311
4541
1243
1312
4542
1244
1313
4543
1245
1314
4544
1246
1315
4545
1247
1316
4546
1248
1317
4547
1249
1318
4548
1250
1319
4549
1251
1320
4550
1252
1321
4551
1253
1322
4552
1254
1323
4553
1255
1324
4554
1256
1325
4555
1257
1326
4556
1258
1327
4557
1259
1328
4558
1260
1329
4559
1261
1330
4560
1262
1331
4561
1263
1332
4562
1264
1333
4563
1265
1334
4564
1266
1335
4565
1267
1336
4566
1268
1337
4567
1269
1338
4568
1339
4569
1271
1340
1272
1341
1273
1342
1274
1343
1275
1344
1276
1345
1277
1346
1278
1347
1279
1348
1280
1349
1281
1350
1282
1351
1283
1352
1284
1353
1285
1354
1286
1355
1287
1356
1288
1357
1289
1358
1290
1359
1291
1360
1292
1361
1293
1362
1294
1363
1295
1364
1296
1365
1297
1366
1298
1367
1299
1368
1300
1369
1301
1370
1302
1371
1303
1372
1304
1373
1305
1374
1306
1375
1307
1376
1308
1377
1309
1378
1310
1379
1311
1380
1312
1381
1313
1382
1314
1383
1315
1384
1316
1385
1317
1386
1318
1387
1319
1388
1320
1389
1321
1390
1322
1391
1323
1392
1324
1393
1325
1394
1326
1395
1327
1396
1328
1397
1329
1398
1330
1399
1331
1400
1332
1401
1333
1402
1334
1403
1335
1404
1336
1405
1337
1406
1338
1407
1339
1408
1409
1341
1410
1342
1411
1343
1412
1344
1413
1345
1414
1346
1415
1347
1416
1348
1417
1349
1418
1350
1419
1351
1420
1352
1421
1353
1422
1354
1423
1355
1424
1356
1425
1357
1426
1358
1427
1359
1428
1360
1429
1361
1430
1362
1431
1363
1432
1364
1433
1365
1434
1366
1435
1367
1436
1368
1437
1369
1438
1370
1439
1371
1440
1372
1441
1373
1442
1374
1443
1375
1444
1376
1445
1377
1446
1378
1447
1379
1448
1380
1449
1381
1450
1382
1451
1383
1452
1384
1453
1385
1454
1386
1455
1387
1456
1388
1457
1389
1458
1390
1459
1391
1460
1392
1461
1393
1462
1394
1463
1395
1464
1396
1465
1397
1466
1398
1467
1399
1468
1400
1469
1401
1470
1402
1471
1403
1472
1404
1473
1405
1474
1406
1475
1407
1476
1408
1477
1409
1478
1479
1411
1480
1412
1481
1413
1482
1414
1483
1415
1484
1416
1485
1417
1486
1418
1487
1419
1488
1420
1489
1421
1490
1422
1491
1423
1492
1424
1493
1425
1494
1426
1495
1427
1496
1428
1497
1429
1498
1430
1499
1431
1500
1432
1501
1433
1502
1434
1503
1435
1504
1436
1505
1437
1506
1438
1507
1439
1508
1440
1509
1441
1510
1442
1511
1443
1512
1444
1513
1445
1514
1446
1515
1447
1516
1448
1517
1449
1518
1450
1519
1451
1520
1452
1521
1453
1522
1454
1523
1455
1524
1456
1525
1457
1526
1458
1527
1459
1528
1460
1529
1461
1530
1462
1531
1463
1532
1464
1533
1465
1534
1466
1535
1467
1536
1468
1537
1469
1538
1470
1539
1471
1540
1472
1541
1473
1542
1474
1543
1475
1544
1476
1545
1477
1546
1478
1547
1479
1548
1549
1481
1550
1482
1551
1483
1552
1484
1553
1485
1554
1486
1555
1487
1556
1488
1557
1489
1558
1490
1559
1491
1560
1492
1561
1493
1562
1494
1563
1495
1564
1496
1565
1497
1566
1498
1567
1499
1568
1500
1569
1501
1570
1502
1571
1503
1572
1504
1573
1505
1574
1506
1575
1507
1576
1508
1577
1509
1578
1510
1579
1511
1580
1512
1581
1513
1582
1514
1583
1515
1584
1516
1585
1517
1586
1518
1587
1519
1588
1520
1589
1521
1590
1522
1591
1523
1592
1524
1593
1525
1594
1526
1595
1527
1596
1528
1597
1529
1598
1530
1599
1531
1600
1532
1601
1533
1602
1534
1603
1535
1604
1536
1605
1537
1606
1538
1607
1539
1608
1540
1609
1541
1610
1542
1611
1543
1612
1544
1613
1545
1614
1546
1615
1547
1616
1548
1617
1549
1618
1619
1551
1620
1552
1621
1553
1622
1554
1623
1555
1624
1556
1625
1557
1626
1558
1627
1559
1628
1560
1629
1561
1630
1562
1631
1563
1632
1564
1633
1565
1634
1566
1635
1567
1636
1568
1637
1569
1638
1570
1639
1571
1640
1572
1641
1573
1642
1574
1643
1575
1644
1576
1645
1577
1646
1578
1647
1579
1648
1580
1649
1581
1650
1582
1651
1583
1652
1584
1653
1585
1654
1586
1655
1587
1656
1588
1657
1589
1658
1590
1659
1591
1660
1592
1661
1593
1662
1594
1663
1595
1664
1596
1665
1597
1666
1598
1667
1599
1668
1600
1669
1601
1670
1602
1671
1603
1672
1604
1673
1605
1674
1606
1675
1607
1676
1608
1677
1609
1678
1610
1679
1611
1680
1612
1681
1613
1682
1614
1683
1615
1684
1616
1685
1617
1686
1618
1687
1619
1688
1689
1621
1690
1622
1691
1623
1692
1624
1693
1625
1694
1626
1695
1627
1696
1628
1697
1629
1698
1630
1699
1631
1700
1632
1701
1633
1702
1634
1703
1635
1704
1636
1705
1637
1706
1638
1707
1639
1708
1640
1709
1641
1710
1642
1711
1643
1712
1644
1713
1645
1714
1646
1715
1647
1716
1648
1717
1649
1718
1650
1719
1651
1720
1652
1721
1653
1722
1654
1723
1655
1724
1656
1725
1657
1726
1658
1727
1659
1728
1660
1729
1661
1730
1662
1731
1663
1732
1664
1733
1665
1734
1666
1735
1667
1736
1668
1737
1669
1738
1670
1739
1671
1740
1672
1741
1673
1742
1674
1743
1675
1744
1676
1745
1677
1746
1678
1747
1679
1748
1680
1749
1681
1750
1682
1751
1683
1752
1684
1753
1685
1754
1686
1755
1687
1756
1688
1757
1689
1758
1759
1691
1760
1692
1761
1693
1762
1694
1763
1695
1764
1696
1765
1697
1766
1698
1767
1699
1768
1700
1769
1701
1770
1702
1771
1703
1772
1704
1773
1705
1774
1706
1775
1707
1776
1708
1777
1709
1778
1710
1779
1711
1780
1712
1781
1713
1782
1714
1783
1715
1784
1716
1785
1717
1786
1718
1787
1719
1788
1720
1789
1721
1790
1722
1791
1723
1792
1724
1793
1725
1794
1726
1795
1727
1796
1728
1797
1729
1798
1730
1799
1731
1800
1732
1801
1733
1802
1734
1803
1735
1804
1736
1805
1737
1806
1738
1807
1739
1808
1740
1809
1741
1810
1742
1811
1743
1812
1744
1813
1745
1814
1746
1815
1747
1816
1748
1817
1749
1818
1750
1819
1751
1820
1752
1821
1753
1822
1754
1823
1755
1824
1756
1825
1757
1826
1758
1827
1759
1828
1829
1761
1830
1762
1831
1763
1832
1764
1833
1765
1834
1766
1835
1767
1836
1768
1837
1769
1838
1770
1839
1771
1840
1772
1841
1773
1842
1774
1843
1775
1844
1776
1845
1777
1846
1778
1847
1779
1848
1780
1849
1781
1850
1782
1851
1783
1852
1784
1853
1785
1854
1786
1855
1787
1856
1788
1857
1789
1858
1790
1859
1791
1860
1792
1861
1793
1862
1794
1863
1795
1864
1796
1865
1797
1866
1798
1867
1799
1868
1800
1869
1801
1870
1802
1871
1803
1872
1804
1873
1805
1874
1806
1875
1807
1876
1808
1877
1809
1878
1810
1879
1811
1880
1812
1881
1813
1882
1814
1883
1815
1884
1816
1885
1817
1886
1818
1887
1819
1888
1820
1889
1821
1890
1822
1891
1823
1892
1824
1893
1825
1894
1826
1895
1827
1896
1828
1897
1829
1898
1899
1831
1900
1832
1901
1833
1902
1834
1903
1835
1904
1836
1905
1837
1906
1838
1907
1839
1908
1840
1909
1841
1910
1842
1911
1843
1912
1844
1913
1845
1914
1846
1915
1847
1916
1848
1917
1849
1918
1850
1919
1851
1920
1852
1921
1853
1922
1854
1923
1855
1924
1856
1925
1857
1926
1858
1927
1859
1928
1860
1929
1861
1930
1862
1931
1863
1932
1864
1933
1865
1934
1866
1935
1867
1936
1868
1937
1869
1938
1870
1939
1871
1940
1872
1941
1873
1942
1874
1943
1875
1944
1876
1945
1877
1946
1878
1947
1879
1948
1880
1949
1881
1950
1882
1951
1883
1952
1884
1953
1885
1954
1886
1955
1887
1956
1888
1957
1889
1958
1890
1959
1891
1960
1892
1961
1893
1962
1894
1963
1895
1964
1896
1965
1897
1966
1898
1967
1899
1968
1969
1901
1970
1902
1971
1903
1972
1904
1973
1905
1974
1906
1975
1907
1976
1908
1977
1909
1978
1910
1979
1911
1980
1912
1981
1913
1982
1914
1983
1915
1984
1916
1985
1917
1986
1918
1987
1919
1988
1920
1989
1921
1990
1922
1991
1923
1992
1924
1993
1925
1994
1926
1995
1927
1996
1928
1997
1929
1998
1930
1999
1931
2000
1932
2001
1933
2002
1934
2003
1935
2004
1936
2005
1937
2006
1938
2007
1939
2008
1940
2009
1941
2010
1942
2011
1943
2012
1944
2013
1945
2014
1946
2015
1947
2016
1948
2017
1949
2018
1950
2019
1951
2020
1952
2021
1953
2022
1954
2023
1955
2024
1956
2025
1957
2026
1958
2027
1959
2028
1960
2029
1961
2030
1962
2031
1963
2032
1964
2033
1965
2034
1966
2035
1967
2036
1968
2037
1969
2038
2039
1971
2040
1972
2041
1973
2042
1974
2043
1975
2044
1976
2045
1977
2046
1978
2047
1979
2048
1980
2049
1981
2050
1982
2051
1983
2052
1984
2053
1985
2054
1986
2055
1987
2056
1988
2057
1989
2058
1990
2059
1991
2060
1992
2061
1993
2062
1994
2063
1995
2064
1996
2065
1997
2066
1998
2067
1999
2068
2000
2069
2001
2070
2002
2071
2003
2072
2004
2073
2005
2074
2006
2075
2007
2076
2008
2077
2009
2078
2010
2079
2011
2080
2012
2081
2013
2082
2014
2083
2015
2084
2016
2085
2017
2086
2018
2087
2019
2088
2020
2089
2021
2090
2022
2091
2023
2092
2024
2093
2025
2094
2026
2095
2027
2096
2028
2097
2029
2098
2030
2099
2031
2100
2032
2101
2033
2102
2034
2103
2035
2104
2036
2105
2037
2106
2038
2107
2039
2108
2109
2041
2110
2042
2111
2043
2112
2044
2113
2045
2114
2046
2115
2047
2116
2048
2117
2049
2118
2050
2119
2051
2120
2052
2121
2053
2122
2054
2123
2055
2124
2056
2125
2057
2126
2058
2127
2059
2128
2060
2129
2061
2130
2062
2131
2063
2132
2064
2133
2065
2134
2066
2135
2067
2136
2068
2137
2069
2138
2070
2139
2071
2140
2072
2141
2073
2142
2074
2143
2075
2144
2076
2145
2077
2146
2078
2147
2079
2148
2080
2149
2081
2150
2082
2151
2083
2152
2084
2153
2085
2154
2086
2155
2087
2156
2088
2157
2089
2158
2090
2159
2091
2160
2092
2161
2093
2162
2094
2163
2095
2164
2096
2165
2097
2166
2098
2167
2099
2168
2100
2169
2101
2170
2102
2171
2103
2172
2104
2173
2105
2174
2106
2175
2107
2176
2108
2177
2109
2178
2179
2111
2180
2112
2181
2113
2182
2114
2183
2115
2184
2116
2185
2117
2186
2118
2187
2119
2188
2120
2189
2121
2190
2122
2191
2123
2192
2124
2193
2125
2194
2126
2195
2127
2196
2128
2197
2129
2198
2130
2199
2131
2200
2132
2201
2133
2202
2134
2203
2135
2204
2136
2205
2137
2206
2138
2207
2139
2208
2140
2209
2141
2210
2142
2211
2143
2212
2144
2213
2145
2214
2146
2215
2147
2216
2148
2217
2149
2218
2150
2219
2151
2220
2152
2221
2153
2222
2154
2223
2155
2224
2156
2225
2157
2226
2158
2227
2159
2228
2160
2229
2161
2230
2162
2231
2163
2232
2164
2233
2165
2234
2166
2235
2167
2236
2168
2237
2169
2238
2170
2239
2171
2240
2172
2241
2173
2242
2174
2243
2175
2244
2176
2245
2177
2246
2178
2247
2179
2248
2249
2181
2250
2182
2251
2183
2252
2184
2253
2185
2254
2186
2255
2187
2256
2188
2257
2189
2258
2190
2259
2191
2260
2192
2261
2193
2262
2194
2263
2195
2264
2196
2265
2197
2266
2198
2267
2199
2268
2200
2269
2201
2270
2202
2271
2203
2272
2204
2273
2205
2274
2206
2275
2207
2276
2208
2277
2209
2278
2210
2279
2211
2280
2212
2281
2213
2282
2214
2283
2215
2284
2216
2285
2217
2286
2218
2287
2219
2288
2220
2289
2221
2290
2222
2291
2223
2292
2224
2293
2225
2294
2226
2295
2227
2296
2228
2297
2229
2298
2230
2299
2231
2300
2232
2301
2233
2302
2234
2303
2235
2304
2236
2305
2237
2306
2238
2307
2239
2308
2240
2309
2241
2310
2242
2311
2243
2312
2244
2313
2245
2314
2246
2315
2247
2316
2248
2317
2249
2318
2319
2251
2320
2252
2321
2253
2322
2254
2323
2255
2324
2256
2325
2257
2326
2258
2327
2259
2328
2260
2329
2261
2330
2262
2331
2263
2332
2264
2333
2265
2334
2266
2335
2267
2336
2268
2337
2269
2338
2270
2339
2271
2340
2272
2341
2273
2342
2274
2343
2275
2344
2276
2345
2277
2346
2278
2347
2279
2348
2280
2349
2281
2350
2282
2351
2283
2352
2284
2353
2285
2354
2286
2355
2287
2356
2288
2357
2289
2358
2290
2359
2291
2360
2292
2361
2293
2362
2294
2363
2295
2364
2296
2365
2297
2366
2298
2367
2299
2368
2300
2369
2301
2370
2302
2371
2303
2372
2304
2373
2305
2374
2306
2375
2307
2376
2308
2377
2309
2378
2310
2379
2311
2380
2312
2381
2313
2382
2314
2383
2315
2384
2316
2385
2317
2386
2318
2387
2319
2388
2389
2321
2390
2322
2391
2323
2392
2324
2393
2325
2394
2326
2395
2327
2396
2328
2397
2329
2398
2330
2399
2331
2400
2332
2401
2333
2402
2334
2403
2335
2404
2336
2405
2337
2406
2338
2407
2339
2408
2340
2409
2341
2410
2342
2411
2343
2412
2344
2413
2345
2414
2346
2415
2347
2416
2348
2417
2349
2418
2350
2419
2351
2420
2352
2421
2353
2422
2354
2423
2355
2424
2356
2425
2357
2426
2358
2427
2359
2428
2360
2429
2361
2430
2362
2431
2363
2432
2364
2433
2365
2434
2366
2435
2367
2436
2368
2437
2369
2438
2370
2439
2371
2440
2372
2441
2373
2442
2374
2443
2375
2444
2376
2445
2377
2446
2378
2447
2379
2448
2380
2449
2381
2450
2382
2451
2383
2452
2384
2453
2385
2454
2386
2455
2387
2456
2388
2457
2389
2458
2459
2391
2460
2392
2461
2393
2462
2394
2463
2395
2464
2396
2465
2397
2466
2398
2467
2399
2468
2400
2469
2401
2470
2402
2471
2403
2472
2404
2473
2405
2474
2406
2475
2407
2476
2408
2477
2409
2478
2410
2479
2411
2480
2412
2481
2413
2482
2414
2483
2415
2484
2416
2485
2417
2486
2418
2487
2419
2488
2420
2489
2421
2490
2422
2491
2423
2492
2424
2493
2425
2494
2426
2495
2427
2496
2428
2497
2429
2498
2430
2499
2431
2500
2432
2501
2433
2502
2434
2503
2435
2504
2436
2505
2437
2506
2438
2507
2439
2508
2440
2509
2441
2510
2442
2511
2443
2512
2444
2513
2445
2514
2446
2515
2447
2516
2448
2517
2449
2518
2450
2519
2451
2520
2452
2521
2453
2522
2454
2523
2455
2524
2456
2525
2457
2526
2458
2527
2459
2528
2529
2461
2530
2462
2531
2463
2532
2464
2533
2465
2534
2466
2535
2467
2536
2468
2537
2469
2538
2470
2539
2471
2540
2472
2541
2473
2542
2474
2543
2475
2544
2476
2545
2477
2546
2478
2547
2479
2548
2480
2549
2481
2550
2482
2551
2483
2552
2484
2553
2485
2554
2486
2555
2487
2556
2488
2557
2489
2558
2490
2559
2491
2560
2492
2561
2493
2562
2494
2563
2495
2564
2496
2565
2497
2566
2498
2567
2499
2568
2500
2569
2501
2570
2502
2571
2503
2572
2504
2573
2505
2574
2506
2575
2507
2576
2508
2577
2509
2578
2510
2579
2511
2580
2512
2581
2513
2582
2514
2583
2515
2584
2516
2585
2517
2586
2518
2587
2519
2588
2520
2589
2521
2590
2522
2591
2523
2592
2524
2593
2525
2594
2526
2595
2527
2596
2528
2597
2529
2598
2599
2531
2600
2532
2601
2533
2602
2534
2603
2535
2604
2536
2605
2537
2606
2538
2607
2539
2608
2540
2609
2541
2610
2542
2611
2543
2612
2544
2613
2545
2614
2546
2615
2547
2616
2548
2617
2549
2618
2550
2619
2551
2620
2552
2621
2553
2622
2554
2623
2555
2624
2556
2625
2557
2626
2558
2627
2559
2628
2560
2629
2561
2630
2562
2631
2563
2632
2564
2633
2565
2634
2566
2635
2567
2636
2568
2637
2569
2638
2570
2639
2571
2640
2572
2641
2573
2642
2574
2643
2575
2644
2576
2645
2577
2646
2578
2647
2579
2648
2580
2649
2581
2650
2582
2651
2583
2652
2584
2653
2585
2654
2586
2655
2587
2656
2588
2657
2589
2658
2590
2659
2591
2660
2592
2661
2593
2662
2594
2663
2595
2664
2596
2665
2597
2666
2598
2667
2599
2668
2669
2601
2670
2602
2671
2603
2672
2604
2673
2605
2674
2606
2675
2607
2676
2608
2677
2609
2678
2610
2679
2611
2680
2612
2681
2613
2682
2614
2683
2615
2684
2616
2685
2617
2686
2618
2687
2619
2688
2620
2689
2621
2690
2622
2691
2623
2692
2624
2693
2625
2694
2626
2695
2627
2696
2628
2697
2629
2698
2630
2699
2631
2700
2632
2701
2633
2702
2634
2703
2635
2704
2636
2705
2637
2706
2638
2707
2639
2708
2640
2709
2641
2710
2642
2711
2643
2712
2644
2713
2645
2714
2646
2715
2647
2716
2648
2717
2649
2718
2650
2719
2651
2720
2652
2721
2653
2722
2654
2723
2655
2724
2656
2725
2657
2726
2658
2727
2659
2728
2660
2729
2661
2730
2662
2731
2663
2732
2664
2733
2665
2734
2666
2735
2667
2736
2668
2737
2669
2738
2739
2671
2740
2672
2741
2673
2742
2674
2743
2675
2744
2676
2745
2677
2746
2678
2747
2679
2748
2680
2749
2681
2750
2682
2751
2683
2752
2684
2753
2685
2754
2686
2755
2687
2756
2688
2757
2689
2758
2690
2759
2691
2760
2692
2761
2693
2762
2694
2763
2695
2764
2696
2765
2697
2766
2698
2767
2699
2768
2700
2769
2701
2770
2702
2771
2703
2772
2704
2773
2705
2774
2706
2775
2707
2776
2708
2777
2709
2778
2710
2779
2711
2780
2712
2781
2713
2782
2714
2783
2715
2784
2716
2785
2717
2786
2718
2787
2719
2788
2720
2789
2721
2790
2722
2791
2723
2792
2724
2793
2725
2794
2726
2795
2727
2796
2728
2797
2729
2798
2730
2799
2731
2800
2732
2801
2733
2802
2734
2803
2735
2804
2736
2805
2737
2806
2738
2807
2739
2808
2809
2741
2810
2742
2811
2743
2812
2744
2813
2745
2814
2746
2815
2747
2816
2748
2817
2749
2818
2750
2819
2751
2820
2752
2821
2753
2822
2754
2823
2755
2824
2756
2825
2757
2826
2758
2827
2759
2828
2760
2829
2761
2830
2762
2831
2763
2832
2764
2833
2765
2834
2766
2835
2767
2836
2768
2837
2769
2838
2770
2839
2771
2840
2772
2841
2773
2842
2774
2843
2775
2844
2776
2845
2777
2846
2778
2847
2779
2848
2780
2849
2781
2850
2782
2851
2783
2852
2784
2853
2785
2854
2786
2855
2787
2856
2788
2857
2789
2858
2790
2859
2791
2860
2792
2861
2793
2862
2794
2863
2795
2864
2796
2865
2797
2866
2798
2867
2799
2868
2800
2869
2801
2870
2802
2871
2803
2872
2804
2873
2805
2874
2806
2875
2807
2876
2808
2877
2809
2878
2879
2811
2880
2812
2881
2813
2882
2814
2883
2815
2884
2816
2885
2817
2886
2818
2887
2819
2888
2820
2889
2821
2890
2822
2891
2823
2892
2824
2893
2825
2894
2826
2895
2827
2896
2828
2897
2829
2898
2830
2899
2831
2900
2832
2901
2833
2902
2834
2903
2835
2904
2836
2905
2837
2906
2838
2907
2839
2908
2840
2909
2841
2910
2842
2911
2843
2912
2844
2913
2845
2914
2846
2915
2847
2916
2848
2917
2849
2918
2850
2919
2851
2920
2852
2921
2853
2922
2854
2923
2855
2924
2856
2925
2857
2926
2858
2927
2859
2928
2860
2929
2861
2930
2862
2931
2863
2932
2864
2933
2865
2934
2866
2935
2867
2936
2868
2937
2869
2938
2870
2939
2871
2940
2872
2941
2873
2942
2874
2943
2875
2944
2876
2945
2877
2946
2878
2947
2879
2948
2949
2881
2950
2882
2951
2883
2952
2884
2953
2885
2954
2886
2955
2887
2956
2888
2957
2889
2958
2890
2959
2891
2960
2892
2961
2893
2962
2894
2963
2895
2964
2896
2965
2897
2966
2898
2967
2899
2968
2900
2969
2901
2970
2902
2971
2903
2972
2904
2973
2905
2974
2906
2975
2907
2976
2908
2977
2909
2978
2910
2979
2911
2980
2912
2981
2913
2982
2914
2983
2915
2984
2916
2985
2917
2986
2918
2987
2919
2988
2920
2989
2921
2990
2922
2991
2923
2992
2924
2993
2925
2994
2926
2995
2927
2996
2928
2997
2929
2998
2930
2999
2931
3000
2932
3001
2933
3002
2934
3003
2935
3004
2936
3005
2937
3006
2938
3007
2939
3008
2940
3009
2941
3010
2942
3011
2943
3012
2944
3013
2945
3014
2946
3015
2947
3016
2948
3017
2949
3018
3019
2951
3020
2952
3021
2953
3022
2954
3023
2955
3024
2956
3025
2957
3026
2958
3027
2959
3028
2960
3029
2961
3030
2962
3031
2963
3032
2964
3033
2965
3034
2966
3035
2967
3036
2968
3037
2969
3038
2970
3039
2971
3040
2972
3041
2973
3042
2974
3043
2975
3044
2976
3045
2977
3046
2978
3047
2979
3048
2980
3049
2981
3050
2982
3051
2983
3052
2984
3053
2985
3054
2986
3055
2987
3056
2988
3057
2989
3058
2990
3059
2991
3060
2992
3061
2993
3062
2994
3063
2995
3064
2996
3065
2997
3066
2998
3067
2999
3068
3000
3069
3001
3070
3002
3071
3003
3072
3004
3073
3005
3074
3006
3075
3007
3076
3008
3077
3009
3078
3010
3079
3011
3080
3012
3081
3013
3082
3014
3083
3015
3084
3016
3085
3017
3086
3018
3087
3019
3088
3089
3021
3090
3022
3091
3023
3092
3024
3093
3025
3094
3026
3095
3027
3096
3028
3097
3029
3098
3030
3099
3031
3100
3032
3101
3033
3102
3034
3103
3035
3104
3036
3105
3037
3106
3038
3107
3039
3108
3040
3109
3041
3110
3042
3111
3043
3112
3044
3113
3045
3114
3046
3115
3047
3116
3048
3117
3049
3118
3050
3119
3051
3120
3052
3121
3053
3122
3054
3123
3055
3124
3056
3125
3057
3126
3058
3127
3059
3128
3060
3129
3061
3130
3062
3131
3063
3132
3064
3133
3065
3134
3066
3135
3067
3136
3068
3137
3069
3138
3070
3139
3071
3140
3072
3141
3073
3142
3074
3143
3075
3144
3076
3145
3077
3146
3078
3147
3079
3148
3080
3149
3081
3150
3082
3151
3083
3152
3084
3153
3085
3154
3086
3155
3087
3156
3088
3157
3089
3158
3159
3091
3160
3092
3161
3093
3162
3094
3163
3095
3164
3096
3165
3097
3166
3098
3167
3099
3168
3100
3169
3101
3170
3102
3171
3103
3172
3104
3173
3105
3174
3106
3175
3107
3176
3108
3177
3109
3178
3110
3179
3111
3180
3112
3181
3113
3182
3114
3183
3115
3184
3116
3185
3117
3186
3118
3187
3119
3188
3120
3189
3121
3190
3122
3191
3123
3192
3124
3193
3125
3194
3126
3195
3127
3196
3128
3197
3129
3198
3130
3199
3131
3200
3132
3201
3133
3202
3134
3203
3135
3204
3136
3205
3137
3206
3138
3207
3139
3208
3140
3209
3141
3210
3142
3211
3143
3212
3144
3213
3145
3214
3146
3215
3147
3216
3148
3217
3149
3218
3150
3219
3151
3220
3152
3221
3153
3222
3154
3223
3155
3224
3156
3225
3157
3226
3158
3227
3159
3228
3229
3161
3230
3162
3231
3163
3232
3164
3233
3165
3234
3166
3235
3167
3236
3168
3237
3169
3238
3170
3239
3171
3240
3172
3241
3173
3242
3174
3243
3175
3244
3176
3245
3177
3246
3178
3247
3179
3248
3180
3249
3181
3250
3182
3251
3183
3252
3184
3253
3185
3254
3186
3255
3187
3256
3188
3257
3189
3258
3190
3259
3191
3260
3192
3261
3193
3262
3194
3263
3195
3264
3196
3265
3197
3266
3198
3267
3199
3268
3200
3269
3201
3270
3202
3271
3203
3272
3204
3273
3205
3274
3206
3275
3207
3276
3208
3277
3209
3278
3210
3279
3211
3280
3212
3281
3213
3282
3214
3283
3215
3284
3216
3285
3217
3286
3218
3287
3219
3288
3220
3289
3221
3290
3222
3291
3223
3292
3224
3293
3225
3294
3226
3295
3227
3296
3228
3297
3229
3298
3299
3231
3232
3233
3234
3235
3236
3237
3238
3239
3240
3241
3242
3243
3244
3245
3246
3247
3248
3249
3250
3251
3252
3253
3254
3255
3256
3257
3258
3259
3260
3261
3262
3263
3264
3265
3266
3267
3268
3269
3270
3271
3272
3273
3274
3275
3276
3277
3278
3279
3280
3281
3282
3283
3284
3285
3286
3287
3288
3289
3290
3291
3292
3293
3294
3295
3296
3297
3298
3299
3301
3330
3302
3331
3303
3332
3304
3333
3305
3334
3306
3335
3307
3336
3308
3337
3309
3338
3310
3339
3311
3340
3312
3341
3313
3342
3314
3343
3315
3344
3316
3345
3317
3346
3318
3347
3319
3348
3320
3349
3321
3350
3322
3351
3323
3352
3324
3353
3325
3354
3326
3355
3327
3356
3328
3357
3329
3358
3359
4200
3331
3360
3332
3361
3333
3362
3334
3363
3335
3364
3336
3365
3337
3366
3338
3367
3339
3368
3340
3369
3341
3370
3342
3371
3343
3372
3344
3373
3345
3374
3346
3375
3347
3376
3348
3377
3349
3378
3350
3379
3351
3380
3352
3381
3353
3382
3354
3383
3355
3384
3356
3385
3357
3386
3358
3387
3359
3388
3389
4210
3361
3390
3362
3391
3363
3392
3364
3393
3365
3394
3366
3395
3367
3396
3368
3397
3369
3398
3370
3399
3371
3400
3372
3401
3373
3402
3374
3403
3375
3404
3376
3405
3377
3406
3378
3407
3379
3408
3380
3409
3381
3410
3382
3411
3383
3412
3384
3413
3385
3414
3386
3415
3387
3416
3388
3417
3389
3418
3419
4220
3391
3420
3392
3421
3393
3422
3394
3423
3395
3424
3396
3425
3397
3426
3398
3427
3399
3428
3400
3429
3401
3430
3402
3431
3403
3432
3404
3433
3405
3434
3406
3435
3407
3436
3408
3437
3409
3438
3410
3439
3411
3440
3412
3441
3413
3442
3414
3443
3415
3444
3416
3445
3417
3446
3418
3447
3419
3448
3449
4230
3421
3450
3422
3451
3423
3452
3424
3453
3425
3454
3426
3455
3427
3456
3428
3457
3429
3458
3430
3459
3431
3460
3432
3461
3433
3462
3434
3463
3435
3464
3436
3465
3437
3466
3438
3467
3439
3468
3440
3469
3441
3470
3442
3471
3443
3472
3444
3473
3445
3474
3446
3475
3447
3476
3448
3477
3449
3478
3479
4240
3451
3480
3452
3481
3453
3482
3454
3483
3455
3484
3456
3485
3457
3486
3458
3487
3459
3488
3460
3489
3461
3490
3462
3491
3463
3492
3464
3493
3465
3494
3466
3495
3467
3496
3468
3497
3469
3498
3470
3499
3471
3500
3472
3501
3473
3502
3474
3503
3475
3504
3476
3505
3477
3506
3478
3507
3479
3508
3509
4250
3481
3510
3482
3511
3483
3512
3484
3513
3485
3514
3486
3515
3487
3516
3488
3517
3489
3518
3490
3519
3491
3520
3492
3521
3493
3522
3494
3523
3495
3524
3496
3525
3497
3526
3498
3527
3499
3528
3500
3529
3501
3530
3502
3531
3503
3532
3504
3533
3505
3534
3506
3535
3507
3536
3508
3537
3509
3538
3539
4260
3511
3540
3512
3541
3513
3542
3514
3543
3515
3544
3516
3545
3517
3546
3518
3547
3519
3548
3520
3549
3521
3550
3522
3551
3523
3552
3524
3553
3525
3554
3526
3555
3527
3556
3528
3557
3529
3558
3530
3559
3531
3560
3532
3561
3533
3562
3534
3563
3535
3564
3536
3565
3537
3566
3538
3567
3539
3568
3569
4270
3541
3570
3542
3571
3543
3572
3544
3573
3545
3574
3546
3575
3547
3576
3548
3577
3549
3578
3550
3579
3551
3580
3552
3581
3553
3582
3554
3583
3555
3584
3556
3585
3557
3586
3558
3587
3559
3588
3560
3589
3561
3590
3562
3591
3563
3592
3564
3593
3565
3594
3566
3595
3567
3596
3568
3597
3569
3598
3599
4280
3571
3600
3572
3601
3573
3602
3574
3603
3575
3604
3576
3605
3577
3606
3578
3607
3579
3608
3580
3609
3581
3610
3582
3611
3583
3612
3584
3613
3585
3614
3586
3615
3587
3616
3588
3617
3589
3618
3590
3619
3591
3620
3592
3621
3593
3622
3594
3623
3595
3624
3596
3625
3597
3626
3598
3627
3599
3628
3629
4290
3601
3630
3602
3631
3603
3632
3604
3633
3605
3634
3606
3635
3607
3636
3608
3637
3609
3638
3610
3639
3611
3640
3612
3641
3613
3642
3614
3643
3615
3644
3616
3645
3617
3646
3618
3647
3619
3648
3620
3649
3621
3650
3622
3651
3623
3652
3624
3653
3625
3654
3626
3655
3627
3656
3628
3657
3629
3658
3659
4300
3631
3660
3632
3661
3633
3662
3634
3663
3635
3664
3636
3665
3637
3666
3638
3667
3639
3668
3640
3669
3641
3670
3642
3671
3643
3672
3644
3673
3645
3674
3646
3675
3647
3676
3648
3677
3649
3678
3650
3679
3651
3680
3652
3681
3653
3682
3654
3683
3655
3684
3656
3685
3657
3686
3658
3687
3659
3688
3689
4310
3661
3690
3662
3691
3663
3692
3664
3693
3665
3694
3666
3695
3667
3696
3668
3697
3669
3698
3670
3699
3671
3700
3672
3701
3673
3702
3674
3703
3675
3704
3676
3705
3677
3706
3678
3707
3679
3708
3680
3709
3681
3710
3682
3711
3683
3712
3684
3713
3685
3714
3686
3715
3687
3716
3688
3717
3689
3718
3719
4320
3691
3720
3692
3721
3693
3722
3694
3723
3695
3724
3696
3725
3697
3726
3698
3727
3699
3728
3700
3729
3701
3730
3702
3731
3703
3732
3704
3733
3705
3734
3706
3735
3707
3736
3708
3737
3709
3738
3710
3739
3711
3740
3712
3741
3713
3742
3714
3743
3715
3744
3716
3745
3717
3746
3718
3747
3719
3748
3749
4330
3721
3750
3722
3751
3723
3752
3724
3753
3725
3754
3726
3755
3727
3756
3728
3757
3729
3758
3730
3759
3731
3760
3732
3761
3733
3762
3734
3763
3735
3764
3736
3765
3737
3766
3738
3767
3739
3768
3740
3769
3741
3770
3742
3771
3743
3772
3744
3773
3745
3774
3746
3775
3747
3776
3748
3777
3749
3778
3779
4340
3751
3780
3752
3781
3753
3782
3754
3783
3755
3784
3756
3785
3757
3786
3758
3787
3759
3788
3760
3789
3761
3790
3762
3791
3763
3792
3764
3793
3765
3794
3766
3795
3767
3796
3768
3797
3769
3798
3770
3799
3771
3800
3772
3801
3773
3802
3774
3803
3775
3804
3776
3805
3777
3806
3778
3807
3779
3808
3809
4350
3781
3810
3782
3811
3783
3812
3784
3813
3785
3814
3786
3815
3787
3816
3788
3817
3789
3818
3790
3819
3791
3820
3792
3821
3793
3822
3794
3823
3795
3824
3796
3825
3797
3826
3798
3827
3799
3828
3800
3829
3801
3830
3802
3831
3803
3832
3804
3833
3805
3834
3806
3835
3807
3836
3808
3837
3809
3838
3839
4360
3811
3840
3812
3841
3813
3842
3814
3843
3815
3844
3816
3845
3817
3846
3818
3847
3819
3848
3820
3849
3821
3850
3822
3851
3823
3852
3824
3853
3825
3854
3826
3855
3827
3856
3828
3857
3829
3858
3830
3859
3831
3860
3832
3861
3833
3862
3834
3863
3835
3864
3836
3865
3837
3866
3838
3867
3839
3868
3869
4370
3841
3870
3842
3871
3843
3872
3844
3873
3845
3874
3846
3875
3847
3876
3848
3877
3849
3878
3850
3879
3851
3880
3852
3881
3853
3882
3854
3883
3855
3884
3856
3885
3857
3886
3858
3887
3859
3888
3860
3889
3861
3890
3862
3891
3863
3892
3864
3893
3865
3894
3866
3895
3867
3896
3868
3897
3869
3898
3899
4380
3871
3900
3872
3901
3873
3902
3874
3903
3875
3904
3876
3905
3877
3906
3878
3907
3879
3908
3880
3909
3881
3910
3882
3911
3883
3912
3884
3913
3885
3914
3886
3915
3887
3916
3888
3917
3889
3918
3890
3919
3891
3920
3892
3921
3893
3922
3894
3923
3895
3924
3896
3925
3897
3926
3898
3927
3899
3928
3929
4390
3901
3930
3902
3931
3903
3932
3904
3933
3905
3934
3906
3935
3907
3936
3908
3937
3909
3938
3910
3939
3911
3940
3912
3941
3913
3942
3914
3943
3915
3944
3916
3945
3917
3946
3918
3947
3919
3948
3920
3949
3921
3950
3922
3951
3923
3952
3924
3953
3925
3954
3926
3955
3927
3956
3928
3957
3929
3958
3959
4400
3931
3960
3932
3961
3933
3962
3934
3963
3935
3964
3936
3965
3937
3966
3938
3967
3939
3968
3940
3969
3941
3970
3942
3971
3943
3972
3944
3973
3945
3974
3946
3975
3947
3976
3948
3977
3949
3978
3950
3979
3951
3980
3952
3981
3953
3982
3954
3983
3955
3984
3956
3985
3957
3986
3958
3987
3959
3988
3989
4410
3961
3990
3962
3991
3963
3992
3964
3993
3965
3994
3966
3995
3967
3996
3968
3997
3969
3998
3970
3999
3971
4000
3972
4001
3973
4002
3974
4003
3975
4004
3976
4005
3977
4006
3978
4007
3979
4008
3980
4009
3981
4010
3982
4011
3983
4012
3984
4013
3985
4014
3986
4015
3987
4016
3988
4017
3989
4018
4019
4420
3991
4020
3992
4021
3993
4022
3994
4023
3995
4024
3996
4025
3997
4026
3998
4027
3999
4028
4000
4029
4001
4030
4002
4031
4003
4032
4004
4033
4005
4034
4006
4035
4007
4036
4008
4037
4009
4038
4010
4039
4011
4040
4012
4041
4013
4042
4014
4043
4015
4044
4016
4045
4017
4046
4018
4047
4019
4048
4049
4430
4021
4050
4022
4051
4023
4052
4024
4053
4025
4054
4026
4055
4027
4056
4028
4057
4029
4058
4030
4059
4031
4060
4032
4061
4033
4062
4034
4063
4035
4064
4036
4065
4037
4066
4038
4067
4039
4068
4040
4069
4041
4070
4042
4071
4043
4072
4044
4073
4045
4074
4046
4075
4047
4076
4048
4077
4049
4078
4079
4440
4051
4080
4052
4081
4053
4082
4054
4083
4055
4084
4056
4085
4057
4086
4058
4087
4059
4088
4060
4089
4061
4090
4062
4091
4063
4092
4064
4093
4065
4094
4066
4095
4067
4096
4068
4097
4069
4098
4070
4099
4071
4100
4072
4101
4073
4102
4074
4103
4075
4104
4076
4105
4077
4106
4078
4107
4079
4108
4109
4450
4081
4110
4082
4111
4083
4112
4084
4113
4085
4114
4086
4115
4087
4116
4088
4117
4089
4118
4090
4119
4091
4120
4092
4121
4093
4122
4094
4123
4095
4124
4096
4125
4097
4126
4098
4127
4099
4128
4100
4129
4101
4130
4102
4131
4103
4132
4104
4133
4105
4134
4106
4135
4107
4136
4108
4137
4109
4138
4139
4460
4111
4140
4112
4141
4113
4142
4114
4143
4115
4144
4116
4145
4117
4146
4118
4147
4119
4148
4120
4149
4121
4150
4122
4151
4123
4152
4124
4153
4125
4154
4126
4155
4127
4156
4128
4157
4129
4158
4130
4159
4131
4160
4132
4161
4133
4162
4134
4163
4135
4164
4136
4165
4137
4166
4138
4167
4139
4168
4169
4470
4141
4170
4142
4171
4143
4172
4144
4173
4145
4174
4146
4175
4147
4176
4148
4177
4149
4178
4150
4179
4151
4180
4152
4181
4153
4182
4154
4183
4155
4184
4156
4185
4157
4186
4158
4187
4159
4188
4160
4189
4161
4190
4162
4191
4163
4192
4164
4193
4165
4194
4166
4195
4167
4196
4168
4197
4169
4198
4199
4480
4171
4172
4173
4174
4175
4176
4177
4178
4179
4180
4181
4182
4183
4184
4185
4186
4187
4188
4189
4190
4191
4192
4193
4194
4195
4196
4197
4198
4199
4490
4201
4210
4202
4211
4203
4212
4204
4213
4205
4214
4206
4215
4207
4216
4208
4217
4209
4218
4219
4500
4211
4220
4212
4221
4213
4222
4214
4223
4215
4224
4216
4225
4217
4226
4218
4227
4219
4228
4229
4570
4221
4230
4222
4231
4223
4232
4224
4233
4225
4234
4226
4235
4227
4236
4228
4237
4229
4238
4239
4640
4231
4240
4232
4241
4233
4242
4234
4243
4235
4244
4236
4245
4237
4246
4238
4247
4239
4248
4249
4710
4241
4250
4242
4251
4243
4252
4244
4253
4245
4254
4246
4255
4247
4256
4248
4257
4249
4258
4259
4780
4251
4260
4252
4261
4253
4262
4254
4263
4255
4264
4256
4265
4257
4266
4258
4267
4259
4268
4269
4850
4261
4270
4262
4271
4263
4272
4264
4273
4265
4274
4266
4275
4267
4276
4268
4277
4269
4278
4279
4920
4271
4280
4272
4281
4273
4282
4274
4283
4275
4284
4276
4285
4277
4286
4278
4287
4279
4288
4289
4990
4281
4290
4282
4291
4283
4292
4284
4293
4285
4294
4286
4295
4287
4296
4288
4297
4289
4298
4299
5060
4291
4300
4292
4301
4293
4302
4294
4303
4295
4304
4296
4305
4297
4306
4298
4307
4299
4308
4309
5130
4301
4310
4302
4311
4303
4312
4304
4313
4305
4314
4306
4315
4307
4316
4308
4317
4309
4318
4319
5200
4311
4320
4312
4321
4313
4322
4314
4323
4315
4324
4316
4325
4317
4326
4318
4327
4319
4328
4329
5270
4321
4330
4322
4331
4323
4332
4324
4333
4325
4334
4326
4335
4327
4336
4328
4337
4329
4338
4339
5340
4331
4340
4332
4341
4333
4342
4334
4343
4335
4344
4336
4345
4337
4346
4338
4347
4339
4348
4349
5410
4341
4350
4342
4351
4343
4352
4344
4353
4345
4354
4346
4355
4347
4356
4348
4357
4349
4358
4359
5480
4351
4360
4352
4361
4353
4362
4354
4363
4355
4364
4356
4365
4357
4366
4358
4367
4359
4368
4369
5550
4361
4370
4362
4371
4363
4372
4364
4373
4365
4374
4366
4375
4367
4376
4368
4377
4369
4378
4379
5620
4371
4380
4372
4381
4373
4382
4374
4383
4375
4384
4376
4385
4377
4386
4378
4387
4379
4388
4389
5690
4381
4390
4382
4391
4383
4392
4384
4393
4385
4394
4386
4395
4387
4396
4388
4397
4389
4398
4399
5760
4391
4400
4392
4401
4393
4402
4394
4403
4395
4404
4396
4405
4397
4406
4398
4407
4399
4408
4409
5830
4401
4410
4402
4411
4403
4412
4404
4413
4405
4414
4406
4415
4407
4416
4408
4417
4409
4418
4419
5900
4411
4420
4412
4421
4413
4422
4414
4423
4415
4424
4416
4425
4417
4426
4418
4427
4419
4428
4429
5970
4421
4430
4422
4431
4423
4432
4424
4433
4425
4434
4426
4435
4427
4436
4428
4437
4429
4438
4439
6040
4431
4440
4432
4441
4433
4442
4434
4443
4435
4444
4436
4445
4437
4446
4438
4447
4439
4448
4449
6110
4441
4450
4442
4451
4443
4452
4444
4453
4445
4454
4446
4455
4447
4456
4448
4457
4449
4458
4459
6180
4451
4460
4452
4461
4453
4462
4454
4463
4455
4464
4456
4465
4457
4466
4458
4467
4459
4468
4469
6250
4461
4470
4462
4471
4463
4472
4464
4473
4465
4474
4466
4475
4467
4476
4468
4477
4469
4478
4479
6320
4471
4480
4472
4481
4473
4482
4474
4483
4475
4484
4476
4485
4477
4486
4478
4487
4479
4488
4489
6390
4481
4490
4482
4491
4483
4492
4484
4493
4485
4494
4486
4495
4487
4496
4488
4497
4489
4498
4499
6460
4491
4492
4493
4494
4495
4496
4497
4498
4499
6530
4501
4570
4502
4571
4503
4572
4504
4573
4505
4574
4506
4575
4507
4576
4508
4577
4509
4578
4510
4579
4511
4580
4512
4581
4513
4582
4514
4583
4515
4584
4516
4585
4517
4586
4518
4587
4519
4588
4520
4589
4521
4590
4522
4591
4523
4592
4524
4593
4525
4594
4526
4595
4527
4596
4528
4597
4529
4598
4530
4599
4531
4600
4532
4601
4533
4602
4534
4603
4535
4604
4536
4605
4537
4606
4538
4607
4539
4608
4540
4609
4541
4610
4542
4611
4543
4612
4544
4613
4545
4614
4546
4615
4547
4616
4548
4617
4549
4618
4550
4619
4551
4620
4552
4621
4553
4622
4554
4623
4555
4624
4556
4625
4557
4626
4558
4627
4559
4628
4560
4629
4561
4630
4562
4631
4563
4632
4564
4633
4565
4634
4566
4635
4567
4636
4568
4637
4569
4638
4639
4571
4640
4572
4641
4573
4642
4574
4643
4575
4644
4576
4645
4577
4646
4578
4647
4579
4648
4580
4649
4581
4650
4582
4651
4583
4652
4584
4653
4585
4654
4586
4655
4587
4656
4588
4657
4589
4658
4590
4659
4591
4660
4592
4661
4593
4662
4594
4663
4595
4664
4596
4665
4597
4666
4598
4667
4599
4668
4600
4669
4601
4670
4602
4671
4603
4672
4604
4673
4605
4674
4606
4675
4607
4676
4608
4677
4609
4678
4610
4679
4611
4680
4612
4681
4613
4682
4614
4683
4615
4684
4616
4685
4617
4686
4618
4687
4619
4688
4620
4689
4621
4690
4622
4691
4623
4692
4624
4693
4625
4694
4626
4695
4627
4696
4628
4697
4629
4698
4630
4699
4631
4700
4632
4701
4633
4702
4634
4703
4635
4704
4636
4705
4637
4706
4638
4707
4639
4708
4709
4641
4710
4642
4711
4643
4712
4644
4713
4645
4714
4646
4715
4647
4716
4648
4717
4649
4718
4650
4719
4651
4720
4652
4721
4653
4722
4654
4723
4655
4724
4656
4725
4657
4726
4658
4727
4659
4728
4660
4729
4661
4730
4662
4731
4663
4732
4664
4733
4665
4734
4666
4735
4667
4736
4668
4737
4669
4738
4670
4739
4671
4740
4672
4741
4673
4742
4674
4743
4675
4744
4676
4745
4677
4746
4678
4747
4679
4748
4680
4749
4681
4750
4682
4751
4683
4752
4684
4753
4685
4754
4686
4755
4687
4756
4688
4757
4689
4758
4690
4759
4691
4760
4692
4761
4693
4762
4694
4763
4695
4764
4696
4765
4697
4766
4698
4767
4699
4768
4700
4769
4701
4770
4702
4771
4703
4772
4704
4773
4705
4774
4706
4775
4707
4776
4708
4777
4709
4778
4779
4711
4780
4712
4781
4713
4782
4714
4783
4715
4784
4716
4785
4717
4786
4718
4787
4719
4788
4720
4789
4721
4790
4722
4791
4723
4792
4724
4793
4725
4794
4726
4795
4727
4796
4728
4797
4729
4798
4730
4799
4731
4800
4732
4801
4733
4802
4734
4803
4735
4804
4736
4805
4737
4806
4738
4807
4739
4808
4740
4809
4741
4810
4742
4811
4743
4812
4744
4813
4745
4814
4746
4815
4747
4816
4748
4817
4749
4818
4750
4819
4751
4820
4752
4821
4753
4822
4754
4823
4755
4824
4756
4825
4757
4826
4758
4827
4759
4828
4760
4829
4761
4830
4762
4831
4763
4832
4764
4833
4765
4834
4766
4835
4767
4836
4768
4837
4769
4838
4770
4839
4771
4840
4772
4841
4773
4842
4774
4843
4775
4844
4776
4845
4777
4846
4778
4847
4779
4848
4849
4781
4850
4782
4851
4783
4852
4784
4853
4785
4854
4786
4855
4787
4856
4788
4857
4789
4858
4790
4859
4791
4860
4792
4861
4793
4862
4794
4863
4795
4864
4796
4865
4797
4866
4798
4867
4799
4868
4800
4869
4801
4870
4802
4871
4803
4872
4804
4873
4805
4874
4806
4875
4807
4876
4808
4877
4809
4878
4810
4879
4811
4880
4812
4881
4813
4882
4814
4883
4815
4884
4816
4885
4817
4886
4818
4887
4819
4888
4820
4889
4821
4890
4822
4891
4823
4892
4824
4893
4825
4894
4826
4895
4827
4896
4828
4897
4829
4898
4830
4899
4831
4900
4832
4901
4833
4902
4834
4903
4835
4904
4836
4905
4837
4906
4838
4907
4839
4908
4840
4909
4841
4910
4842
4911
4843
4912
4844
4913
4845
4914
4846
4915
4847
4916
4848
4917
4849
4918
4919
4851
4920
4852
4921
4853
4922
4854
4923
4855
4924
4856
4925
4857
4926
4858
4927
4859
4928
4860
4929
4861
4930
4862
4931
4863
4932
4864
4933
4865
4934
4866
4935
4867
4936
4868
4937
4869
4938
4870
4939
4871
4940
4872
4941
4873
4942
4874
4943
4875
4944
4876
4945
4877
4946
4878
4947
4879
4948
4880
4949
4881
4950
4882
4951
4883
4952
4884
4953
4885
4954
4886
4955
4887
4956
4888
4957
4889
4958
4890
4959
4891
4960
4892
4961
4893
4962
4894
4963
4895
4964
4896
4965
4897
4966
4898
4967
4899
4968
4900
4969
4901
4970
4902
4971
4903
4972
4904
4973
4905
4974
4906
4975
4907
4976
4908
4977
4909
4978
4910
4979
4911
4980
4912
4981
4913
4982
4914
4983
4915
4984
4916
4985
4917
4986
4918
4987
4919
4988
4989
4921
4990
4922
4991
4923
4992
4924
4993
4925
4994
4926
4995
4927
4996
4928
4997
4929
4998
4930
4999
4931
5000
4932
5001
4933
5002
4934
5003
4935
5004
4936
5005
4937
5006
4938
5007
4939
5008
4940
5009
4941
5010
4942
5011
4943
5012
4944
5013
4945
5014
4946
5015
4947
5016
4948
5017
4949
5018
4950
5019
4951
5020
4952
5021
4953
5022
4954
5023
4955
5024
4956
5025
4957
5026
4958
5027
4959
5028
4960
5029
4961
5030
4962
5031
4963
5032
4964
5033
4965
5034
4966
5035
4967
5036
4968
5037
4969
5038
4970
5039
4971
5040
4972
5041
4973
5042
4974
5043
4975
5044
4976
5045
4977
5046
4978
5047
4979
5048
4980
5049
4981
5050
4982
5051
4983
5052
4984
5053
4985
5054
4986
5055
4987
5056
4988
5057
4989
5058
5059
4991
5060
4992
5061
4993
5062
4994
5063
4995
5064
4996
5065
4997
5066
4998
5067
4999
5068
5000
5069
5001
5070
5002
5071
5003
5072
5004
5073
5005
5074
5006
5075
5007
5076
5008
5077
5009
5078
5010
5079
5011
5080
5012
5081
5013
5082
5014
5083
5015
5084
5016
5085
5017
5086
5018
5087
5019
5088
5020
5089
5021
5090
5022
5091
5023
5092
5024
5093
5025
5094
5026
5095
5027
5096
5028
5097
5029
5098
5030
5099
5031
5100
5032
5101
5033
5102
5034
5103
5035
5104
5036
5105
5037
5106
5038
5107
5039
5108
5040
5109
5041
5110
5042
5111
5043
5112
5044
5113
5045
5114
5046
5115
5047
5116
5048
5117
5049
5118
5050
5119
5051
5120
5052
5121
5053
5122
5054
5123
5055
5124
5056
5125
5057
5126
5058
5127
5059
5128
5129
5061
5130
5062
5131
5063
5132
5064
5133
5065
5134
5066
5135
5067
5136
5068
5137
5069
5138
5070
5139
5071
5140
5072
5141
5073
5142
5074
5143
5075
5144
5076
5145
5077
5146
5078
5147
5079
5148
5080
5149
5081
5150
5082
5151
5083
5152
5084
5153
5085
5154
5086
5155
5087
5156
5088
5157
5089
5158
5090
5159
5091
5160
5092
5161
5093
5162
5094
5163
5095
5164
5096
5165
5097
5166
5098
5167
5099
5168
5100
5169
5101
5170
5102
5171
5103
5172
5104
5173
5105
5174
5106
5175
5107
5176
5108
5177
5109
5178
5110
5179
5111
5180
5112
5181
5113
5182
5114
5183
5115
5184
5116
5185
5117
5186
5118
5187
5119
5188
5120
5189
5121
5190
5122
5191
5123
5192
5124
5193
5125
5194
5126
5195
5127
5196
5128
5197
5129
5198
5199
5131
5200
5132
5201
5133
5202
5134
5203
5135
5204
5136
5205
5137
5206
5138
5207
5139
5208
5140
5209
5141
5210
5142
5211
5143
5212
5144
5213
5145
5214
5146
5215
5147
5216
5148
5217
5149
5218
5150
5219
5151
5220
5152
5221
5153
5222
5154
5223
5155
5224
5156
5225
5157
5226
5158
5227
5159
5228
5160
5229
5161
5230
5162
5231
5163
5232
5164
5233
5165
5234
5166
5235
5167
5236
5168
5237
5169
5238
5170
5239
5171
5240
5172
5241
5173
5242
5174
5243
5175
5244
5176
5245
5177
5246
5178
5247
5179
5248
5180
5249
5181
5250
5182
5251
5183
5252
5184
5253
5185
5254
5186
5255
5187
5256
5188
5257
5189
5258
5190
5259
5191
5260
5192
5261
5193
5262
5194
5263
5195
5264
5196
5265
5197
5266
5198
5267
5199
5268
5269
5201
5270
5202
5271
5203
5272
5204
5273
5205
5274
5206
5275
5207
5276
5208
5277
5209
5278
5210
5279
5211
5280
5212
5281
5213
5282
5214
5283
5215
5284
5216
5285
5217
5286
5218
5287
5219
5288
5220
5289
5221
5290
5222
5291
5223
5292
5224
5293
5225
5294
5226
5295
5227
5296
5228
5297
5229
5298
5230
5299
5231
5300
5232
5301
5233
5302
5234
5303
5235
5304
5236
5305
5237
5306
5238
5307
5239
5308
5240
5309
5241
5310
5242
5311
5243
5312
5244
5313
5245
5314
5246
5315
5247
5316
5248
5317
5249
5318
5250
5319
5251
5320
5252
5321
5253
5322
5254
5323
5255
5324
5256
5325
5257
5326
5258
5327
5259
5328
5260
5329
5261
5330
5262
5331
5263
5332
5264
5333
5265
5334
5266
5335
5267
5336
5268
5337
5269
5338
5339
5271
5340
5272
5341
5273
5342
5274
5343
5275
5344
5276
5345
5277
5346
5278
5347
5279
5348
5280
5349
5281
5350
5282
5351
5283
5352
5284
5353
5285
5354
5286
5355
5287
5356
5288
5357
5289
5358
5290
5359
5291
5360
5292
5361
5293
5362
5294
5363
5295
5364
5296
5365
5297
5366
5298
5367
5299
5368
5300
5369
5301
5370
5302
5371
5303
5372
5304
5373
5305
5374
5306
5375
5307
5376
5308
5377
5309
5378
5310
5379
5311
5380
5312
5381
5313
5382
5314
5383
5315
5384
5316
5385
5317
5386
5318
5387
5319
5388
5320
5389
5321
5390
5322
5391
5323
5392
5324
5393
5325
5394
5326
5395
5327
5396
5328
5397
5329
5398
5330
5399
5331
5400
5332
5401
5333
5402
5334
5403
5335
5404
5336
5405
5337
5406
5338
5407
5339
5408
5409
5341
5410
5342
5411
5343
5412
5344
5413
5345
5414
5346
5415
5347
5416
5348
5417
5349
5418
5350
5419
5351
5420
5352
5421
5353
5422
5354
5423
5355
5424
5356
5425
5357
5426
5358
5427
5359
5428
5360
5429
5361
5430
5362
5431
5363
5432
5364
5433
5365
5434
5366
5435
5367
5436
5368
5437
5369
5438
5370
5439
5371
5440
5372
5441
5373
5442
5374
5443
5375
5444
5376
5445
5377
5446
5378
5447
5379
5448
5380
5449
5381
5450
5382
5451
5383
5452
5384
5453
5385
5454
5386
5455
5387
5456
5388
5457
5389
5458
5390
5459
5391
5460
5392
5461
5393
5462
5394
5463
5395
5464
5396
5465
5397
5466
5398
5467
5399
5468
5400
5469
5401
5470
5402
5471
5403
5472
5404
5473
5405
5474
5406
5475
5407
5476
5408
5477
5409
5478
5479
5411
5480
5412
5481
5413
5482
5414
5483
5415
5484
5416
5485
5417
5486
5418
5487
5419
5488
5420
5489
5421
5490
5422
5491
5423
5492
5424
5493
5425
5494
5426
5495
5427
5496
5428
5497
5429
5498
5430
5499
5431
5500
5432
5501
5433
5502
5434
5503
5435
5504
5436
5505
5437
5506
5438
5507
5439
5508
5440
5509
5441
5510
5442
5511
5443
5512
5444
5513
5445
5514
5446
5515
5447
5516
5448
5517
5449
5518
5450
5519
5451
5520
5452
5521
5453
5522
5454
5523
5455
5524
5456
5525
5457
5526
5458
5527
5459
5528
5460
5529
5461
5530
5462
5531
5463
5532
5464
5533
5465
5534
5466
5535
5467
5536
5468
5537
5469
5538
5470
5539
5471
5540
5472
5541
5473
5542
5474
5543
5475
5544
5476
5545
5477
5546
5478
5547
5479
5548
5549
5481
5550
5482
5551
5483
5552
5484
5553
5485
5554
5486
5555
5487
5556
5488
5557
5489
5558
5490
5559
5491
5560
5492
5561
5493
5562
5494
5563
5495
5564
5496
5565
5497
5566
5498
5567
5499
5568
5500
5569
5501
5570
5502
5571
5503
5572
5504
5573
5505
5574
5506
5575
5507
5576
5508
5577
5509
5578
5510
5579
5511
5580
5512
5581
5513
5582
5514
5583
5515
5584
5516
5585
5517
5586
5518
5587
5519
5588
5520
5589
5521
5590
5522
5591
5523
5592
5524
5593
5525
5594
5526
5595
5527
5596
5528
5597
5529
5598
5530
5599
5531
5600
5532
5601
5533
5602
5534
5603
5535
5604
5536
5605
5537
5606
5538
5607
5539
5608
5540
5609
5541
5610
5542
5611
5543
5612
5544
5613
5545
5614
5546
5615
5547
5616
5548
5617
5549
5618
5619
5551
5620
5552
5621
5553
5622
5554
5623
5555
5624
5556
5625
5557
5626
5558
5627
5559
5628
5560
5629
5561
5630
5562
5631
5563
5632
5564
5633
5565
5634
5566
5635
5567
5636
5568
5637
5569
5638
5570
5639
5571
5640
5572
5641
5573
5642
5574
5643
5575
5644
5576
5645
5577
5646
5578
5647
5579
5648
5580
5649
5581
5650
5582
5651
5583
5652
5584
5653
5585
5654
5586
5655
5587
5656
5588
5657
5589
5658
5590
5659
5591
5660
5592
5661
5593
5662
5594
5663
5595
5664
5596
5665
5597
5666
5598
5667
5599
5668
5600
5669
5601
5670
5602
5671
5603
5672
5604
5673
5605
5674
5606
5675
5607
5676
5608
5677
5609
5678
5610
5679
5611
5680
5612
5681
5613
5682
5614
5683
5615
5684
5616
5685
5617
5686
5618
5687
5619
5688
5689
5621
5690
5622
5691
5623
5692
5624
5693
5625
5694
5626
5695
5627
5696
5628
5697
5629
5698
5630
5699
5631
5700
5632
5701
5633
5702
5634
5703
5635
5704
5636
5705
5637
5706
5638
5707
5639
5708
5640
5709
5641
5710
5642
5711
5643
5712
5644
5713
5645
5714
5646
5715
5647
5716
5648
5717
5649
5718
5650
5719
5651
5720
5652
5721
5653
5722
5654
5723
5655
5724
5656
5725
5657
5726
5658
5727
5659
5728
5660
5729
5661
5730
5662
5731
5663
5732
5664
5733
5665
5734
5666
5735
5667
5736
5668
5737
5669
5738
5670
5739
5671
5740
5672
5741
5673
5742
5674
5743
5675
5744
5676
5745
5677
5746
5678
5747
5679
5748
5680
5749
5681
5750
5682
5751
5683
5752
5684
5753
5685
5754
5686
5755
5687
5756
5688
5757
5689
5758
5759
5691
5760
5692
5761
5693
5762
5694
5763
5695
5764
5696
5765
5697
5766
5698
5767
5699
5768
5700
5769
5701
5770
5702
5771
5703
5772
5704
5773
5705
5774
5706
5775
5707
5776
5708
5777
5709
5778
5710
5779
5711
5780
5712
5781
5713
5782
5714
5783
5715
5784
5716
5785
5717
5786
5718
5787
5719
5788
5720
5789
5721
5790
5722
5791
5723
5792
5724
5793
5725
5794
5726
5795
5727
5796
5728
5797
5729
5798
5730
5799
5731
5800
5732
5801
5733
5802
5734
5803
5735
5804
5736
5805
5737
5806
5738
5807
5739
5808
5740
5809
5741
5810
5742
5811
5743
5812
5744
5813
5745
5814
5746
5815
5747
5816
5748
5817
5749
5818
5750
5819
5751
5820
5752
5821
5753
5822
5754
5823
5755
5824
5756
5825
5757
5826
5758
5827
5759
5828
5829
5761
5830
5762
5831
5763
5832
5764
5833
5765
5834
5766
5835
5767
5836
5768
5837
5769
5838
5770
5839
5771
5840
5772
5841
5773
5842
5774
5843
5775
5844
5776
5845
5777
5846
5778
5847
5779
5848
5780
5849
5781
5850
5782
5851
5783
5852
5784
5853
5785
5854
5786
5855
5787
5856
5788
5857
5789
5858
5790
5859
5791
5860
5792
5861
5793
5862
5794
5863
5795
5864
5796
5865
5797
5866
5798
5867
5799
5868
5800
5869
5801
5870
5802
5871
5803
5872
5804
5873
5805
5874
5806
5875
5807
5876
5808
5877
5809
5878
5810
5879
5811
5880
5812
5881
5813
5882
5814
5883
5815
5884
5816
5885
5817
5886
5818
5887
5819
5888
5820
5889
5821
5890
5822
5891
5823
5892
5824
5893
5825
5894
5826
5895
5827
5896
5828
5897
5829
5898
5899
5831
5900
5832
5901
5833
5902
5834
5903
5835
5904
5836
5905
5837
5906
5838
5907
5839
5908
5840
5909
5841
5910
5842
5911
5843
5912
5844
5913
5845
5914
5846
5915
5847
5916
5848
5917
5849
5918
5850
5919
5851
5920
5852
5921
5853
5922
5854
5923
5855
5924
5856
5925
5857
5926
5858
5927
5859
5928
5860
5929
5861
5930
5862
5931
5863
5932
5864
5933
5865
5934
5866
5935
5867
5936
5868
5937
5869
5938
5870
5939
5871
5940
5872
5941
5873
5942
5874
5943
5875
5944
5876
5945
5877
5946
5878
5947
5879
5948
5880
5949
5881
5950
5882
5951
5883
5952
5884
5953
5885
5954
5886
5955
5887
5956
5888
5957
5889
5958
5890
5959
5891
5960
5892
5961
5893
5962
5894
5963
5895
5964
5896
5965
5897
5966
5898
5967
5899
5968
5969
5901
5970
5902
5971
5903
5972
5904
5973
5905
5974
5906
5975
5907
5976
5908
5977
5909
5978
5910
5979
5911
5980
5912
5981
5913
5982
5914
5983
5915
5984
5916
5985
5917
5986
5918
5987
5919
5988
5920
5989
5921
5990
5922
5991
5923
5992
5924
5993
5925
5994
5926
5995
5927
5996
5928
5997
5929
5998
5930
5999
5931
6000
5932
6001
5933
6002
5934
6003
5935
6004
5936
6005
5937
6006
5938
6007
5939
6008
5940
6009
5941
6010
5942
6011
5943
6012
5944
6013
5945
6014
5946
6015
5947
6016
5948
6017
5949
6018
5950
6019
5951
6020
5952
6021
5953
6022
5954
6023
5955
6024
5956
6025
5957
6026
5958
6027
5959
6028
5960
6029
5961
6030
5962
6031
5963
6032
5964
6033
5965
6034
5966
6035
5967
6036
5968
6037
5969
6038
6039
5971
6040
5972
6041
5973
6042
5974
6043
5975
6044
5976
6045
5977
6046
5978
6047
5979
6048
5980
6049
5981
6050
5982
6051
5983
6052
5984
6053
5985
6054
5986
6055
5987
6056
5988
6057
5989
6058
5990
6059
5991
6060
5992
6061
5993
6062
5994
6063
5995
6064
5996
6065
5997
6066
5998
6067
5999
6068
6000
6069
6001
6070
6002
6071
6003
6072
6004
6073
6005
6074
6006
6075
6007
6076
6008
6077
6009
6078
6010
6079
6011
6080
6012
6081
6013
6082
6014
6083
6015
6084
6016
6085
6017
6086
6018
6087
6019
6088
6020
6089
6021
6090
6022
6091
6023
6092
6024
6093
6025
6094
6026
6095
6027
6096
6028
6097
6029
6098
6030
6099
6031
6100
6032
6101
6033
6102
6034
6103
6035
6104
6036
6105
6037
6106
6038
6107
6039
6108
6109
6041
6110
6042
6111
6043
6112
6044
6113
6045
6114
6046
6115
6047
6116
6048
6117
6049
6118
6050
6119
6051
6120
6052
6121
6053
6122
6054
6123
6055
6124
6056
6125
6057
6126
6058
6127
6059
6128
6060
6129
6061
6130
6062
6131
6063
6132
6064
6133
6065
6134
6066
6135
6067
6136
6068
6137
6069
6138
6070
6139
6071
6140
6072
6141
6073
6142
6074
6143
6075
6144
6076
6145
6077
6146
6078
6147
6079
6148
6080
6149
6081
6150
6082
6151
6083
6152
6084
6153
6085
6154
6086
6155
6087
6156
6088
6157
6089
6158
6090
6159
6091
6160
6092
6161
6093
6162
6094
6163
6095
6164
6096
6165
6097
6166
6098
6167
6099
6168
6100
6169
6101
6170
6102
6171
6103
6172
6104
6173
6105
6174
6106
6175
6107
6176
6108
6177
6109
6178
6179
6111
6180
6112
6181
6113
6182
6114
6183
6115
6184
6116
6185
6117
6186
6118
6187
6119
6188
6120
6189
6121
6190
6122
6191
6123
6192
6124
6193
6125
6194
6126
6195
6127
6196
6128
6197
6129
6198
6130
6199
6131
6200
6132
6201
6133
6202
6134
6203
6135
6204
6136
6205
6137
6206
6138
6207
6139
6208
6140
6209
6141
6210
6142
6211
6143
6212
6144
6213
6145
6214
6146
6215
6147
6216
6148
6217
6149
6218
6150
6219
6151
6220
6152
6221
6153
6222
6154
6223
6155
6224
6156
6225
6157
6226
6158
6227
6159
6228
6160
6229
6161
6230
6162
6231
6163
6232
6164
6233
6165
6234
6166
6235
6167
6236
6168
6237
6169
6238
6170
6239
6171
6240
6172
6241
6173
6242
6174
6243
6175
6244
6176
6245
6177
6246
6178
6247
6179
6248
6249
6181
6250
6182
6251
6183
6252
6184
6253
6185
6254
6186
6255
6187
6256
6188
6257
6189
6258
6190
6259
6191
6260
6192
6261
6193
6262
6194
6263
6195
6264
6196
6265
6197
6266
6198
6267
6199
6268
6200
6269
6201
6270
6202
6271
6203
6272
6204
6273
6205
6274
6206
6275
6207
6276
6208
6277
6209
6278
6210
6279
6211
6280
6212
6281
6213
6282
6214
6283
6215
6284
6216
6285
6217
6286
6218
6287
6219
6288
6220
6289
6221
6290
6222
6291
6223
6292
6224
6293
6225
6294
6226
6295
6227
6296
6228
6297
6229
6298
6230
6299
6231
6300
6232
6301
6233
6302
6234
6303
6235
6304
6236
6305
6237
6306
6238
6307
6239
6308
6240
6309
6241
6310
6242
6311
6243
6312
6244
6313
6245
6314
6246
6315
6247
6316
6248
6317
6249
6318
6319
6251
6320
6252
6321
6253
6322
6254
6323
6255
6324
6256
6325
6257
6326
6258
6327
6259
6328
6260
6329
6261
6330
6262
6331
6263
6332
6264
6333
6265
6334
6266
6335
6267
6336
6268
6337
6269
6338
6270
6339
6271
6340
6272
6341
6273
6342
6274
6343
6275
6344
6276
6345
6277
6346
6278
6347
6279
6348
6280
6349
6281
6350
6282
6351
6283
6352
6284
6353
6285
6354
6286
6355
6287
6356
6288
6357
6289
6358
6290
6359
6291
6360
6292
6361
6293
6362
6294
6363
6295
6364
6296
6365
6297
6366
6298
6367
6299
6368
6300
6369
6301
6370
6302
6371
6303
6372
6304
6373
6305
6374
6306
6375
6307
6376
6308
6377
6309
6378
6310
6379
6311
6380
6312
6381
6313
6382
6314
6383
6315
6384
6316
6385
6317
6386
6318
6387
6319
6388
6389
6321
6390
6322
6391
6323
6392
6324
6393
6325
6394
6326
6395
6327
6396
6328
6397
6329
6398
6330
6399
6331
6400
6332
6401
6333
6402
6334
6403
6335
6404
6336
6405
6337
6406
6338
6407
6339
6408
6340
6409
6341
6410
6342
6411
6343
6412
6344
6413
6345
6414
6346
6415
6347
6416
6348
6417
6349
6418
6350
6419
6351
6420
6352
6421
6353
6422
6354
6423
6355
6424
6356
6425
6357
6426
6358
6427
6359
6428
6360
6429
6361
6430
6362
6431
6363
6432
6364
6433
6365
6434
6366
6435
6367
6436
6368
6437
6369
6438
6370
6439
6371
6440
6372
6441
6373
6442
6374
6443
6375
6444
6376
6445
6377
6446
6378
6447
6379
6448
6380
6449
6381
6450
6382
6451
6383
6452
6384
6453
6385
6454
6386
6455
6387
6456
6388
6457
6389
6458
6459
6391
6460
6392
6461
6393
6462
6394
6463
6395
6464
6396
6465
6397
6466
6398
6467
6399
6468
6400
6469
6401
6470
6402
6471
6403
6472
6404
6473
6405
6474
6406
6475
6407
6476
6408
6477
6409
6478
6410
6479
6411
6480
6412
6481
6413
6482
6414
6483
6415
6484
6416
6485
6417
6486
6418
6487
6419
6488
6420
6489
6421
6490
6422
6491
6423
6492
6424
6493
6425
6494
6426
6495
6427
6496
6428
6497
6429
6498
6430
6499
6431
6500
6432
6501
6433
6502
6434
6503
6435
6504
6436
6505
6437
6506
6438
6507
6439
6508
6440
6509
6441
6510
6442
6511
6443
6512
6444
6513
6445
6514
6446
6515
6447
6516
6448
6517
6449
6518
6450
6519
6451
6520
6452
6521
6453
6522
6454
6523
6455
6524
6456
6525
6457
6526
6458
6527
6459
6528
6529
6461
6530
6462
6531
6463
6532
6464
6533
6465
6534
6466
6535
6467
6536
6468
6537
6469
6538
6470
6539
6471
6540
6472
6541
6473
6542
6474
6543
6475
6544
6476
6545
6477
6546
6478
6547
6479
6548
6480
6549
6481
6550
6482
6551
6483
6552
6484
6553
6485
6554
6486
6555
6487
6556
6488
6557
6489
6558
6490
6559
6491
6560
6492
6561
6493
6562
6494
6563
6495
6564
6496
6565
6497
6566
6498
6567
6499
6568
6500
6569
6501
6570
6502
6571
6503
6572
6504
6573
6505
6574
6506
6575
6507
6576
6508
6577
6509
6578
6510
6579
6511
6580
6512
6581
6513
6582
6514
6583
6515
6584
6516
6585
6517
6586
6518
6587
6519
6588
6520
6589
6521
6590
6522
6591
6523
6592
6524
6593
6525
6594
6526
6595
6527
6596
6528
6597
6529
6598
6599
6531
6532
6533
6534
6535
6536
6537
6538
6539
6540
6541
6542
6543
6544
6545
6546
6547
6548
6549
6550
6551
6552
6553
6554
6555
6556
6557
6558
6559
6560
6561
6562
6563
6564
6565
6566
6567
6568
6569
6570
6571
6572
6573
6574
6575
6576
6577
6578
6579
6580
6581
6582
6583
6584
6585
6586
6587
6588
6589
6590
6591
6592
6593
6594
6595
6596
6597
6598
6599
)


// ************************************************************************* //
