/*--------------------------------*- C++ -*----------------------------------*\
| =========                 |                                                 |
| \\      /  F ield         | OpenFOAM: The Open Source CFD Toolbox           |
|  \\    /   O peration     | Version:  5.x                                   |
|   \\  /    A nd           | Web:      www.OpenFOAM.org                      |
|    \\/     M anipulation  |                                                 |
\*---------------------------------------------------------------------------*/
FoamFile
{
    version     2.0;
    format      ascii;
    class       volScalarField;
    location    "213";
    object      nut;
}
// * * * * * * * * * * * * * * * * * * * * * * * * * * * * * * * * * * * * * //

dimensions      [0 2 -1 0 0 0 0];

internalField   nonuniform List<scalar> 
5760
(
7.89901e-05
7.63616e-05
7.40076e-05
7.15838e-05
6.92722e-05
6.71023e-05
6.51653e-05
6.35703e-05
6.21502e-05
6.10455e-05
6.01349e-05
5.94578e-05
5.89548e-05
5.86157e-05
5.83986e-05
5.8358e-05
5.83656e-05
5.9971e-05
0.000513289
0.000359956
0.000303072
0.000268961
0.000245857
0.000229539
0.000219446
0.000212027
0.000205076
0.000202069
0.000197855
0.000196577
0.000193543
0.000193049
0.000190847
0.000189706
0.000186551
0.000188728
0.000806198
0.000669362
0.000573854
0.000515151
0.000471011
0.000437402
0.000410068
0.000389537
0.000370724
0.000356685
0.000342906
0.000332778
0.000322597
0.000314059
0.000306476
0.000299402
0.000293917
0.000284839
0.000853044
0.000816719
0.000770372
0.000720605
0.00067899
0.000643785
0.000612654
0.000586613
0.000563628
0.000543683
0.000526185
0.000510054
0.000496579
0.000482866
0.000472341
0.000460155
0.000452426
0.000439712
0.00085442
0.000846145
0.000837601
0.000820626
0.000799881
0.00077844
0.000757465
0.000737312
0.000718894
0.000701187
0.000685711
0.000670272
0.000657438
0.000643831
0.000633248
0.000620931
0.000612667
0.000599642
0.000852296
0.000851372
0.000849602
0.000846704
0.000840567
0.000833414
0.000825238
0.00081561
0.000806033
0.000795793
0.000786294
0.000776259
0.000767385
0.000757896
0.000749866
0.000740952
0.000734098
0.000724405
0.000851819
0.000851464
0.000850946
0.000850378
0.0008493
0.00084752
0.000845366
0.0008424
0.000839164
0.000835239
0.000831307
0.00082682
0.000822555
0.000817824
0.000813493
0.000808724
0.000804552
0.000799132
0.000851782
0.000851373
0.000850993
0.000850598
0.000850242
0.00084972
0.00084918
0.000848383
0.000847538
0.00084638
0.000845216
0.000843704
0.000842294
0.000840468
0.000838938
0.000836811
0.000835351
0.000832837
0.000851783
0.000851359
0.000850979
0.00085059
0.000850256
0.000849892
0.000849575
0.000849196
0.000848855
0.000848413
0.000848017
0.000847478
0.000847016
0.000846362
0.000845846
0.00084507
0.000844528
0.000843631
0.000851782
0.000851361
0.000850971
0.000850589
0.000850239
0.000849891
0.000849576
0.000849257
0.000848969
0.00084867
0.000848401
0.00084811
0.000847852
0.000847562
0.000847308
0.000847012
0.000846756
0.000846453
0.00085178
0.000851362
0.000850967
0.000850588
0.00085023
0.000849887
0.000849562
0.00084925
0.000848956
0.000848671
0.000848403
0.000848143
0.000847898
0.000847659
0.000847434
0.000847215
0.000847006
0.000846804
0.000851779
0.000851362
0.000850965
0.000850586
0.000850226
0.000849882
0.000849555
0.000849243
0.000848946
0.000848662
0.000848391
0.000848132
0.000847884
0.000847648
0.000847422
0.000847206
0.000846999
0.000846802
0.000851779
0.000851361
0.000850963
0.000850585
0.000850224
0.00084988
0.000849552
0.000849239
0.000848941
0.000848656
0.000848384
0.000848125
0.000847876
0.000847639
0.000847411
0.000847194
0.000846986
0.000846787
0.000851779
0.000851362
0.000850963
0.000850585
0.000850224
0.00084988
0.000849552
0.00084924
0.000848941
0.000848657
0.000848384
0.000848125
0.000847873
0.000847635
0.000847403
0.000847183
0.000846967
0.000846765
0.000851777
0.000851363
0.000850963
0.000850589
0.000850225
0.00084988
0.000849536
0.000849207
0.000848868
0.000848541
0.000848197
0.000847868
0.000847513
0.000847181
0.000846811
0.000846478
0.000846091
0.000845767
0.000851757
0.000851367
0.000850944
0.00085049
0.000849926
0.000849267
0.000848432
0.000847479
0.000846345
0.000845124
0.000843737
0.000842327
0.000840755
0.000839237
0.000837536
0.000835996
0.000834192
0.000832714
0.000851414
0.000850882
0.000848861
0.00084547
0.000840834
0.000835294
0.000828926
0.00082225
0.00081521
0.000808216
0.000801246
0.00079449
0.000787786
0.000781452
0.000775218
0.000769368
0.000763616
0.000758602
0.000843186
0.000832501
0.000805736
0.000779183
0.000754081
0.000729712
0.000707454
0.000687767
0.000669926
0.000654282
0.000639923
0.000627415
0.000615663
0.000605577
0.000595751
0.000587585
0.000579162
0.000572561
0.000741328
0.00062366
0.000554562
0.000509316
0.000474226
0.000447924
0.000427576
0.000411819
0.000399063
0.000388903
0.000380284
0.000373314
0.000367125
0.000362105
0.000357434
0.000353837
0.000349892
0.000347276
0.000177914
0.000174197
0.000170928
0.000167935
0.000165046
0.000162281
0.000159662
0.000157211
0.000154933
0.000152834
0.000150903
0.00014914
0.000147525
0.000146059
0.000144716
0.000143503
0.000142389
0.000141384
2.17294e-06
9.59946e-06
1.67519e-05
2.48823e-05
3.5476e-05
4.92631e-05
6.56539e-05
8.36165e-05
0.000102299
0.000121134
0.000139553
0.000156799
0.000171575
0.000183629
0.000189118
0.000184839
0.000168782
3.24351e-05
3.71942e-05
4.31201e-05
0.000262906
0.000257465
4.66955e-05
5.20874e-05
5.37865e-05
5.61288e-05
5.83097e-05
6.05165e-05
6.2681e-05
6.48376e-05
6.69704e-05
6.90889e-05
7.11895e-05
7.32741e-05
7.53414e-05
7.73906e-05
7.94202e-05
8.14283e-05
8.34127e-05
8.5371e-05
8.73003e-05
8.91977e-05
9.10602e-05
9.28842e-05
9.46666e-05
9.64037e-05
9.8092e-05
9.97274e-05
0.000101306
0.000102823
0.000104273
0.000105651
0.000106949
0.000108165
0.000109309
0.000110382
0.000111379
0.0001123
0.000113141
0.000113902
0.000114581
0.000115176
0.000115686
0.000116109
0.000116445
0.000116693
0.000116853
0.000116925
0.000116909
0.000116808
0.000116621
0.000116348
0.000115963
0.00011551
0.000115006
0.000114407
0.000113726
0.000112972
0.000112147
0.000111255
0.000110299
0.000109285
0.000108216
0.000107097
0.000105932
0.000104727
0.000103486
0.000102213
0.000100915
9.95957e-05
9.82651e-05
9.70215e-05
9.6215e-05
9.54624e-05
9.47155e-05
9.39585e-05
9.32256e-05
9.24085e-05
9.16862e-05
8.92935e-05
7.9662e-06
5.50024e-05
9.31917e-05
0.000111576
0.000125863
0.000142049
0.000160692
0.000180642
0.000200597
0.000219426
0.000235991
0.000248932
0.000256603
0.000256769
0.000245912
0.000222432
0.000189038
0.000150177
0.000187153
0.000227311
0.000300237
0.000283026
0.000251076
0.000272435
0.000286113
0.000301717
0.000317861
0.000334037
0.000350621
0.00036735
0.00038434
0.000401539
0.000418984
0.000436673
0.000454621
0.000472831
0.000491307
0.000510045
0.000529036
0.000548267
0.000567719
0.000587369
0.00060719
0.000627152
0.00064722
0.000667361
0.000687537
0.000707713
0.000727851
0.000747911
0.000767846
0.000787575
0.000806925
0.000825494
0.000842463
0.000858307
0.000873823
0.000888822
0.000903308
0.000917237
0.000930577
0.000943295
0.000955359
0.00096674
0.00097741
0.000987343
0.000996515
0.00100491
0.00101251
0.00101933
0.00102542
0.00103092
0.00103496
0.00103798
0.00104094
0.00104302
0.00104413
0.00104444
0.00104397
0.00104275
0.00104082
0.0010382
0.00103494
0.00103107
0.00102663
0.00102167
0.00101624
0.00101037
0.00100411
0.000997489
0.000990477
0.000982254
0.000969473
0.000955507
0.000941257
0.000926861
0.000912339
0.000897542
0.000882286
0.000849969
1.50481e-05
9.15492e-05
0.000152011
0.000187456
0.000210738
0.000230747
0.000250965
0.000271662
0.000291971
0.000310812
0.00032706
0.000339513
0.000346908
0.000348522
0.000345207
0.000339928
0.000337705
0.000348506
0.000400957
0.000445238
0.000482524
0.000494201
0.000510079
0.00054431
0.000574649
0.000606437
0.000638735
0.000671322
0.000704372
0.000737751
0.000771535
0.000805704
0.000840291
0.000875302
0.000910747
0.000946628
0.000982937
0.00101966
0.00105677
0.00109423
0.001132
0.00117003
0.00120827
0.00124665
0.00128511
0.00132358
0.00136198
0.00140024
0.00143826
0.00147595
0.0015132
0.00154982
0.00158557
0.00162008
0.00165299
0.0016848
0.00171577
0.00174571
0.00177458
0.00180231
0.00182882
0.00185405
0.00187794
0.00190044
0.00192148
0.00194102
0.00195901
0.00197542
0.00199022
0.00200343
0.00201509
0.00202574
0.00203356
0.00203905
0.00204451
0.00204805
0.00204978
0.00204987
0.0020484
0.00204543
0.002041
0.0020352
0.00202809
0.00201975
0.00201026
0.00199971
0.00198818
0.00197576
0.00196254
0.00194858
0.00193384
0.00191751
0.00189662
0.0018739
0.00185047
0.00182659
0.00180241
0.00177749
0.00175072
0.00169683
2.23592e-05
0.0001198
0.000197069
0.000242972
0.00027279
0.00029664
0.000319117
0.000341389
0.000363179
0.000383862
0.000402852
0.000419694
0.00043415
0.000446579
0.000458537
0.000473225
0.000495439
0.000530434
0.000580177
0.000624401
0.000663526
0.000697116
0.00073457
0.000778745
0.000821978
0.000866216
0.000911155
0.000956555
0.00100248
0.00104888
0.00109581
0.00114327
0.00119127
0.00123982
0.00128894
0.0013386
0.00138878
0.00143946
0.0014906
0.00154214
0.00159402
0.00164617
0.00169851
0.00175095
0.0018034
0.00185576
0.00190792
0.00195978
0.00201122
0.00206209
0.00211224
0.00216148
0.00220958
0.00225627
0.00230144
0.00234535
0.00238802
0.00242931
0.00246912
0.00250736
0.00254394
0.00257878
0.00261179
0.0026429
0.00267204
0.00269913
0.00272411
0.00274693
0.00276756
0.00278601
0.00280245
0.00281754
0.00282848
0.00283673
0.00284471
0.00284997
0.00285284
0.00285348
0.00285197
0.00284839
0.00284282
0.00283535
0.00282607
0.00281507
0.00280248
0.00278839
0.00277294
0.00275622
0.00273835
0.00271942
0.00269943
0.00267779
0.00265252
0.00262522
0.0025969
0.00256789
0.00253845
0.00250812
0.00247515
0.00241424
2.93619e-05
0.000144204
0.000235276
0.000290241
0.000325713
0.000353038
0.000377843
0.000402161
0.000426372
0.000450384
0.000474122
0.000497623
0.000521052
0.000544857
0.000570159
0.000599201
0.000635202
0.000679695
0.000730268
0.000779324
0.000826828
0.000874374
0.000924407
0.00097773
0.00103097
0.00108496
0.00113946
0.00119453
0.00125021
0.00130647
0.00136334
0.00142083
0.00147892
0.00153764
0.00159695
0.00165685
0.00171729
0.00177823
0.00183961
0.00190137
0.00196342
0.00202567
0.00208804
0.00215041
0.00221268
0.00227473
0.00233644
0.00239768
0.00245832
0.00251821
0.00257718
0.00263509
0.00269176
0.00274709
0.00280098
0.00285346
0.00290445
0.00295381
0.00300146
0.00304728
0.00309116
0.00313302
0.00317276
0.0032103
0.00324553
0.0032784
0.00330882
0.00333672
0.00336206
0.00338481
0.00340547
0.00342432
0.00343816
0.00344958
0.00346012
0.00346755
0.00347221
0.00347425
0.00347375
0.0034708
0.00346549
0.00345791
0.00344816
0.00343635
0.00342261
0.00340706
0.00338983
0.00337105
0.00335085
0.00332932
0.00330652
0.00328209
0.00325485
0.00322563
0.0031952
0.00316391
0.0031321
0.00309941
0.00306379
0.00300367
3.59419e-05
0.000165383
0.000268146
0.000331434
0.000372286
0.000403075
0.00043037
0.000457015
0.000484007
0.000511702
0.00054036
0.000570268
0.000601711
0.000635015
0.000670764
0.00071013
0.000754824
0.000805125
0.000859196
0.000913963
0.00096906
0.00102539
0.00108362
0.00114354
0.00120402
0.00126517
0.00132692
0.00138928
0.00145225
0.00151584
0.00158003
0.00164484
0.00171025
0.00177626
0.00184285
0.00190999
0.00197763
0.00204573
0.00211422
0.00218303
0.00225208
0.00232127
0.0023905
0.00245967
0.00252867
0.00259737
0.00266566
0.00273339
0.00280044
0.00286665
0.0029319
0.00299602
0.00305888
0.00312037
0.00318041
0.00323893
0.00329583
0.003351
0.0034043
0.00345564
0.0035049
0.00355199
0.00359679
0.00363922
0.00367918
0.00371658
0.00375134
0.00378339
0.00381265
0.00383906
0.00386346
0.0038854
0.00390222
0.00391687
0.00392999
0.00393984
0.00394667
0.00395063
0.0039518
0.00395027
0.00394612
0.00393945
0.00393037
0.00391898
0.00390541
0.0038898
0.00387228
0.00385298
0.00383203
0.00380957
0.00378566
0.00376012
0.0037323
0.00370262
0.00367163
0.0036397
0.00360719
0.00357398
0.00353795
0.00348214
4.19423e-05
0.000183371
0.000296271
0.000367368
0.000413579
0.000448023
0.00047806
0.000507253
0.000537141
0.000568427
0.000601572
0.000636968
0.00067487
0.000715465
0.000758971
0.000805847
0.000856828
0.00091186
0.000969836
0.00102944
0.00109022
0.00115245
0.00121615
0.00128106
0.00134673
0.00141309
0.00148006
0.00154763
0.00161577
0.00168448
0.00175376
0.00182359
0.00189398
0.00196491
0.00203635
0.00210828
0.00218066
0.00225343
0.00232655
0.00239993
0.0024735
0.00254718
0.00262087
0.00269447
0.00276787
0.00284095
0.00291359
0.00298567
0.00305706
0.00312762
0.00319721
0.00326571
0.00333297
0.00339889
0.00346337
0.00352629
0.00358756
0.00364704
0.00370462
0.00376017
0.00381359
0.00386477
0.00391359
0.00395995
0.00400377
0.00404494
0.00408337
0.00411898
0.00415167
0.00418138
0.00420911
0.00423368
0.00425363
0.00427146
0.00428724
0.00429965
0.00430888
0.00431509
0.00431835
0.00431873
0.00431633
0.00431122
0.00430352
0.00429334
0.00428081
0.00426605
0.0042492
0.0042304
0.00420978
0.00418748
0.00416358
0.00413805
0.00411053
0.00408126
0.00405064
0.00401903
0.00398684
0.00395417
0.00391902
0.00386885
4.72209e-05
0.000198207
0.000319892
0.000398347
0.00044995
0.000488281
0.000521318
0.000553224
0.000585998
0.000620599
0.000657568
0.00069755
0.000740536
0.000786584
0.0008357
0.000887944
0.000943495
0.00100216
0.00106344
0.00112662
0.0011913
0.00125732
0.00132456
0.00139281
0.00146189
0.00153171
0.0016021
0.00167301
0.00174441
0.00181629
0.00188866
0.0019615
0.00203482
0.0021086
0.00218282
0.00225748
0.00233254
0.00240796
0.00248369
0.00255969
0.00263588
0.00271219
0.00278854
0.00286482
0.00294095
0.00301682
0.0030923
0.00316728
0.00324164
0.00331524
0.00338795
0.00345963
0.00353016
0.00359941
0.00366727
0.0037336
0.0037983
0.00386122
0.00392224
0.00398124
0.0040381
0.0040927
0.00414493
0.00419468
0.00424185
0.00428635
0.00432806
0.00436689
0.00440275
0.00443557
0.00446628
0.00449339
0.00451651
0.00453746
0.00455601
0.00457107
0.00458287
0.00459154
0.00459715
0.00459979
0.0045995
0.00459639
0.00459056
0.00458211
0.00457116
0.00455785
0.00454232
0.00452469
0.0045051
0.00448369
0.00446057
0.00443576
0.00440912
0.0043808
0.00435112
0.00432042
0.00428916
0.00425764
0.00422405
0.00417967
5.16884e-05
0.000209987
0.000339176
0.000424503
0.000481473
0.000523867
0.000560099
0.000594811
0.00063041
0.000668078
0.000708256
0.000751186
0.000797365
0.000846801
0.00089938
0.000954983
0.00101355
0.00107486
0.0011386
0.00120422
0.00127134
0.00133981
0.00140943
0.00147995
0.00155102
0.00162268
0.00169479
0.00176729
0.00184015
0.00191338
0.00198698
0.00206097
0.00213535
0.00221014
0.00228534
0.00236094
0.00243696
0.00251335
0.00259011
0.0026672
0.00274455
0.00282212
0.00289983
0.0029776
0.00305533
0.00313293
0.00321027
0.00328725
0.00336373
0.00343958
0.00351467
0.00358886
0.003662
0.00373397
0.00380461
0.00387381
0.00394141
0.0040073
0.00407132
0.00413336
0.00419327
0.00425095
0.00430627
0.00435912
0.00440939
0.00445697
0.00450177
0.00454368
0.00458257
0.00461848
0.00465187
0.0046816
0.00470791
0.00473192
0.00475341
0.00477121
0.0047857
0.004797
0.00480519
0.00481031
0.00481242
0.00481161
0.00480798
0.00480162
0.00479266
0.00478123
0.00476745
0.00475146
0.00473339
0.00471338
0.00469155
0.00466798
0.00464263
0.00461563
0.00458725
0.00455783
0.00452789
0.00449785
0.00446614
0.0044272
5.52978e-05
0.000218856
0.000354307
0.000445946
0.000508149
0.000554667
0.000594201
0.000631628
0.000669148
0.000708462
0.000750601
0.000796213
0.000845116
0.0008972
0.000952303
0.00101022
0.00107077
0.0011337
0.00119866
0.00126527
0.00133319
0.00140223
0.00147219
0.00154286
0.00161422
0.00168625
0.00175844
0.00183079
0.00190332
0.0019761
0.00204916
0.00212253
0.00219626
0.00227038
0.00234495
0.00242
0.00249554
0.0025716
0.00264816
0.0027252
0.0028027
0.00288059
0.00295883
0.00303733
0.00311599
0.00319472
0.0032734
0.00335189
0.00343007
0.00350779
0.00358491
0.00366127
0.00373672
0.00381111
0.00388429
0.0039561
0.00402639
0.00409503
0.00416186
0.00422675
0.00428955
0.00435015
0.00440842
0.00446424
0.00451751
0.0045681
0.00461591
0.00466084
0.00470276
0.00474171
0.00477768
0.00481017
0.00483967
0.00486673
0.0048914
0.004912
0.0049293
0.00494341
0.00495434
0.00496216
0.0049669
0.00496865
0.00496748
0.00496351
0.00495685
0.00494761
0.00493593
0.00492194
0.00490577
0.00488756
0.00486742
0.00484545
0.00482171
0.00479632
0.00476953
0.00474166
0.00471327
0.00468492
0.0046552
0.00462119
5.80551e-05
0.000225019
0.00036552
0.000462823
0.000530004
0.000580518
0.000622557
0.000661547
0.000701139
0.000742955
0.000787508
0.000834918
0.000885316
0.000938651
0.000994742
0.00105336
0.00111425
0.00117715
0.00124175
0.00130775
0.00137487
0.00144285
0.00151153
0.00158066
0.0016505
0.00172096
0.00179156
0.00186196
0.00193235
0.00200289
0.00207366
0.00214476
0.00221626
0.00228828
0.0023609
0.00243418
0.0025082
0.00258297
0.00265851
0.00273483
0.00281189
0.00288964
0.00296801
0.00304693
0.00312627
0.00320594
0.00328579
0.00336568
0.00344546
0.00352498
0.00360406
0.00368254
0.00376025
0.00383702
0.00391268
0.00398705
0.00405999
0.00413133
0.00420092
0.00426861
0.00433427
0.00439776
0.00445894
0.00451771
0.00457394
0.00462753
0.00467835
0.00472632
0.0047713
0.00481324
0.00485199
0.00488725
0.0049199
0.00495017
0.00497817
0.00500166
0.00502193
0.00503899
0.00505287
0.00506358
0.00507118
0.00507572
0.00507728
0.00507596
0.00507187
0.00506512
0.00505585
0.00504417
0.00503022
0.00501413
0.00499601
0.00497599
0.00495415
0.00493063
0.00490566
0.00487957
0.00485293
0.00482639
0.0047987
0.00476909
5.99781e-05
0.000228716
0.000373079
0.000475328
0.00054667
0.000599795
0.000644445
0.000686321
0.00072811
0.000771303
0.000816801
0.000864884
0.000915616
0.000968903
0.00102455
0.00108232
0.00114195
0.00120314
0.00126563
0.00132921
0.00139363
0.00145854
0.00152404
0.00159039
0.0016572
0.0017238
0.00179038
0.0018569
0.00192331
0.0019899
0.00205682
0.00212422
0.00219224
0.00226107
0.00233082
0.00240162
0.00247354
0.00254661
0.00262087
0.0026963
0.00277285
0.00285046
0.00292904
0.00300848
0.00308865
0.00316942
0.00325062
0.00333208
0.00341363
0.0034951
0.00357628
0.003657
0.00373707
0.0038163
0.00389451
0.00397151
0.00404713
0.00412121
0.00419359
0.00426411
0.00433263
0.00439902
0.00446314
0.00452486
0.00458408
0.00464068
0.00469455
0.00474558
0.00479365
0.00483867
0.00488019
0.00491845
0.00495424
0.00498795
0.00501928
0.00504583
0.00506923
0.00508944
0.00510645
0.00512028
0.00513096
0.00513853
0.00514307
0.00514467
0.00514343
0.00513947
0.0051329
0.00512384
0.00511242
0.00509877
0.005083
0.00506524
0.00504559
0.00502419
0.00500129
0.00497719
0.00495248
0.00492787
0.00490222
0.00487658
6.11365e-05
0.00023014
0.000377112
0.000482527
0.000556928
0.000613836
0.000661578
0.000705501
0.000748826
0.000793022
0.000838922
0.000886844
0.000936821
0.000988711
0.00104227
0.0010973
0.00115351
0.00121053
0.0012681
0.00132634
0.00138538
0.00144585
0.00150666
0.00156721
0.00162763
0.00168786
0.00174818
0.00180878
0.0018696
0.00193092
0.00199294
0.00205579
0.00211972
0.00218495
0.00225166
0.00231997
0.00238995
0.00246162
0.00253497
0.00260995
0.00268648
0.00276446
0.00284375
0.00292422
0.00300569
0.00308799
0.00317093
0.00325432
0.00333796
0.00342164
0.00350516
0.00358831
0.0036709
0.00375271
0.00383356
0.00391327
0.00399163
0.00406849
0.00414368
0.00421705
0.00428845
0.00435774
0.00442479
0.00448948
0.0045517
0.00461134
0.00466827
0.00472241
0.00477362
0.00482172
0.00486599
0.00490769
0.00494652
0.00498394
0.00501854
0.00504834
0.00507505
0.00509861
0.00511897
0.00513615
0.00515015
0.00516102
0.00516881
0.00517362
0.00517552
0.00517464
0.00517108
0.00516496
0.0051564
0.00514552
0.00513242
0.00511724
0.00510009
0.00508111
0.00506054
0.00503865
0.00501609
0.00499353
0.00496996
0.00494797
6.15181e-05
0.000229725
0.000378004
0.000486824
0.000565468
0.000625455
0.000675288
0.000720263
0.000763505
0.000806642
0.000850606
0.00089576
0.000942124
0.000989467
0.00103739
0.00108604
0.00113547
0.00118613
0.00123818
0.00129064
0.00134333
0.0013958
0.00144781
0.00149933
0.00155071
0.00160235
0.00165465
0.00170814
0.00176275
0.00181861
0.00187585
0.00193447
0.00199482
0.00205719
0.00212175
0.00218857
0.00225768
0.00232902
0.00240251
0.00247806
0.00255552
0.00263474
0.00271553
0.00279771
0.00288109
0.00296544
0.00305056
0.00313624
0.00322225
0.00330837
0.00339439
0.00348009
0.00356527
0.00364972
0.00373323
0.00381562
0.0038967
0.0039763
0.00405425
0.00413042
0.00420465
0.00427679
0.00434675
0.00441436
0.00447956
0.00454222
0.00460221
0.00465947
0.00471385
0.0047647
0.00481238
0.00485745
0.00489937
0.00494072
0.00497853
0.00501178
0.00504201
0.00506911
0.00509306
0.00511382
0.00513141
0.00514585
0.0051572
0.00516551
0.00517088
0.00517341
0.0051732
0.00517036
0.005165
0.00515723
0.00514717
0.00513491
0.00512059
0.00510434
0.00508639
0.005067
0.00504679
0.00502647
0.00500505
0.00498651
6.14235e-05
0.000228527
0.000377925
0.000489172
0.000569689
0.000630662
0.000680241
0.000723712
0.000764236
0.00080344
0.000841965
0.000880466
0.000919199
0.000958628
0.000999551
0.00104076
0.00108205
0.00112356
0.00116476
0.00120566
0.00124574
0.00128501
0.00132461
0.00136519
0.00140685
0.00145
0.00149503
0.00154217
0.00159185
0.00164418
0.00169887
0.0017553
0.00181416
0.00187579
0.00194028
0.00200758
0.00207763
0.00215028
0.00222538
0.00230276
0.00238223
0.00246359
0.00254661
0.0026311
0.00271683
0.00280357
0.00289112
0.00297923
0.00306769
0.00315627
0.00324477
0.00333296
0.00342065
0.00350762
0.00359368
0.00367865
0.00376234
0.00384457
0.00392518
0.00400406
0.00408104
0.00415597
0.00422879
0.00429929
0.00436748
0.00443318
0.00449626
0.00455671
0.00461403
0.00466801
0.0047196
0.00476784
0.00481323
0.00485867
0.00489971
0.00493673
0.00497077
0.00500174
0.00502959
0.00505429
0.00507582
0.00509421
0.00510949
0.00512172
0.00513096
0.00513732
0.00514087
0.00514174
0.00514
0.00513578
0.00512916
0.00512025
0.00510915
0.005096
0.00508102
0.00506443
0.00504688
0.005029
0.00500986
0.00499463
6.09992e-05
0.000225756
0.000374271
0.000485065
0.000564434
0.000622853
0.000667896
0.000705203
0.000738244
0.000769559
0.000800428
0.000830439
0.000859608
0.000888072
0.000915719
0.00094262
0.000968665
0.000992956
0.00101677
0.00104103
0.00106652
0.00109386
0.00112359
0.0011562
0.00119184
0.00123077
0.0012731
0.00131882
0.00136794
0.00142034
0.00147518
0.0015327
0.00159338
0.00165722
0.00172412
0.00179397
0.00186657
0.00194176
0.00201935
0.00209913
0.00218092
0.0022645
0.00234967
0.00243623
0.00252396
0.00261267
0.00270213
0.00279213
0.00288247
0.00297294
0.00306332
0.00315342
0.00324305
0.003332
0.00342008
0.00350714
0.00359296
0.00367739
0.00376025
0.00384149
0.0039209
0.00399832
0.00407376
0.00414691
0.00421792
0.00428651
0.00435256
0.00441557
0.00447554
0.00453331
0.00458799
0.00463914
0.00468857
0.00473759
0.00478192
0.00482291
0.00486098
0.00489607
0.00492813
0.00495711
0.00498299
0.00500577
0.00502546
0.00504209
0.00505573
0.00506645
0.00507434
0.00507946
0.00508192
0.00508181
0.00507921
0.00507419
0.00506684
0.00505724
0.00504567
0.00503229
0.00501775
0.00500264
0.00498602
0.00497415
6.03395e-05
0.000222346
0.000367631
0.000473521
0.000545926
0.000596185
0.000633463
0.000661965
0.000684932
0.000704042
0.000720148
0.000734359
0.000746632
0.000756726
0.000764426
0.000771863
0.00078017
0.000790519
0.000803446
0.000819739
0.000840003
0.000864668
0.000893891
0.000927582
0.000965404
0.00100748
0.00105342
0.00110295
0.00115569
0.00121055
0.00126769
0.00132815
0.00139165
0.00145802
0.00152711
0.00159878
0.00167288
0.00174925
0.00182775
0.00190821
0.00199049
0.00207442
0.00215982
0.00224654
0.00233439
0.0024232
0.00251278
0.00260292
0.00269345
0.00278417
0.00287488
0.00296538
0.00305554
0.00314514
0.00323393
0.00332187
0.00340867
0.00349419
0.00357826
0.00366061
0.00374105
0.0038196
0.00389641
0.00397095
0.00404366
0.00411402
0.0041817
0.00424721
0.00431052
0.0043712
0.0044288
0.00448276
0.00453613
0.00458832
0.00463591
0.00468061
0.00472249
0.00476147
0.00479751
0.00483055
0.00486056
0.00488751
0.00491142
0.00493229
0.00495019
0.00496515
0.00497727
0.0049866
0.00499322
0.00499722
0.00499865
0.0049976
0.00499417
0.00498844
0.00498057
0.00497067
0.00495937
0.00494719
0.00493317
0.00492459
5.95117e-05
0.000218006
0.000355653
0.000451207
0.000512094
0.000549064
0.00057023
0.000580565
0.000584439
0.000583796
0.000579039
0.000570905
0.000562517
0.000555659
0.000551747
0.000552054
0.000557529
0.000568864
0.00058603
0.000608769
0.000636501
0.00066916
0.000706526
0.000747845
0.000792186
0.000840271
0.000891066
0.000943409
0.000997193
0.00105334
0.00111218
0.00117356
0.00123732
0.00130338
0.00137165
0.00144206
0.00151454
0.00158901
0.00166539
0.00174358
0.00182349
0.001905
0.001988
0.00207232
0.00215786
0.00224447
0.00233197
0.00242013
0.00250886
0.00259796
0.0026872
0.00277639
0.00286548
0.00295418
0.00304223
0.0031292
0.00321512
0.00329994
0.0033836
0.00346646
0.00354758
0.00362702
0.00370507
0.0037808
0.00385516
0.00392647
0.00399641
0.00406391
0.00412917
0.004192
0.00425171
0.00430795
0.00436459
0.00441918
0.00446965
0.00451755
0.00456279
0.00460528
0.00464496
0.00468176
0.00471564
0.00474656
0.0047745
0.00479949
0.00482153
0.00484067
0.00485696
0.00487047
0.00488124
0.00488936
0.00489486
0.00489781
0.00489822
0.0048962
0.00489191
0.0048854
0.00487729
0.004868
0.00485671
0.0048511
5.86514e-05
0.000211269
0.000336038
0.000412585
0.000449471
0.000460596
0.000456628
0.000441743
0.000421242
0.000399229
0.000378429
0.000362647
0.000353721
0.000352735
0.000359796
0.00037429
0.000395003
0.000421755
0.000453902
0.000490074
0.000528744
0.000570288
0.000614783
0.000661072
0.000707933
0.000755095
0.000803781
0.000854443
0.000907098
0.00096152
0.00101777
0.00107587
0.00113584
0.00119769
0.00126143
0.00132706
0.00139458
0.00146397
0.0015352
0.00160825
0.00168306
0.00175955
0.00183765
0.00191721
0.00199817
0.00208041
0.00216375
0.00224795
0.00233298
0.00241865
0.00250468
0.00259068
0.00267664
0.00276237
0.00284816
0.00293352
0.00301813
0.00310197
0.00318486
0.003267
0.00334737
0.00342636
0.00350445
0.00357981
0.00365437
0.00372669
0.00379726
0.00386577
0.00393227
0.00399651
0.0040575
0.00411594
0.0041753
0.00423197
0.00428517
0.00433599
0.00438431
0.00443002
0.00447305
0.00451332
0.00455078
0.00458539
0.00461711
0.00464593
0.00467186
0.00469494
0.0047152
0.00473268
0.00474743
0.00475951
0.00476894
0.00477578
0.00478001
0.0047817
0.00478098
0.00477786
0.00477293
0.0047665
0.00475749
0.00475435
5.78074e-05
0.000200082
0.000298512
0.000338977
0.000337591
0.000316296
0.000286861
0.000253468
0.000228171
0.000213421
0.000209127
0.000215833
0.000231526
0.000255131
0.000285626
0.00032048
0.000356956
0.000396125
0.000437805
0.000480111
0.000521527
0.000562025
0.000602509
0.000643779
0.000686517
0.000730425
0.000775404
0.000821584
0.000869087
0.000917953
0.000968262
0.0010201
0.00107355
0.00112868
0.00118555
0.00124421
0.00130471
0.00136706
0.00143127
0.00149736
0.00156531
0.00163507
0.0017066
0.00177974
0.00185453
0.00193083
0.00200846
0.00208714
0.00216665
0.00224694
0.00232796
0.00240981
0.00249213
0.00257455
0.00265714
0.00273933
0.00282104
0.00290236
0.00298304
0.00306343
0.00314186
0.00321926
0.0032961
0.003371
0.00344499
0.00351752
0.00358847
0.00365765
0.00372507
0.00379036
0.00385215
0.00391203
0.00397239
0.00402987
0.00408465
0.00413727
0.00418762
0.00423559
0.00428109
0.00432406
0.00436441
0.0044021
0.00443707
0.00446929
0.00449874
0.00452544
0.0045494
0.00457064
0.00458918
0.00460507
0.00461831
0.00462892
0.00463685
0.00464213
0.00464484
0.00464492
0.00464293
0.00463903
0.00463231
0.00463125
5.68024e-05
0.000176304
0.000221842
0.000215584
0.000178626
0.000144971
0.000125485
0.000117436
0.000124046
0.000142147
0.000171128
0.000206657
0.000244653
0.000284643
0.000327072
0.000368664
0.000407074
0.000443613
0.000478758
0.000513804
0.000549564
0.000585506
0.000621807
0.000658484
0.000695838
0.000733985
0.000772994
0.000812964
0.000854007
0.000896218
0.000939697
0.000984543
0.00103085
0.00107872
0.00112823
0.00117946
0.00123246
0.00128727
0.00134394
0.00140253
0.00146303
0.00152542
0.00158968
0.00165564
0.00172323
0.00179238
0.00186297
0.00193522
0.00200884
0.0020836
0.00215931
0.00223583
0.00231313
0.00239077
0.00246901
0.0025469
0.00262467
0.00270251
0.00278003
0.00285764
0.00293426
0.00300998
0.00308509
0.00315894
0.00323121
0.00330209
0.00337159
0.00343962
0.00350622
0.0035708
0.00363179
0.00369263
0.00375357
0.00381158
0.0038676
0.00392166
0.00397368
0.00402354
0.00407115
0.00411644
0.00415932
0.00419973
0.0042376
0.00427288
0.00430552
0.00433552
0.00436287
0.00438757
0.00440963
0.00442908
0.00444587
0.00446003
0.00447145
0.00448013
0.00448609
0.00448924
0.00449006
0.00448858
0.00448402
0.00448444
5.56868e-05
0.000124035
0.000101973
7.98538e-05
6.35791e-05
6.6646e-05
8.35617e-05
0.000117323
0.000156113
0.000196961
0.000243119
0.000287137
0.000326766
0.000361588
0.000393935
0.000425297
0.000456846
0.000488079
0.000518701
0.000549221
0.00057976
0.00061006
0.00064114
0.000672562
0.000704519
0.000737145
0.000770533
0.000804771
0.000839949
0.000876165
0.000913516
0.000952098
0.000992006
0.00103334
0.00107618
0.00112062
0.00116672
0.0012145
0.00126403
0.00131533
0.00136844
0.00142337
0.00148012
0.00153898
0.00159969
0.00166209
0.00172612
0.00179169
0.00185871
0.00192704
0.00199654
0.0020671
0.00213873
0.00221123
0.00228453
0.00235813
0.00243187
0.00250586
0.00257932
0.00265257
0.00272529
0.00279736
0.00286892
0.00293963
0.00300948
0.00307833
0.00314606
0.00321263
0.00327811
0.00334146
0.00340165
0.00346255
0.00352324
0.0035813
0.00363782
0.00369266
0.00374569
0.00379682
0.00384594
0.00389297
0.00393784
0.00398046
0.00402075
0.00405863
0.00409402
0.00412692
0.00415728
0.00418508
0.00421032
0.004233
0.00425304
0.00427046
0.00428509
0.00429691
0.00430587
0.00431183
0.00431522
0.00431588
0.0043133
0.00431449
5.78841e-05
4.45702e-05
3.15635e-05
3.99268e-05
7.08634e-05
0.000112801
0.000154752
0.000209542
0.000252608
0.000289852
0.000321883
0.00035103
0.000380991
0.000407727
0.000434834
0.000461128
0.000487028
0.000512827
0.000538564
0.000564353
0.000590383
0.000616532
0.000643172
0.000670248
0.00069789
0.000726161
0.000755119
0.000784833
0.000815363
0.000846787
0.000879191
0.000912655
0.00094727
0.000983122
0.00102029
0.00105887
0.00109893
0.00114067
0.00118407
0.00122917
0.00127601
0.0013246
0.00137501
0.00142724
0.00148127
0.00153711
0.00159465
0.00165381
0.00171452
0.00177666
0.00184014
0.00190481
0.00197021
0.00203645
0.00210355
0.00217125
0.00223932
0.00230777
0.00237634
0.00244503
0.00251357
0.00258177
0.00264964
0.002717
0.00278374
0.00284981
0.00291499
0.00297937
0.00304296
0.00310401
0.00316333
0.00322309
0.00328284
0.00334039
0.00339672
0.00345166
0.00350507
0.00355682
0.00360683
0.00365501
0.00370129
0.00374559
0.00378779
0.00382779
0.00386547
0.00390084
0.00393377
0.00396428
0.0039923
0.00401785
0.00404079
0.00406114
0.00407864
0.00409331
0.00410495
0.00411346
0.00411913
0.00412161
0.00412087
0.00412197
7.9263e-05
2.54668e-05
6.13571e-05
9.86004e-05
0.000165346
0.000212387
0.00024676
0.000281374
0.000305061
0.000330041
0.00035434
0.000377048
0.000399579
0.000421346
0.000443299
0.000465066
0.000486663
0.000508459
0.000530528
0.000552875
0.000575591
0.00059863
0.000622197
0.000646211
0.000670834
0.000696026
0.000721818
0.000748263
0.000775408
0.000803332
0.000832115
0.000861824
0.000892547
0.000924362
0.000957348
0.000991586
0.00102714
0.00106407
0.00110247
0.00114239
0.00118388
0.00122699
0.00127168
0.0013179
0.00136572
0.00141516
0.00146618
0.00151873
0.00157275
0.00162816
0.0016849
0.00174289
0.00180202
0.00186215
0.00192322
0.00198508
0.00204754
0.00211053
0.00217388
0.00223751
0.00230126
0.00236495
0.00242853
0.00249188
0.00255484
0.00261745
0.00267939
0.00274091
0.0028018
0.00285993
0.00291788
0.00297547
0.00303364
0.00309007
0.00314555
0.00319993
0.00325304
0.00330477
0.00335504
0.00340377
0.00345089
0.00349632
0.00353991
0.00358153
0.00362103
0.00365839
0.00369345
0.00372622
0.00375661
0.00378465
0.0038101
0.00383301
0.00385301
0.00387019
0.00388417
0.00389492
0.00390258
0.00390653
0.00390752
0.00390758
4.97206e-05
6.4232e-05
0.000141256
0.000176943
0.000223018
0.000242294
0.000264447
0.000287698
0.00030777
0.000326455
0.00034519
0.00036368
0.000382368
0.000400889
0.000419629
0.000438634
0.000457882
0.00047747
0.000497466
0.000517844
0.000538576
0.000559757
0.00058145
0.00060356
0.000626151
0.000649207
0.000672745
0.000696813
0.000721446
0.000746746
0.000772767
0.000799563
0.000827217
0.000855784
0.000885337
0.000915938
0.000947648
0.000980517
0.00101461
0.00104999
0.00108669
0.00112478
0.00116429
0.00120523
0.00124758
0.00129136
0.00133656
0.00138314
0.00143107
0.00148033
0.00153087
0.00158263
0.00163555
0.00168952
0.00174448
0.00180033
0.00185692
0.00191417
0.00197193
0.00203013
0.00208864
0.00214733
0.0022061
0.00226488
0.00232349
0.00238204
0.00244009
0.00249818
0.00255549
0.00261029
0.00266614
0.00272082
0.00277685
0.00283152
0.00288551
0.00293867
0.00299081
0.00304189
0.00309178
0.00314047
0.00318784
0.00323386
0.00327833
0.00332107
0.00336187
0.00340077
0.00343747
0.00347205
0.00350438
0.00353447
0.003562
0.00358708
0.00360919
0.0036285
0.00364446
0.00365713
0.00366646
0.00367152
0.00367416
0.00367214
6.94645e-05
0.000124274
0.000154742
0.000175626
0.000195471
0.000214979
0.000231564
0.000245114
0.000260654
0.000276159
0.000292315
0.000308598
0.000325196
0.000341653
0.000358673
0.000376181
0.000394201
0.000412688
0.000431566
0.000450809
0.000470129
0.000490246
0.000510663
0.000531352
0.000552348
0.000573599
0.000595168
0.000617113
0.000639509
0.000662399
0.000685875
0.000709947
0.000734706
0.00076016
0.000786383
0.000813406
0.000841279
0.000870041
0.000899739
0.000930423
0.000962129
0.000994917
0.00102881
0.00106381
0.00109992
0.00113715
0.00117549
0.00121496
0.00125555
0.00129728
0.00134014
0.00138409
0.00142911
0.00147514
0.00152212
0.00157
0.00161867
0.00166808
0.00171811
0.00176869
0.00181973
0.00187115
0.00192284
0.0019748
0.00202679
0.00207905
0.00213094
0.00218355
0.00223447
0.0022844
0.00233602
0.0023858
0.00243791
0.00248901
0.00253979
0.00259005
0.0026396
0.00268855
0.00273668
0.00278406
0.00283051
0.00287616
0.00292063
0.00296371
0.00300509
0.00304488
0.00308261
0.00311851
0.00315233
0.00318413
0.00321338
0.00324035
0.00326425
0.00328551
0.00330318
0.00331763
0.00332836
0.00333411
0.00333848
0.00333198
0.00018801
0.000149803
0.000138102
0.000125341
0.000122781
0.000126518
0.000134491
0.000144206
0.000155598
0.000168413
0.000182023
0.000197293
0.000213629
0.0002302
0.000247402
0.000264537
0.000282409
0.000300363
0.000318108
0.000336365
0.000354849
0.000373574
0.000392607
0.000411928
0.000431003
0.000450042
0.000469468
0.000489274
0.000509541
0.000530208
0.000551376
0.000572948
0.000595055
0.000617578
0.000640659
0.000664228
0.000688347
0.00071303
0.000738317
0.000764231
0.000790806
0.000818103
0.000846056
0.000874658
0.000903898
0.000933824
0.000964431
0.000995801
0.00102799
0.00106104
0.00109495
0.00112974
0.00116539
0.00120188
0.00123918
0.00127727
0.00131609
0.00135561
0.00139576
0.00143652
0.00147781
0.00151962
0.00156183
0.00160453
0.00164744
0.00169096
0.00173425
0.00177886
0.00182138
0.00186435
0.00190889
0.00195207
0.00199747
0.00204278
0.0020883
0.00213339
0.00217811
0.00222313
0.00226753
0.00231202
0.00235587
0.00239995
0.00244317
0.00248532
0.002526
0.00256554
0.00260301
0.00263932
0.00267373
0.00270644
0.00273656
0.00276481
0.00278983
0.00281273
0.00283169
0.00284793
0.00285973
0.0028662
0.00287219
0.00285849
0.000283955
0.000265179
0.000253288
0.000230269
0.000206361
0.000185328
0.000169387
0.000158062
0.000150517
0.00014616
0.000144372
0.000144746
0.000147228
0.000151322
0.000157098
0.000164209
0.000172681
0.000182417
0.00019324
0.000205045
0.000217854
0.000231463
0.000245936
0.000261035
0.000277413
0.000294674
0.000312415
0.000330447
0.000348895
0.000367532
0.000386589
0.000405748
0.000425404
0.000445037
0.000465346
0.000485586
0.000506296
0.000527304
0.000548682
0.000570374
0.0005925
0.000614922
0.00063728
0.000659703
0.000682302
0.000705213
0.000728465
0.000752415
0.000777039
0.000802306
0.000828207
0.000854728
0.000881864
0.000909604
0.000937943
0.000966873
0.000996384
0.00102647
0.00105712
0.00108833
0.00112007
0.00115237
0.00118515
0.00121855
0.00125231
0.00128684
0.00132149
0.00135722
0.00139288
0.00142873
0.00146513
0.00150193
0.00153955
0.00157795
0.00161756
0.00165547
0.00169434
0.00173555
0.00177479
0.00181638
0.00185628
0.00189916
0.00194038
0.00198058
0.00201936
0.00205754
0.00209327
0.00212949
0.00216348
0.00219615
0.00222605
0.00225504
0.00228054
0.00230512
0.00232525
0.0023439
0.00235657
0.00236579
0.00236967
0.00235426
0.000435583
0.000426574
0.000420416
0.000409558
0.000396135
0.000378665
0.000358784
0.000338996
0.000319846
0.00030212
0.000286069
0.000271819
0.00025937
0.000248562
0.000239361
0.000231609
0.000225257
0.000220255
0.000216554
0.000214043
0.000212787
0.000212661
0.000213733
0.000215844
0.000219128
0.000223541
0.000229122
0.000235667
0.000243286
0.000251726
0.000261158
0.000271271
0.000282284
0.000293856
0.000306206
0.00031907
0.000332524
0.000346429
0.000360851
0.000375638
0.00039087
0.000406415
0.000423017
0.000440129
0.000458109
0.000476556
0.000495487
0.000514422
0.000533455
0.00055262
0.000572054
0.000591723
0.000611694
0.000631942
0.000652556
0.000673501
0.000694858
0.000716599
0.000738769
0.0007614
0.000784465
0.000808078
0.000832134
0.000856856
0.00088196
0.000907869
0.000934128
0.000961235
0.000988865
0.00101708
0.00104595
0.00107557
0.00110592
0.00113702
0.00116934
0.00120224
0.00123563
0.00126995
0.00130471
0.00134032
0.00137638
0.00141362
0.00145009
0.00148533
0.00151927
0.00155335
0.00158445
0.0016208
0.0016511
0.00168147
0.00170912
0.00173854
0.00176385
0.00179099
0.00181243
0.00183464
0.00184782
0.00186356
0.00185375
0.00186251
0.000594855
0.00058876
0.000583787
0.000577006
0.00057131
0.000563454
0.000554983
0.000544558
0.000532943
0.000520495
0.000507539
0.000494344
0.000481184
0.00046818
0.000455554
0.000443184
0.000431456
0.000420288
0.00040951
0.000398826
0.000389749
0.000380043
0.000371543
0.000363246
0.000355878
0.000349196
0.000343194
0.000337928
0.000333386
0.00032961
0.000326604
0.000324373
0.000322985
0.000322383
0.000322605
0.000323574
0.000325382
0.000327928
0.000331266
0.000335248
0.000339988
0.000345249
0.000351254
0.000357888
0.000365067
0.000373292
0.000380449
0.000390429
0.000399153
0.000409891
0.000420917
0.000431955
0.000443388
0.000455179
0.00046732
0.000479788
0.000492547
0.000505623
0.000519005
0.000532767
0.000546675
0.00056136
0.000575646
0.000591832
0.000606209
0.000623614
0.000638613
0.000656726
0.000672945
0.000691434
0.000709634
0.000729018
0.000748821
0.000769479
0.000791005
0.00081321
0.000836188
0.000859651
0.000884177
0.00090947
0.000935582
0.000962184
0.000989983
0.0010202
0.0010513
0.00108417
0.00111615
0.00115015
0.00118353
0.00121719
0.00124869
0.00128172
0.00130652
0.00133928
0.00136049
0.00138643
0.00139822
0.00141887
0.00140498
0.00143046
0.000720157
0.000715805
0.000711588
0.000707334
0.000703192
0.000698893
0.000694501
0.000689669
0.000684257
0.00067857
0.000672237
0.00066601
0.000658932
0.00065192
0.000644453
0.000636818
0.000629065
0.000621286
0.000613472
0.000605626
0.000597872
0.000590134
0.000582477
0.000574896
0.000567417
0.000560122
0.000552948
0.000546019
0.000539215
0.000532753
0.000526376
0.000520524
0.000514955
0.000509708
0.000504733
0.000499726
0.000496328
0.000492083
0.000489304
0.000486033
0.000484056
0.000481125
0.000480844
0.00047812
0.00047934
0.000478651
0.000480546
0.000482325
0.000485007
0.0004882
0.000492103
0.000495878
0.000501536
0.000505868
0.00051293
0.000517905
0.000525362
0.000531242
0.000539149
0.000546173
0.000553655
0.000561541
0.000569752
0.000578314
0.000587083
0.000596159
0.00060537
0.000614836
0.000624414
0.000634198
0.000644049
0.000653769
0.000664897
0.000674684
0.000687379
0.000697549
0.000709832
0.000721078
0.000734456
0.000747456
0.000760556
0.000773973
0.00078747
0.000801877
0.000816691
0.000832715
0.000848794
0.000865779
0.000883722
0.000902465
0.000921934
0.000942751
0.000959205
0.000978763
0.000994546
0.0010123
0.00101866
0.00103276
0.00102969
0.00102054
0.000796279
0.000793371
0.00079052
0.000787712
0.000784955
0.000782234
0.000779543
0.000776851
0.000774098
0.000771259
0.000768324
0.000765281
0.000762089
0.000758785
0.000755337
0.000751762
0.000748061
0.000744263
0.000740371
0.000736404
0.000732373
0.000728299
0.000724184
0.000720055
0.000715902
0.000711769
0.000707634
0.000703554
0.000699493
0.000695524
0.000691593
0.000687772
0.000684051
0.000680463
0.000676995
0.000673628
0.000670493
0.000667496
0.000664735
0.000662147
0.000659835
0.000657663
0.000655856
0.000654162
0.000652883
0.000651883
0.000651289
0.000651073
0.000651284
0.000651908
0.000652937
0.0006543
0.000656116
0.00065821
0.000660775
0.000663561
0.000666742
0.000670113
0.000673826
0.000677722
0.000681837
0.000686097
0.000690571
0.000695143
0.000699896
0.000704678
0.000709608
0.000714498
0.000719499
0.000724422
0.000729415
0.000734224
0.000739113
0.000743846
0.000748792
0.000753423
0.000758246
0.000762718
0.000767443
0.000772182
0.000776625
0.000781023
0.000785643
0.000790052
0.000794613
0.00079906
0.00080268
0.000810211
0.000813248
0.00082105
0.000823927
0.000831854
0.000834346
0.000840109
0.00084223
0.000845451
0.000844982
0.000846468
0.000833608
0.000827281
0.000831387
0.000829863
0.000828336
0.000826808
0.000825281
0.000823757
0.000822238
0.000820724
0.00081921
0.000817689
0.000816154
0.000814604
0.000813029
0.000811427
0.000809792
0.000808119
0.000806405
0.00080465
0.000802853
0.000801018
0.000799148
0.00079725
0.000795326
0.000793386
0.000791427
0.000789466
0.000787497
0.000785542
0.000783584
0.000781643
0.000779719
0.000777825
0.000775967
0.000774157
0.000772402
0.000770705
0.000769083
0.000767537
0.00076609
0.000764739
0.000763506
0.000762378
0.000761379
0.000760499
0.000759757
0.000759157
0.000758721
0.000758446
0.000758359
0.000758447
0.000758739
0.000759202
0.000759871
0.000760701
0.000761737
0.000762915
0.000764282
0.000765756
0.000767398
0.000769112
0.000770976
0.00077286
0.000774873
0.000776853
0.000778955
0.000780963
0.000783098
0.000785064
0.000787179
0.000789049
0.000791001
0.000792619
0.000794326
0.000795679
0.000797161
0.000798256
0.000799476
0.00080024
0.000801139
0.000801514
0.000802034
0.0008019
0.000801877
0.000800962
0.00080027
0.000798778
0.000797489
0.000795431
0.000793514
0.000790851
0.000787819
0.000784399
0.00077978
0.000774772
0.000768097
0.000760332
0.000752189
0.000741134
0.000727862
0.000708497
0.000842992
0.000842295
0.000841578
0.000840845
0.000840098
0.000839339
0.000838569
0.00083779
0.000837002
0.000836206
0.000835401
0.000834586
0.000833761
0.000832927
0.000832082
0.000831224
0.00083035
0.000829465
0.000828568
0.000827662
0.000826742
0.000825809
0.000824864
0.000823908
0.00082294
0.000821964
0.000820981
0.000819994
0.000819009
0.000818029
0.000817057
0.000816096
0.000815151
0.000814223
0.00081332
0.000812446
0.000811606
0.000810804
0.000810042
0.00080931
0.000808623
0.000807975
0.000807383
0.000806837
0.000806357
0.000805933
0.000805586
0.000805298
0.000805096
0.000804953
0.000804906
0.000804915
0.000805024
0.000805182
0.00080544
0.000805722
0.000806098
0.000806473
0.000806941
0.000807384
0.000807911
0.000808368
0.000808901
0.000809327
0.00080983
0.000810181
0.000810615
0.000810828
0.000811156
0.000811092
0.000811125
0.000810743
0.000810536
0.000809842
0.000809325
0.000808244
0.000807287
0.000805684
0.000804163
0.000801831
0.000799645
0.000796381
0.000793252
0.000789399
0.000785947
0.00078152
0.000777273
0.000771808
0.000766604
0.000759911
0.000753492
0.000745698
0.000737209
0.00072857
0.000718443
0.00070896
0.000694666
0.000682812
0.00065982
0.000627834
0.000846156
0.000845826
0.000845483
0.000845129
0.000844763
0.000844387
0.000843999
0.000843602
0.000843194
0.000842777
0.000842352
0.00084192
0.00084148
0.000841032
0.000840577
0.000840115
0.000839646
0.000839168
0.000838681
0.000838186
0.000837683
0.000837171
0.000836653
0.000836126
0.000835596
0.00083506
0.000834521
0.000833978
0.000833432
0.000832883
0.000832333
0.000831782
0.000831233
0.000830684
0.000830141
0.000829597
0.000829061
0.000828527
0.000828005
0.000827493
0.000827
0.000826516
0.000826057
0.000825607
0.000825186
0.000824773
0.000824393
0.000824018
0.000823681
0.000823345
0.000823052
0.000822751
0.000822499
0.000822224
0.000821986
0.000821701
0.000821467
0.000821168
0.000820928
0.000820591
0.000820297
0.000819871
0.000819501
0.000818972
0.000818492
0.000817808
0.000817155
0.00081624
0.000815323
0.000814134
0.000813142
0.000811745
0.000810551
0.000808777
0.000807181
0.000804868
0.00080265
0.000799664
0.000796634
0.000792771
0.000788837
0.000783735
0.000778886
0.000772163
0.000765522
0.000757016
0.000747989
0.000737713
0.00072643
0.000713752
0.000701349
0.000684973
0.000671324
0.000651382
0.000636801
0.000613746
0.000598275
0.000575427
0.000549916
0.000518253
0.000846586
0.000846346
0.000846102
0.000845853
0.0008456
0.000845342
0.00084508
0.000844812
0.00084454
0.000844262
0.000843979
0.000843691
0.000843398
0.0008431
0.000842797
0.000842489
0.000842177
0.000841861
0.000841539
0.000841214
0.000840884
0.000840549
0.000840209
0.000839865
0.000839514
0.000839158
0.000838796
0.000838428
0.000838055
0.000837675
0.000837292
0.000836902
0.000836508
0.000836107
0.000835704
0.000835293
0.000834881
0.000834461
0.000834041
0.000833611
0.000833183
0.000832744
0.000832309
0.00083186
0.000831418
0.000830955
0.000830499
0.000830015
0.000829541
0.000829026
0.000828521
0.000827963
0.000827416
0.000826798
0.000826219
0.000825572
0.000824968
0.000824267
0.000823597
0.000822786
0.000822022
0.000821108
0.000820246
0.00081918
0.00081814
0.000816838
0.000815535
0.000813887
0.000812226
0.000810084
0.000807841
0.000804943
0.000801883
0.000797973
0.000793959
0.000788739
0.000783593
0.00077696
0.000770299
0.000762263
0.00075354
0.000743895
0.000733129
0.000721451
0.000709691
0.000695006
0.000682284
0.000664662
0.0006511
0.00063032
0.000616816
0.000593456
0.000579118
0.000555091
0.000540773
0.000517658
0.000501756
0.000485511
0.000458938
0.000444979
0.00084659
0.000846357
0.000846121
0.000845883
0.000845643
0.000845399
0.000845152
0.000844903
0.000844651
0.000844395
0.000844137
0.000843875
0.00084361
0.000843341
0.000843069
0.000842793
0.000842514
0.000842231
0.000841943
0.000841652
0.000841357
0.000841058
0.000840755
0.000840448
0.000840135
0.000839818
0.000839496
0.000839167
0.000838834
0.000838493
0.000838146
0.000837791
0.000837429
0.000837057
0.000836678
0.000836286
0.000835887
0.000835472
0.000835049
0.000834606
0.000834154
0.000833677
0.000833191
0.000832675
0.000832148
0.000831583
0.000831005
0.000830381
0.000829733
0.000828996
0.000828253
0.000827426
0.000826591
0.000825648
0.000824688
0.000823575
0.00082244
0.000821106
0.000819756
0.000818159
0.000816528
0.000814571
0.000812497
0.000810041
0.000807393
0.00080431
0.000800935
0.000797057
0.000792787
0.000787924
0.000782551
0.000776534
0.000769812
0.000762567
0.000754136
0.000745182
0.00073576
0.000724371
0.000713941
0.000699928
0.000688445
0.000671872
0.000659554
0.000640322
0.000627445
0.000605798
0.000593202
0.000569621
0.000556584
0.000533197
0.000520272
0.000498063
0.000485863
0.000466353
0.000455601
0.000440884
0.000430681
0.000425727
0.000407793
0.000411304
0.000846574
0.00084634
0.000846103
0.000845864
0.000845622
0.000845376
0.000845128
0.000844877
0.000844622
0.000844364
0.000844102
0.000843836
0.000843566
0.000843292
0.000843013
0.000842728
0.000842439
0.000842142
0.00084184
0.000841529
0.00084121
0.000840882
0.000840545
0.000840197
0.000839837
0.000839464
0.000839077
0.000838674
0.000838255
0.000837816
0.000837357
0.000836875
0.000836368
0.000835834
0.000835268
0.000834672
0.000834033
0.000833344
0.00083262
0.000831838
0.000831015
0.000830119
0.000829176
0.000828145
0.000827058
0.000825861
0.0008246
0.000823203
0.000821738
0.000820128
0.000818419
0.000816501
0.000814463
0.000812169
0.00080973
0.000806975
0.000804044
0.000800726
0.000797198
0.000793198
0.000788943
0.000784137
0.000779025
0.000773285
0.000767157
0.000760336
0.000753044
0.000744968
0.000736418
0.000726882
0.000717049
0.00070586
0.000694791
0.000681814
0.00066963
0.000654794
0.000641728
0.000625085
0.000611478
0.000593213
0.000579561
0.000560325
0.000546313
0.000527231
0.000513206
0.000495188
0.000481579
0.000465446
0.000452941
0.000439382
0.000428697
0.0004184
0.000409931
0.000403665
0.000397605
0.000396145
0.000392022
0.000398202
0.000387935
0.000399834
0.00084654
0.000846288
0.000846029
0.000845762
0.000845485
0.000845199
0.000844901
0.000844592
0.000844267
0.000843929
0.000843574
0.0008432
0.000842805
0.000842387
0.000841943
0.000841472
0.000840972
0.000840441
0.000839875
0.000839272
0.000838628
0.000837941
0.000837208
0.000836424
0.000835579
0.000834674
0.000833709
0.000832674
0.000831572
0.000830389
0.000829132
0.000827778
0.000826344
0.000824796
0.000823162
0.00082139
0.000819533
0.000817531
0.000815405
0.000813108
0.000810671
0.000808035
0.00080524
0.000802216
0.000799007
0.000795536
0.000791854
0.000787868
0.000783644
0.000779068
0.000774231
0.000768998
0.000763474
0.000757499
0.000751204
0.000744403
0.000737249
0.000729542
0.000721452
0.000712769
0.000703671
0.000693969
0.000683811
0.000673086
0.000661857
0.000650137
0.000637893
0.000625238
0.00061213
0.000598626
0.000584919
0.000570719
0.000556719
0.000542072
0.000528039
0.00051336
0.000499641
0.000485384
0.00047232
0.000458972
0.000446898
0.000434948
0.000424178
0.000414047
0.000404868
0.000396905
0.000389526
0.00038399
0.000378499
0.000375558
0.000371889
0.000371622
0.00036953
0.000371936
0.000370995
0.000376156
0.000375465
0.000385442
0.000377477
0.000387836
0.000845315
0.000844779
0.000844192
0.000843556
0.000842867
0.000842116
0.0008413
0.000840414
0.000839455
0.000838417
0.000837296
0.000836096
0.000834801
0.000833416
0.000831933
0.000830351
0.000828663
0.00082687
0.000824962
0.000822944
0.000820802
0.000818541
0.000816151
0.000813631
0.000810985
0.000808195
0.000805257
0.000802162
0.000798908
0.000795482
0.000791887
0.000788102
0.000784136
0.000779958
0.000775589
0.000770985
0.000766174
0.000761109
0.000755826
0.000750268
0.000744475
0.000738385
0.00073205
0.000725378
0.000718456
0.000711178
0.00070363
0.000695711
0.000687512
0.000678927
0.000670061
0.0006608
0.000651261
0.000641334
0.000631142
0.00062058
0.000609778
0.000598637
0.000587303
0.000575674
0.000563913
0.000551926
0.000539876
0.000527695
0.000515532
0.000503349
0.000491288
0.000479311
0.0004676
0.00045605
0.000444949
0.000434064
0.000423813
0.000413851
0.000404648
0.000395857
0.000387861
0.000380459
0.00037379
0.000367932
0.000362663
0.000358425
0.000354569
0.000351949
0.000349441
0.000348371
0.000347063
0.000347419
0.000347087
0.000348733
0.000349082
0.00035187
0.000352529
0.000356369
0.000356894
0.000361974
0.000361379
0.000370145
0.000359905
0.000365406
0.000830606
0.000828131
0.0008255
0.000822702
0.000819742
0.000816621
0.000813344
0.000809909
0.000806322
0.000802582
0.000798692
0.000794651
0.000790467
0.000786141
0.000781662
0.000777048
0.000772277
0.000767377
0.000762308
0.000757118
0.000751741
0.000746254
0.00074055
0.000734764
0.000728739
0.000722574
0.000716239
0.000709731
0.000703048
0.000696185
0.000689148
0.00068192
0.000674524
0.000666926
0.000659172
0.000651203
0.000643095
0.000634761
0.000626308
0.000617626
0.000608842
0.000599839
0.000590748
0.000581461
0.000572095
0.000562569
0.000552977
0.000543267
0.000533512
0.000523679
0.000513836
0.000503957
0.000494111
0.000484276
0.00047452
0.000464828
0.000455269
0.000445826
0.000436577
0.000427496
0.000418674
0.000410074
0.000401795
0.000393792
0.000386169
0.000378871
0.000372014
0.000365515
0.000359519
0.000353897
0.000348832
0.000344147
0.000340046
0.000336342
0.000333197
0.000330488
0.000328253
0.000326518
0.000325111
0.000324271
0.000323591
0.000323533
0.000323453
0.00032404
0.000324416
0.000325505
0.000326172
0.000327659
0.000328489
0.000330284
0.00033107
0.000333058
0.000333595
0.000335724
0.000335809
0.000338185
0.000336991
0.000342025
0.000330323
0.00033367
0.00075217
0.000745083
0.000737934
0.000730717
0.000723458
0.000716147
0.000708811
0.000701429
0.000694035
0.000686598
0.000679152
0.000671672
0.000664176
0.000656649
0.000649105
0.000641541
0.000633933
0.000626286
0.000618576
0.000610819
0.000602991
0.000595113
0.000587163
0.000579167
0.000571109
0.000563003
0.000554862
0.0005467
0.000538525
0.000530349
0.000522183
0.000514031
0.000505916
0.000497824
0.000489797
0.0004818
0.000473897
0.000466033
0.000458287
0.000450596
0.000443041
0.000435563
0.000428229
0.000421002
0.000413926
0.000406985
0.000400202
0.00039358
0.000387129
0.000380858
0.000374773
0.000368887
0.000363202
0.000357732
0.000352481
0.000347458
0.000342671
0.000338122
0.000333829
0.000329779
0.000326
0.000322471
0.000319221
0.000316223
0.000313511
0.000311045
0.000308868
0.000306921
0.000305263
0.000303809
0.000302638
0.000301639
0.000300902
0.000300313
0.000299936
0.000299713
0.000299628
0.000299702
0.000299784
0.000300065
0.000300247
0.000300662
0.000300877
0.000301345
0.00030153
0.000301956
0.000302084
0.00030253
0.000302554
0.000302857
0.000302585
0.000302691
0.000302055
0.000301963
0.000300925
0.000300413
0.00029867
0.000298858
0.00028892
0.000288029
0.000564303
0.000555527
0.000546977
0.000538628
0.000530514
0.000522579
0.000514884
0.000507327
0.000500026
0.000492801
0.000485876
0.000479003
0.000472313
0.00046572
0.000459369
0.000452984
0.000446588
0.000440218
0.000433879
0.000427614
0.000421406
0.000415314
0.000409285
0.000403414
0.000397595
0.000391981
0.000386563
0.000381327
0.000376261
0.000371355
0.0003666
0.000361989
0.00035752
0.00035318
0.000348978
0.000344894
0.000340946
0.000337111
0.000333407
0.000329815
0.00032635
0.000322999
0.000319768
0.000316657
0.000313659
0.000310785
0.000308022
0.000305384
0.000302856
0.000300453
0.00029816
0.000295992
0.000293934
0.000291998
0.000290174
0.000288467
0.000286872
0.000285388
0.000284015
0.000282747
0.000281585
0.000280519
0.000279553
0.000278673
0.000277881
0.000277163
0.000276521
0.000275936
0.000275412
0.000274927
0.000274485
0.000274064
0.000273663
0.000273263
0.000272869
0.000272504
0.000272067
0.000271583
0.000270999
0.000270446
0.000269721
0.00026907
0.000268176
0.000267386
0.000266294
0.000265347
0.000264016
0.000262718
0.000261154
0.000259515
0.000257716
0.000255842
0.000253823
0.000251763
0.000249432
0.000247209
0.000244746
0.000241331
0.000236618
0.000228269
0.000343446
0.000339509
0.000335874
0.000332543
0.000329496
0.000326706
0.000324129
0.000321743
0.0003195
0.000317397
0.000315373
0.000313459
0.000311571
0.000309771
0.000307961
0.000306243
0.000304615
0.000303042
0.000301536
0.000300054
0.000298625
0.0002972
0.000295819
0.000294423
0.000293073
0.000291691
0.000290282
0.000288847
0.000287393
0.000285923
0.000284442
0.000282955
0.000281468
0.000279983
0.000278507
0.00027704
0.00027559
0.000274158
0.000272747
0.000271363
0.000270001
0.000268673
0.000267371
0.000266106
0.000264867
0.000263669
0.000262498
0.000261367
0.000260264
0.000259199
0.000258161
0.000257159
0.00025618
0.000255234
0.000254308
0.000253408
0.000252525
0.00025166
0.000250807
0.000249963
0.000249125
0.000248287
0.000247444
0.000246592
0.000245724
0.000244837
0.000243919
0.000242974
0.00024198
0.000240953
0.000239852
0.000238726
0.000237473
0.000236291
0.000234882
0.000233673
0.000231983
0.000230274
0.000228533
0.000226763
0.0002248
0.000222897
0.000220736
0.000218641
0.000216307
0.000214046
0.000211549
0.000209058
0.000206428
0.000203684
0.000200924
0.000198024
0.000195127
0.000192196
0.000189108
0.000186164
0.000182598
0.000179588
0.000174985
0.000167713
0.000140086
0.00013849
0.000136953
0.000135481
0.000134081
0.00013276
0.000131521
0.00013037
0.000129308
0.000128339
0.000127462
0.00012668
0.000125989
0.000125391
0.000124883
0.000124462
0.000124128
0.000123877
0.000123707
0.000123614
0.000123597
0.000123649
0.00012377
0.000123952
0.000124195
0.00012449
0.000124837
0.000125226
0.000125657
0.000126119
0.000126614
0.000127131
0.000127668
0.000128221
0.000128783
0.000129356
0.000129926
0.000130504
0.00013107
0.00013164
0.00013219
0.000132742
0.00013327
0.000133793
0.000134291
0.00013478
0.000135243
0.000135691
0.000136113
0.000136516
0.00013689
0.000137242
0.000137561
0.000137852
0.000138107
0.000138327
0.000138505
0.000138639
0.000138723
0.000138754
0.000138723
0.000138628
0.000138458
0.000138213
0.000137876
0.000137453
0.00013692
0.000136292
0.000135536
0.000134679
0.000133675
0.000132567
0.000131298
0.000129928
0.000128386
0.00012679
0.00012497
0.000123006
0.000120925
0.000118821
0.000116389
0.000114274
0.000111609
0.000109145
0.000106453
0.000103785
0.000100995
9.82367e-05
9.53595e-05
9.25541e-05
8.96127e-05
8.68007e-05
8.38427e-05
8.10645e-05
7.81582e-05
7.54006e-05
7.26526e-05
6.97579e-05
6.77462e-05
6.23701e-05
9.04635e-05
9.07272e-05
9.05761e-05
9.01498e-05
8.95461e-05
8.88491e-05
8.80492e-05
8.71472e-05
8.61549e-05
8.50742e-05
8.39052e-05
8.26461e-05
8.13202e-05
7.98857e-05
7.83983e-05
7.69387e-05
7.50488e-05
7.41171e-05
7.16367e-05
7.16335e-05
0.000867106
0.00086775
0.000858394
0.000845725
0.000830799
0.000814345
0.000795943
0.000775883
0.00075423
0.00073096
0.000706013
0.00067955
0.00065158
0.000621474
0.000591785
0.000557225
0.000526406
0.000491796
0.000452457
0.000422367
0.00172264
0.00173366
0.00172533
0.0017084
0.0016862
0.00166061
0.00163054
0.00159718
0.00156063
0.00152077
0.00147745
0.00143114
0.0013814
0.0013273
0.00127393
0.00120931
0.00115436
0.00108682
0.00101625
0.000958245
0.00243676
0.00245577
0.0024517
0.00243572
0.00241267
0.00238363
0.00234848
0.00230884
0.00226475
0.00221595
0.0021624
0.00210467
0.00204209
0.00197307
0.00190561
0.00181999
0.00175287
0.00165654
0.00157528
0.00148827
0.00302093
0.00304193
0.0030409
0.0030268
0.00300497
0.00297423
0.00293727
0.00289482
0.00284763
0.00279458
0.00273601
0.00267226
0.00260272
0.00252521
0.00244969
0.00235076
0.00227824
0.00215982
0.00207651
0.00196185
0.00349463
0.00351227
0.00351379
0.00350281
0.00348208
0.0034521
0.00341563
0.00337299
0.00332433
0.00326942
0.00320813
0.00314116
0.00306783
0.00298673
0.0029057
0.0028018
0.00272507
0.0025936
0.00251013
0.00237105
0.00387566
0.00388999
0.00389224
0.00388239
0.00386282
0.00383468
0.00379952
0.00375781
0.00370965
0.003655
0.00359341
0.00352581
0.00345081
0.00336805
0.00328355
0.0031781
0.00309868
0.00296163
0.00287849
0.00271998
0.00418123
0.00419219
0.00419304
0.00418338
0.00416497
0.00413852
0.00410498
0.00406477
0.00401793
0.0039645
0.00390384
0.00383701
0.00376224
0.00368
0.00359448
0.00348911
0.00340752
0.0032689
0.00318648
0.00301551
0.00442443
0.00443139
0.0044299
0.00441994
0.0044022
0.0043771
0.00434514
0.00430662
0.00426148
0.00420981
0.00415081
0.00408561
0.00401216
0.00393157
0.0038465
0.00374308
0.0036604
0.00352263
0.00344114
0.00326263
0.00461481
0.00461755
0.00461351
0.00460266
0.00458511
0.00456096
0.00453038
0.00449354
0.00445025
0.0044006
0.00434367
0.00428064
0.00420921
0.00413102
0.00404744
0.00394699
0.00386397
0.00372958
0.0036489
0.00346648
0.00475969
0.00475835
0.0047517
0.00473958
0.00472183
0.00469827
0.00466884
0.00463356
0.00459212
0.0045446
0.00448998
0.00442944
0.00436049
0.00428521
0.00420388
0.00410708
0.00402456
0.00389474
0.00381546
0.00363186
0.00486467
0.00485959
0.00485037
0.00483681
0.00481858
0.00479532
0.00476682
0.00473295
0.00469333
0.00464797
0.00459577
0.00453794
0.0044718
0.00439977
0.00432124
0.00422855
0.00414756
0.00402267
0.0039453
0.00376295
0.004934
0.00492561
0.004914
0.00489896
0.00488008
0.00485693
0.00482919
0.00479664
0.00475876
0.00471558
0.00466588
0.00461091
0.00454781
0.00447929
0.004404
0.00431573
0.00423721
0.00411745
0.00404255
0.00386337
0.00497091
0.00495968
0.00494594
0.00492951
0.00490996
0.00488683
0.00485975
0.00482843
0.00479227
0.00475127
0.00470414
0.00465216
0.0045923
0.0045275
0.00445583
0.00437223
0.00429699
0.0041828
0.00411034
0.00393603
0.00497787
0.00496429
0.00494876
0.00493111
0.00491096
0.00488786
0.00486139
0.00483101
0.00479633
0.00475739
0.00471277
0.00466381
0.00460733
0.00454651
0.00447901
0.00440055
0.0043289
0.00422029
0.00415104
0.00398332
0.00495651
0.00494065
0.00492332
0.00490437
0.00488348
0.00486022
0.00483422
0.00480539
0.00477287
0.00473667
0.00469538
0.00465018
0.00459773
0.00454112
0.00447766
0.00440408
0.00433671
0.00423442
0.00416859
0.0040086
0.00490588
0.0048892
0.00487146
0.00485245
0.0048319
0.0048098
0.00478539
0.00475831
0.00472794
0.00469416
0.0046553
0.00461307
0.00456405
0.00451161
0.00445271
0.00438453
0.00432186
0.00422627
0.00416419
0.00401312
0.00483334
0.00481636
0.00479852
0.00477967
0.00475959
0.00473757
0.00471363
0.00468757
0.00465873
0.00462724
0.00459144
0.00455283
0.00450786
0.00446002
0.00440603
0.00434354
0.00428595
0.00419754
0.00413958
0.00399853
0.00473736
0.0047198
0.00470144
0.00468227
0.00466216
0.00464095
0.0046183
0.00459402
0.00456743
0.00453873
0.00450619
0.00447142
0.00443077
0.00438779
0.00433902
0.00428256
0.00423043
0.00414971
0.00409624
0.00396624
0.00461515
0.00459809
0.00458032
0.00456192
0.00454276
0.00452279
0.00450173
0.0044795
0.00445539
0.00442973
0.00440068
0.00437
0.00433394
0.00429613
0.00425293
0.00420285
0.00415655
0.00408404
0.00403543
0.00391748
0.00446968
0.00445371
0.00443707
0.00441993
0.00440218
0.00438386
0.00436475
0.00434488
0.00432354
0.00430118
0.00427591
0.00424959
0.00421842
0.00418608
0.00414881
0.0041055
0.00406539
0.00400165
0.00395827
0.00385334
0.00430155
0.00428726
0.00427234
0.00425698
0.00424113
0.0042249
0.00420813
0.00419098
0.00417272
0.00415397
0.00413275
0.0041111
0.00408514
0.00405862
0.00402761
0.00399151
0.00395793
0.00390354
0.00386576
0.00377478
0.00411135
0.00409941
0.00408677
0.00407375
0.00406032
0.00404664
0.00403263
0.00401858
0.00400376
0.00398892
0.00397208
0.0039554
0.00393497
0.00391463
0.00389025
0.00386179
0.00383509
0.00379063
0.0037588
0.00368267
0.00389983
0.00389088
0.00388113
0.00387101
0.00386051
0.00384988
0.00383906
0.00382852
0.00381748
0.0038069
0.00379474
0.00378337
0.0037688
0.003755
0.00373757
0.00371721
0.00369772
0.0036638
0.00363825
0.00357782
0.00366789
0.00366259
0.00365633
0.00364966
0.00364261
0.00363551
0.00362833
0.00362172
0.00361482
0.00360883
0.00360166
0.00359591
0.00358753
0.00358064
0.00357049
0.00355868
0.00354668
0.00352388
0.00350494
0.00346099
0.00333318
0.00333358
0.00333278
0.00333145
0.0033297
0.00332799
0.00332625
0.00332545
0.00332452
0.00332509
0.00332498
0.00332717
0.00332742
0.00333021
0.00333012
0.00333025
0.0033286
0.00332129
0.00331162
0.00329044
0.00286852
0.00287751
0.00288505
0.00289185
0.00289812
0.00290447
0.00291068
0.00291837
0.00292565
0.00293526
0.00294468
0.00295756
0.0029692
0.00298486
0.00299771
0.00301352
0.00302508
0.00303783
0.00304037
0.00304855
0.00237396
0.00239147
0.0024081
0.00242373
0.00243877
0.00245381
0.00246847
0.00248538
0.00250065
0.00251993
0.00253923
0.00256334
0.00258659
0.00261549
0.00264107
0.00267277
0.00269734
0.00273011
0.00274504
0.00278299
0.00188206
0.00190345
0.00192905
0.00195229
0.00197509
0.0019971
0.00201907
0.00204432
0.00206499
0.00209481
0.00212314
0.00215822
0.00219237
0.00223384
0.00227075
0.00231745
0.00235389
0.00240531
0.00243467
0.00249743
0.00144008
0.00146552
0.00149222
0.00151835
0.00154364
0.00156982
0.00159534
0.00162441
0.00165217
0.00168708
0.00172246
0.00176565
0.00180665
0.00185737
0.00190194
0.00196062
0.00200561
0.00207347
0.00211451
0.00220126
0.00104369
0.00107213
0.00109783
0.00112535
0.00115378
0.00118545
0.00121761
0.00125483
0.0012908
0.00133097
0.00136947
0.00141466
0.00145544
0.00150779
0.00155319
0.00161717
0.00166599
0.0017453
0.00179472
0.00189965
0.000829051
0.000844152
0.000859018
0.000874816
0.000891129
0.000909938
0.000929255
0.000953176
0.000977368
0.00100817
0.00103738
0.00107782
0.0011172
0.00117173
0.00121944
0.0012898
0.00134199
0.00142653
0.00147983
0.00159328
0.000713301
0.00071824
0.000723053
0.000727425
0.000732068
0.00073711
0.000742248
0.000749713
0.000757228
0.000769937
0.000782118
0.000803086
0.000822953
0.000860016
0.000892632
0.000951352
0.000994765
0.00107871
0.00113462
0.00126033
0.000625456
0.000624469
0.000623345
0.000621254
0.00062027
0.000618586
0.000617781
0.000617845
0.000618194
0.000621763
0.000624529
0.000634001
0.000641357
0.000660265
0.0006752
0.000709529
0.00073657
0.000790614
0.000835316
0.000929636
0.000520848
0.000523762
0.000522683
0.000522007
0.000519784
0.000518742
0.000515699
0.0005152
0.000512244
0.000513673
0.000511659
0.00051637
0.000516284
0.000525995
0.00052894
0.000546103
0.00055529
0.000582527
0.000610097
0.000666081
0.000449619
0.000455497
0.000457193
0.000459532
0.00046072
0.000462838
0.000463614
0.000465972
0.000466907
0.000470239
0.00047159
0.000476201
0.000478231
0.000484113
0.000486576
0.000493968
0.000497454
0.000506209
0.000515366
0.000534018
0.000419195
0.000427521
0.000431445
0.000435818
0.000439648
0.000443841
0.000447376
0.000451427
0.000454816
0.00045897
0.000462149
0.000466301
0.000469241
0.000472616
0.000474616
0.000476945
0.000477774
0.000478016
0.000478354
0.00047726
0.000409769
0.000419166
0.00042411
0.000429132
0.000433744
0.000438317
0.000442344
0.000446058
0.000449251
0.000452456
0.000454963
0.000457258
0.000458775
0.000459049
0.0004587
0.000456959
0.000454487
0.000449361
0.00044615
0.000431339
0.000400329
0.000410857
0.000415522
0.000420139
0.000424435
0.0004284
0.000431219
0.000433072
0.000434794
0.000436259
0.000436721
0.00043633
0.000435169
0.000431853
0.000428568
0.000422739
0.000416903
0.00040699
0.000401455
0.000378964
0.000380831
0.000390425
0.000394375
0.000398491
0.00040194
0.00040458
0.000405837
0.000406615
0.000406005
0.000405171
0.000402913
0.000399579
0.000395455
0.000389738
0.0003828
0.000374495
0.000365946
0.000352858
0.000346085
0.000320703
0.000347833
0.000355908
0.00036063
0.000363943
0.000365556
0.000366351
0.000365504
0.000364421
0.000361504
0.000358549
0.000353401
0.000348142
0.000341653
0.000333996
0.000325184
0.000315808
0.000306243
0.000292164
0.000286035
0.000262547
0.000304851
0.000309497
0.000313913
0.000315065
0.000314835
0.00031352
0.000310637
0.000307589
0.00030265
0.000298096
0.000292003
0.000285418
0.000277862
0.000269817
0.000261549
0.000252284
0.000244405
0.000232124
0.000226795
0.000208766
0.00024898
0.000251009
0.000253103
0.000251992
0.000250192
0.000246825
0.000242667
0.000238487
0.000233999
0.000228516
0.000222432
0.00021628
0.000210122
0.00020364
0.000197295
0.000190235
0.00018453
0.000175977
0.000171782
0.000160574
0.000182192
0.000180487
0.000177642
0.000174135
0.000171198
0.000166677
0.000163873
0.000161005
0.000157211
0.000153414
0.000149709
0.00014605
0.000142356
0.000138512
0.000134799
0.000130689
0.000127391
0.000122696
0.000120288
0.000114724
6.99822e-05
6.78259e-05
6.41245e-05
5.9262e-05
5.5074e-05
5.14197e-05
4.85803e-05
4.63902e-05
4.44458e-05
4.26294e-05
4.09685e-05
3.9363e-05
3.77967e-05
3.62089e-05
3.47124e-05
3.30836e-05
3.17514e-05
3.02005e-05
2.87179e-05
2.82229e-05
)
;

boundaryField
{
    inlet
    {
        type            calculated;
        value           uniform 0.000851986;
    }
    outlet
    {
        type            calculated;
        value           nonuniform List<scalar> 
45
(
7.16335e-05
0.000422367
0.000958245
0.00148827
0.00196185
0.00237105
0.00271998
0.00301551
0.00326263
0.00346648
0.00363186
0.00376295
0.00386337
0.00393603
0.00398332
0.0040086
0.00401312
0.00399853
0.00396624
0.00391748
0.00385334
0.00377478
0.00368267
0.00357782
0.00346099
0.00329044
0.00304855
0.00278299
0.00249743
0.00220126
0.00189965
0.00159328
0.00126033
0.000929636
0.000666081
0.000534018
0.00047726
0.000431339
0.000378964
0.000320703
0.000262547
0.000208766
0.000160574
0.000114724
2.82229e-05
)
;
    }
    upperWall
    {
        type            nutkWallFunction;
        Cmu             0.09;
        kappa           0.41;
        E               9.8;
        value           uniform 0;
    }
    lowerWall
    {
        type            nutkWallFunction;
        Cmu             0.09;
        kappa           0.41;
        E               9.8;
        value           nonuniform List<scalar> 
163
(
0
0
0
0
0
0
0
0
0
0
0
0
0
0
0
0
0
0
0
0
0
0
0
0
0
0
0
0
0
0
0
0
0
0
0
0
0
0
0
0
0
0
4.46118e-07
0
0
0
0
0
0
0
0
0
0
0
0
0
0
0
0
0
0
0
0
5.54817e-07
4.20991e-07
2.54006e-07
7.5769e-07
1.08469e-06
1.46513e-06
1.81624e-06
2.17264e-06
2.51903e-06
2.8628e-06
3.20104e-06
3.53545e-06
3.86553e-06
4.19169e-06
4.51378e-06
4.8318e-06
5.14555e-06
5.45486e-06
5.75943e-06
6.05896e-06
6.35309e-06
6.64144e-06
6.92361e-06
7.19916e-06
7.46766e-06
7.72865e-06
7.98163e-06
8.22612e-06
8.46153e-06
8.68726e-06
8.90258e-06
9.10667e-06
9.29865e-06
9.47812e-06
9.64668e-06
9.80466e-06
9.95113e-06
1.00861e-05
1.02094e-05
1.03207e-05
1.04198e-05
1.05065e-05
1.05806e-05
1.06421e-05
1.06907e-05
1.07265e-05
1.07493e-05
1.07593e-05
1.07566e-05
1.07413e-05
1.07135e-05
1.0673e-05
1.06164e-05
1.05498e-05
1.04757e-05
1.03878e-05
1.02881e-05
1.01776e-05
1.00568e-05
9.92617e-06
9.78631e-06
9.63777e-06
9.48113e-06
9.31703e-06
9.14608e-06
8.96893e-06
8.78622e-06
8.5986e-06
8.40675e-06
8.2114e-06
8.01378e-06
7.82702e-06
7.70596e-06
7.59374e-06
7.48199e-06
7.36826e-06
7.25769e-06
7.13403e-06
7.02417e-06
6.66073e-06
6.83737e-06
6.87613e-06
6.85193e-06
6.78601e-06
6.69293e-06
6.58595e-06
6.46224e-06
6.32335e-06
6.17033e-06
6.00372e-06
5.82351e-06
5.62939e-06
5.42506e-06
5.20364e-06
4.97404e-06
4.74867e-06
4.45523e-06
4.31149e-06
3.92479e-06
3.92418e-06
)
;
    }
    frontAndBack
    {
        type            empty;
    }
}


// ************************************************************************* //
